,true_PSO4,true_PSO8,true_PSO12,true_PSO6,true_PSO11,true_PSO5,true_PSO1,true_PSO9,true_PSO7,true_PSO2,true_PSO3,true_PSO10,pred_PSO4,pred_PSO8,pred_PSO12,pred_PSO6,pred_PSO11,pred_PSO5,pred_PSO1,pred_PSO9,pred_PSO7,pred_PSO2,pred_PSO3,pred_PSO10
"-(1/(np.sin(2*np.pi*np.mean(np.sqrt(abs(array_x-8.584780551830736)), axis=1)*1.7164025051502971)))",0.9999629,0.95005864,0.0,0.99915814,0.918129,0.99786365,0.9991776,0.9993548,0.99942505,0.99989355,0.9992076,0.8145226,0.45363694,0.5555951,0.3048163,0.38192904,0.6271485,0.3797389,0.31991485,0.33329886,0.3329658,0.4504504,0.32056236,0.5683724
"-(8.96660478063373+np.round(np.mean(array_x, axis=1)))",0.0,1.0,1.0,0.41666666,1.0,0.6666667,1.0,0.6666667,0.6666667,0.5,0.6666667,1.0,0.45363694,0.5555951,0.3048163,0.38192904,0.6271485,0.3797389,0.31991485,0.33329886,0.3329658,0.4504504,0.32056236,0.5683724
"-(np.cos(2*np.pi*np.exp(np.sum(np.sin(2*np.pi*-(3.715496885727787)*array_x), axis=1))))",0.0568274,0.008850517,0.21111561,0.12633584,0.04432431,0.054776452,0.043087475,0.18334125,0.24850301,0.2461016,0.026580853,0.0067893127,0.45363694,0.5555951,0.3048163,0.38192904,0.6271485,0.3797389,0.31991485,0.33329886,0.3329658,0.4504504,0.32056236,0.5683724
"-(np.exp(np.mean(np.sin(2*np.pi*abs(array_x)), axis=1)+np.log(abs(-(6.00086217133056)))))",0.7351379,0.031962123,0.0,0.7077142,0.044620916,0.70597374,0.2612852,0.26061732,0.3037093,0.9954988,0.3808894,0.016562091,0.45363694,0.5555951,0.3048163,0.38192904,0.6271485,0.3797389,0.31991485,0.33329886,0.3329658,0.4504504,0.32056236,0.5683724
"-(np.log(abs(np.mean(np.square(2.555203725614887-array_x/np.sin(2*np.pi*np.log(abs(4.938622721357732)))+1.853737736007648*7.734285931281562-array_x), axis=1))))",0.0,0.9118238,0.29813853,0.0,0.80160755,0.0,1.2564446e-08,0.0,0.0,0.0,9.043145e-09,1.0,0.45363694,0.5555951,0.3048163,0.38192904,0.6271485,0.3797389,0.31991485,0.33329886,0.3329658,0.4504504,0.32056236,0.5683724
"-(np.log(abs(np.sqrt(abs(1/(8.491895039878111)-np.cos(2*np.pi*-(6.1010646457386235))-np.mean(np.exp(1.2390411335581657+array_x), axis=1))))))",0.045676064,0.85940343,0.5396648,0.059708912,0.8495387,0.11875938,0.14687505,0.05295916,0.1327783,0.14828369,0.11973006,0.93451077,0.45363694,0.5555951,0.3048163,0.38192904,0.6271485,0.3797389,0.31991485,0.33329886,0.3329658,0.4504504,0.32056236,0.5683724
"-(np.prod(array_x+9.326586917634268/9.049950209608488*array_x, axis=1)*np.sum(array_x*8.43734863579629-9.642893235396972/np.square(3.5652671481109133), axis=1))",6.7266296e-16,0.939722,0.024607249,1.4670437e-15,1.0,4.07389e-15,3.5847716e-08,4.300239e-16,5.562528e-16,1.4197816e-15,1.5567455e-08,0.9635285,0.45363694,0.5555951,0.3048163,0.38192904,0.6271485,0.3797389,0.31991485,0.33329886,0.3329658,0.4504504,0.32056236,0.5683724
"-(np.sqrt(abs(np.sin(2*np.pi*np.sin(2*np.pi*np.sqrt(abs(8.612785580274263))-np.sum(array_x, axis=1))))))",0.17901649,0.0653407,0.0,0.1241409,0.0945061,0.19272025,0.17427297,0.035326246,0.5658196,0.11950425,0.18830097,0.06294321,0.45363694,0.5555951,0.3048163,0.38192904,0.6271485,0.3797389,0.31991485,0.33329886,0.3329658,0.4504504,0.32056236,0.5683724
"-(np.sqrt(abs(np.sqrt(abs(np.sum(3.3614275859428004+(np.array(range(1, array_x.shape[1]+1)))*array_x-7.699890301625738, axis=1))))))-np.square(6.49911018860167)",0.0,0.7954531,0.20200075,0.0,0.9286261,1.2683072e-14,1.0382504e-06,0.0,0.0,0.0,2.9525694e-07,0.8564902,0.45363694,0.5555951,0.3048163,0.38192904,0.6271485,0.3797389,0.31991485,0.33329886,0.3329658,0.4504504,0.32056236,0.5683724
"-(np.sum(10*(9.414284766586267)+np.round(array_x-np.square(1.5895873295684249)), axis=1))",0.0,0.975,0.65,0.0,0.8117647,0.0,0.0,0.0,0.0,0.0,0.0,0.9444444,0.45363694,0.5555951,0.3048163,0.38192904,0.6271485,0.3797389,0.31991485,0.33329886,0.3329658,0.4504504,0.32056236,0.5683724
"-(np.sum(array_x+5.06052794360417, axis=1))-np.exp(np.mean(np.sin(2*np.pi*array_x), axis=1))+np.sin(2*np.pi*-(np.sum(array_x+8.207628686768787, axis=1))-np.exp(np.mean(np.sin(2*np.pi*array_x), axis=1)))",0.0,1.0,0.6985166,7.84266e-15,0.8367447,5.597328e-13,0.038639013,4.41953e-15,8.998835e-15,0.0,0.0359199,0.88025755,0.45363694,0.5555951,0.3048163,0.38192904,0.6271485,0.3797389,0.31991485,0.33329886,0.3329658,0.4504504,0.32056236,0.5683724
"1.725346217431885-np.sin(2*np.pi*np.sum(array_x/6.117220771858262, axis=1))",0.13510735,0.00010240415,1.5645676e-07,0.041696,3.164351e-05,0.05619959,0.22081727,0.0070491857,0.1425181,0.050311346,0.018406421,3.6438114e-06,0.45363694,0.5555951,0.3048163,0.38192904,0.6271485,0.3797389,0.31991485,0.33329886,0.3329658,0.4504504,0.32056236,0.5683724
"1.8298004136320631+np.amax(np.cos(2*np.pi*array_x), axis=1)/2.5551272000675893",0.9754807,0.2584227,0.0,0.7937006,0.1563422,0.7424833,0.30420244,0.23563671,0.2641752,1.0,0.39694145,0.22150165,0.45363694,0.5555951,0.3048163,0.38192904,0.6271485,0.3797389,0.31991485,0.33329886,0.3329658,0.4504504,0.32056236,0.5683724
"1/(7.3150634166054855+np.mean(np.sin(2*np.pi*array_x), axis=1))+10*(np.sin(2*np.pi*1/(2.069640057783503+np.mean(np.sin(2*np.pi*array_x), axis=1))))",0.6707466,1.86543e-10,6.268865e-11,0.052724034,7.0892185e-08,0.031859756,0.00034587822,0.00086828915,0.0032089197,0.14958474,0.002805534,4.2533078e-12,0.45363694,0.5555951,0.3048163,0.38192904,0.6271485,0.3797389,0.31991485,0.33329886,0.3329658,0.4504504,0.32056236,0.5683724
"1/(abs(9.920203869316945+np.mean(array_x, axis=1)*np.cos(2*np.pi*4.169376148639605)))",0.0,0.991812,0.32920665,0.0,0.78028685,0.0,7.533205e-09,0.0,0.0,0.0,3.528702e-09,0.9894422,0.45363694,0.5555951,0.3048163,0.38192904,0.6271485,0.3797389,0.31991485,0.33329886,0.3329658,0.4504504,0.32056236,0.5683724
"1/(np.exp(np.amax(abs(array_x), axis=1)-np.mean(np.exp(array_x), axis=1)-5.485539459849697))",0.0,0.56668645,0.10223254,0.0,0.8057522,0.0,2.8888723e-09,0.0,0.0,0.0,2.321638e-08,0.73727727,0.45363694,0.5555951,0.3048163,0.38192904,0.6271485,0.3797389,0.31991485,0.33329886,0.3329658,0.4504504,0.32056236,0.5683724
"1/(np.log(abs(np.prod(3.601884129420193*array_x/np.sqrt(abs(array_x))-array_x, axis=1)))+np.sin(2*np.pi*abs(8.328549618371834)))",0.5620697,0.46261248,0.0,0.20732684,0.3673372,0.093256645,0.0020565207,0.016590295,0.009729795,0.648434,0.004376142,0.44036496,0.45363694,0.5555951,0.3048163,0.38192904,0.6271485,0.3797389,0.31991485,0.33329886,0.3329658,0.4504504,0.32056236,0.5683724
"1/(np.mean(abs(2.936572320004161+np.square(array_x)), axis=1)-np.square(4.137771971428011))+np.sin(2*np.pi*1/(np.mean(abs(6.112331842322899+np.square(array_x)), axis=1)-np.square(5.9917518383998924)))",0.99997735,0.884439,0.46049118,0.99983627,0.9159734,0.9999769,0.99985963,0.99984145,0.9999065,0.99998105,0.99985355,0.77706325,0.45363694,0.5555951,0.3048163,0.38192904,0.6271485,0.3797389,0.31991485,0.33329886,0.3329658,0.4504504,0.32056236,0.5683724
"1/(np.mean(array_x+array_x-1.621688146301834, axis=1))",0.99996704,0.9909789,0.4774918,0.99991465,0.95667166,0.9999806,0.9999772,0.9999689,0.99982715,0.9999496,0.9999498,0.91108096,0.45363694,0.5555951,0.3048163,0.38192904,0.6271485,0.3797389,0.31991485,0.33329886,0.3329658,0.4504504,0.32056236,0.5683724
"1/(np.mean(np.cumsum(np.sin(2*np.pi*6.94411657912957-np.cos(2*np.pi*array_x)), axis=1), axis=1))",0.9998662,0.89280117,0.0,0.9923759,0.9588979,0.99425787,0.9953644,0.9950296,0.9963231,0.99909157,0.9899692,0.975199,0.45363694,0.5555951,0.3048163,0.38192904,0.6271485,0.3797389,0.31991485,0.33329886,0.3329658,0.4504504,0.32056236,0.5683724
"1/(np.mean(np.sqrt(abs(np.sqrt(abs(np.sqrt(abs(array_x))))))+4.559852403275656/7.774566791775114, axis=1))+np.sin(2*np.pi*1/(np.mean(np.sqrt(abs(np.sqrt(abs(np.sqrt(abs(array_x))))))+6.160209909409531/2.6426101436597977, axis=1)))",0.0,0.96388143,0.008209083,0.0,0.59811187,0.0,2.9800291e-09,0.0,0.0,0.0,3.3399112e-09,0.87712884,0.45363694,0.5555951,0.3048163,0.38192904,0.6271485,0.3797389,0.31991485,0.33329886,0.3329658,0.4504504,0.32056236,0.5683724
"1/(np.round(10*(np.cos(2*np.pi*8.9282868474752))+np.mean(array_x, axis=1)))",0.0,1.0,1.0,0.45833334,1.0,0.45833334,1.0,0.60858583,0.532197,0.45833334,0.532197,1.0,0.45363694,0.5555951,0.3048163,0.38192904,0.6271485,0.3797389,0.31991485,0.33329886,0.3329658,0.4504504,0.32056236,0.5683724
"1/(np.sqrt(abs(np.prod(9.137778444430486-array_x, axis=1)/9.42628128173898/10*(abs(np.cos(2*np.pi*np.square(5.094107200907278)))))))",0.0,0.825597,0.20849098,1.447943e-16,0.7912864,1.1150581e-16,5.176033e-09,0.0,4.7826124e-17,0.0,5.779246e-09,0.88782114,0.45363694,0.5555951,0.3048163,0.38192904,0.6271485,0.3797389,0.31991485,0.33329886,0.3329658,0.4504504,0.32056236,0.5683724
"1/(np.sum(2.737863624740629-array_x+np.round(6.400876150022076), axis=1))",0.0,0.99522597,0.25923294,0.0,0.9604926,0.0,1.3580181e-08,0.0,0.0,0.0,1.0709785e-08,0.9288248,0.45363694,0.5555951,0.3048163,0.38192904,0.6271485,0.3797389,0.31991485,0.33329886,0.3329658,0.4504504,0.32056236,0.5683724
"1/(np.sum(2.758439111115859/array_x, axis=1))",0.99994236,0.6754874,0.88585454,0.9998392,0.66954035,0.9998878,0.9974613,0.99946904,0.9984441,0.99983054,0.9999358,0.81380016,0.45363694,0.5555951,0.3048163,0.38192904,0.6271485,0.3797389,0.31991485,0.33329886,0.3329658,0.4504504,0.32056236,0.5683724
"1/(np.sum(4.995693499382096+array_x, axis=1)-np.mean(array_x-np.sqrt(abs(1.1622562612798935)), axis=1))",0.0,0.99081177,0.3074707,0.0,0.7631615,0.0,6.648262e-09,0.0,0.0,0.0,3.1784344e-09,0.98822045,0.45363694,0.5555951,0.3048163,0.38192904,0.6271485,0.3797389,0.31991485,0.33329886,0.3329658,0.4504504,0.32056236,0.5683724
"1/(np.sum(8.105142291066144-8.180261570004884-(np.array(range(1, array_x.shape[1]+1)))*array_x+(np.array(range(1, array_x.shape[1]+1)))*array_x+np.sqrt(abs((np.array(range(1, array_x.shape[1]+1)))*array_x)), axis=1))",0.0,1.0,0.03087325,0.0,0.74554044,0.0,1.673678e-08,0.0,0.0,0.0,1.3065746e-08,0.79414785,0.45363694,0.5555951,0.3048163,0.38192904,0.6271485,0.3797389,0.31991485,0.33329886,0.3329658,0.4504504,0.32056236,0.5683724
"1/(np.sum(array_x+1.7051911775817028, axis=1))",0.45938304,0.9532979,0.026457787,0.48112893,0.9118105,0.48212916,0.48456755,0.2003748,0.38108662,0.48786938,0.4603445,0.9904694,0.45363694,0.5555951,0.3048163,0.38192904,0.6271485,0.3797389,0.31991485,0.33329886,0.3329658,0.4504504,0.32056236,0.5683724
"10*(1.2297683331498965+np.square(np.mean(array_x, axis=1)))",0.17572527,3.0365473e-07,8.608417e-09,0.5624807,1.336218e-05,0.14634877,0.079558745,0.08215706,0.08445389,0.38248038,0.14202467,6.5722037e-07,0.45363694,0.5555951,0.3048163,0.38192904,0.6271485,0.3797389,0.31991485,0.33329886,0.3329658,0.4504504,0.32056236,0.5683724
"10*(1/(7.358997214437538-array_x[:,0]+9.226186376190753))-5.299147595427044/np.sum(4.567899427234636-array_x, axis=1)-3.807196923854282",0.98785967,0.99999994,0.9999964,0.96781886,0.99999964,0.7816197,0.9193302,0.8942608,0.9301297,0.98924536,0.93011373,1.0,0.45363694,0.5555951,0.3048163,0.38192904,0.6271485,0.3797389,0.31991485,0.33329886,0.3329658,0.4504504,0.32056236,0.5683724
"10*(1/(np.mean(10*(np.square(6.01668868338688+array_x)), axis=1)))",0.0,0.8907247,0.2664397,0.0,0.97310585,0.0,4.566902e-08,0.0,0.0,0.0,3.7220909e-09,0.805039,0.45363694,0.5555951,0.3048163,0.38192904,0.6271485,0.3797389,0.31991485,0.33329886,0.3329658,0.4504504,0.32056236,0.5683724
"10*(9.90345991738804*np.log(abs(np.sum(9.352873512107928/array_x+4.399329185758109, axis=1))))",0.91555136,0.34312746,0.0,0.82078165,0.49727938,0.80054003,0.83682066,0.8421868,0.8763215,0.86428654,0.79994893,0.2956617,0.45363694,0.5555951,0.3048163,0.38192904,0.6271485,0.3797389,0.31991485,0.33329886,0.3329658,0.4504504,0.32056236,0.5683724
"10*(np.cos(2*np.pi*np.sum(np.sqrt(abs(array_x/np.sin(2*np.pi*np.sqrt(abs(3.7271854618094804))))), axis=1)))+10*(9.33271509778051)",0.12519912,0.0063217683,6.395761e-06,0.057088874,0.059708383,0.2409744,0.22323519,0.6241847,0.024426222,0.09426099,0.031116933,0.0072309733,0.45363694,0.5555951,0.3048163,0.38192904,0.6271485,0.3797389,0.31991485,0.33329886,0.3329658,0.4504504,0.32056236,0.5683724
"10*(np.log(abs(np.mean(np.sqrt(abs(np.square(np.cos(2*np.pi*1.4673022418135035))+np.square(abs(4.8443878453388)*array_x))), axis=1))))",1.0,0.27707857,0.0075817686,0.29182982,0.3409673,0.25607434,0.0035369885,0.028975053,0.043294255,0.94537836,0.0,0.37521955,0.45363694,0.5555951,0.3048163,0.38192904,0.6271485,0.3797389,0.31991485,0.33329886,0.3329658,0.4504504,0.32056236,0.5683724
"10*(np.mean(3.48554585238704/np.square((np.array(range(1, array_x.shape[1]+1)))*array_x-9.622596772207135), axis=1))",0.028985197,0.7983492,0.15087749,2.1676486e-15,0.9081807,8.8554664e-16,6.153957e-09,0.034931675,0.0,0.0,0.03493168,0.69917953,0.45363694,0.5555951,0.3048163,0.38192904,0.6271485,0.3797389,0.31991485,0.33329886,0.3329658,0.4504504,0.32056236,0.5683724
"10*(np.mean(np.log(abs(array_x)), axis=1)/np.log(abs(5.804888643118046)))+4.445977106650348-np.exp(array_x[:,0])",0.95583385,0.22491464,0.21357198,0.8058424,0.40308776,0.7626662,0.5668186,0.6997615,0.7780778,0.9741482,0.5061121,0.0,0.45363694,0.5555951,0.3048163,0.38192904,0.6271485,0.3797389,0.31991485,0.33329886,0.3329658,0.4504504,0.32056236,0.5683724
"10*(np.sin(2*np.pi*-(np.sqrt(abs(np.sum(4.758093465102341*3.356097901318731+array_x/np.log(abs(np.log(abs(10*(2.054665905465513))))), axis=1))))))-np.sqrt(abs(np.sum(2.4302847897897975*9.376081271379563+array_x/np.log(abs(np.log(abs(10*(4.904266871947595))))), axis=1)))",0.54346424,0.5001286,0.4999977,0.03899236,7.609383e-07,0.99998146,0.6650283,0.69768345,0.60710853,0.5527928,0.051414747,8.664892e-06,0.45363694,0.5555951,0.3048163,0.38192904,0.6271485,0.3797389,0.31991485,0.33329886,0.3329658,0.4504504,0.32056236,0.5683724
"10*(np.sin(2*np.pi*-(np.square(np.cos(2*np.pi*2.864734214790186))*np.amax(array_x, axis=1))))-np.square(np.cos(2*np.pi*2.620128206997379))*np.amax(array_x, axis=1)",0.3779739,0.99960834,0.99943745,0.5683386,0.99960834,0.9995419,0.99960834,0.4997459,0.9996266,0.5898308,1.6362789e-06,0.99943745,0.45363694,0.5555951,0.3048163,0.38192904,0.6271485,0.3797389,0.31991485,0.33329886,0.3329658,0.4504504,0.32056236,0.5683724
"10*(np.sqrt(abs(np.mean(np.round(np.sin(2*np.pi*abs(9.947468005219324))-np.square(4.5786925014348+(np.array(range(1, array_x.shape[1]+1)))*array_x*(np.array(range(1, array_x.shape[1]+1)))*array_x/8.826549836525931)), axis=1))))",0.72056234,0.3082976,0.14052923,0.122591004,0.58329046,0.100696206,0.0,0.021405647,0.022693895,0.6832624,0.0,0.5775247,0.45363694,0.5555951,0.3048163,0.38192904,0.6271485,0.3797389,0.31991485,0.33329886,0.3329658,0.4504504,0.32056236,0.5683724
"10*(np.sqrt(abs(np.sin(2*np.pi*np.exp(np.sqrt(abs(1.9743839315872562))))/np.mean(np.exp(array_x), axis=1))))",0.0346148,0.8309308,0.4909163,0.048490737,0.8239166,0.09612395,0.12548755,0.041822515,0.10713859,0.12673579,0.09777419,0.9214577,0.45363694,0.5555951,0.3048163,0.38192904,0.6271485,0.3797389,0.31991485,0.33329886,0.3329658,0.4504504,0.32056236,0.5683724
"10*(np.sqrt(abs(np.sum(np.sqrt(abs(6.499486235280583))*array_x-7.193831784759095/array_x+1.7022023245505031, axis=1))))",0.6616746,0.031636275,0.005721371,0.7590353,0.15904538,0.39742187,0.61175317,0.3513251,0.3488594,0.4246825,0.40644288,0.083638705,0.45363694,0.5555951,0.3048163,0.38192904,0.6271485,0.3797389,0.31991485,0.33329886,0.3329658,0.4504504,0.32056236,0.5683724
"10*(np.square(5.250659184941008)*np.sqrt(abs(np.sqrt(abs(np.sum(array_x+8.047973431817901/(np.array(range(1, array_x.shape[1]+1))), axis=1))))))",0.9408245,0.0,0.04400954,0.61635506,0.08825016,0.77742714,0.64550984,0.792942,0.5645313,0.8682514,0.72658455,0.055044636,0.45363694,0.5555951,0.3048163,0.38192904,0.6271485,0.3797389,0.31991485,0.33329886,0.3329658,0.4504504,0.32056236,0.5683724
"10*(np.sum(np.log(abs(array_x))*np.sqrt(abs(9.964976320954541)), axis=1))",1.0,0.13985719,0.34328678,0.82687294,0.42093477,0.89699686,0.60690856,0.74410135,0.6421058,0.9423423,0.62849087,0.0,0.45363694,0.5555951,0.3048163,0.38192904,0.6271485,0.3797389,0.31991485,0.33329886,0.3329658,0.4504504,0.32056236,0.5683724
"2.0691563983423347/10*(np.mean(array_x, axis=1))*4.472831481705976+10*(np.sin(2*np.pi*5.189013362295053/10*(np.mean(array_x, axis=1))*1.6676512644759554))",0.2503619,0.9999814,0.99994063,0.00017399118,0.99994063,0.004920095,0.74995786,0.99994063,0.99999404,2.7147884e-05,0.9999421,0.9999818,0.45363694,0.5555951,0.3048163,0.38192904,0.6271485,0.3797389,0.31991485,0.33329886,0.3329658,0.4504504,0.32056236,0.5683724
"2.6333757161713485-np.prod(np.square(array_x), axis=1)",9.2865e-16,0.97931325,0.05877399,5.817384e-15,0.8893906,9.412163e-15,6.2260126e-09,8.5676017e-16,8.408994e-16,3.0723988e-15,1.9217024e-08,0.9998866,0.45363694,0.5555951,0.3048163,0.38192904,0.6271485,0.3797389,0.31991485,0.33329886,0.3329658,0.4504504,0.32056236,0.5683724
"2.636366518853077-np.cos(2*np.pi*np.prod(array_x, axis=1))-np.mean(array_x, axis=1)/2.7365412789411367+np.sin(2*np.pi*2.1839035271605507-np.cos(2*np.pi*np.prod(array_x, axis=1))-np.mean(array_x, axis=1)/6.8788911798687105)",0.0,1.0,0.9182172,0.2563088,0.8798842,0.19570017,0.33403423,0.09945622,0.20527475,0.12228742,0.30309522,0.9108073,0.45363694,0.5555951,0.3048163,0.38192904,0.6271485,0.3797389,0.31991485,0.33329886,0.3329658,0.4504504,0.32056236,0.5683724
"2.9255369778537195+np.square(np.prod(array_x, axis=1))*np.mean(array_x+5.858766329028573, axis=1)+8.383381378954407",1.0,0.0,0.0,0.0,0.0,0.0,0.0,0.0,0.0,0.0,0.0,0.0,0.45363694,0.5555951,0.3048163,0.38192904,0.6271485,0.3797389,0.31991485,0.33329886,0.3329658,0.4504504,0.32056236,0.5683724
"3.029960405101962*np.square(np.sin(2*np.pi*np.mean(np.exp(array_x-7.345216243455569), axis=1)))",1.3024731e-18,0.4479259,0.010911369,2.7269767e-18,1.0,3.0006769e-18,2.2584559e-10,6.017268e-18,5.275375e-18,0.0,1.3378159e-09,0.7991251,0.45363694,0.5555951,0.3048163,0.38192904,0.6271485,0.3797389,0.31991485,0.33329886,0.3329658,0.4504504,0.32056236,0.5683724
"3.202475354292209-6.187473051089541/9.240548015244588-np.sum(array_x, axis=1)+np.sin(2*np.pi*1.2542339702513745-6.486732281097695/7.639384279144161-np.sum(array_x, axis=1))",0.0,0.99552464,0.3277141,1.037923e-15,0.71350545,0.0,1.3140788e-08,5.2888303e-16,1.0950892e-15,0.0,5.8505547e-09,0.994047,0.45363694,0.5555951,0.3048163,0.38192904,0.6271485,0.3797389,0.31991485,0.33329886,0.3329658,0.4504504,0.32056236,0.5683724
"3.3338817407856256*abs(9.520818434594764)+np.prod(array_x+8.911397485612628/array_x, axis=1)",1.0,0.86180013,0.0,1.0,0.99999994,1.0,1.0,1.0,1.0,1.0,1.0,0.99161166,0.45363694,0.5555951,0.3048163,0.38192904,0.6271485,0.3797389,0.31991485,0.33329886,0.3329658,0.4504504,0.32056236,0.5683724
"3.706214862807953-np.sqrt(abs(np.sum(1/(np.sin(2*np.pi*np.square(array_x*array_x))), axis=1)))",1.0,0.0,0.99999994,1.0,1.0,1.0,1.0,1.0,1.0,1.0,1.0,0.99998695,0.45363694,0.5555951,0.3048163,0.38192904,0.6271485,0.3797389,0.31991485,0.33329886,0.3329658,0.4504504,0.32056236,0.5683724
"3.863159463611093/np.sum(array_x, axis=1)-2.336365230976341-np.amax(array_x+array_x+9.069985363710016, axis=1)",0.999475,0.9277695,0.0,0.9983987,0.9706188,0.9996933,0.9998021,0.9986515,0.9986965,0.99989396,0.9975658,0.97729844,0.45363694,0.5555951,0.3048163,0.38192904,0.6271485,0.3797389,0.31991485,0.33329886,0.3329658,0.4504504,0.32056236,0.5683724
"4.2595116953742+np.mean(array_x, axis=1)-np.sin(2*np.pi*6.060439192256779)+10*(np.sin(2*np.pi*2.7249678545242944+np.mean(array_x, axis=1)-np.sin(2*np.pi*2.248924455990226)))",0.41074225,1.6564809e-07,0.0,0.23756528,4.317506e-06,0.1914868,0.06963097,0.08966079,0.02880327,0.16509323,0.04688705,1.4083789e-06,0.45363694,0.5555951,0.3048163,0.38192904,0.6271485,0.3797389,0.31991485,0.33329886,0.3329658,0.4504504,0.32056236,0.5683724
"4.370104481195792+np.amax(np.round(np.cos(2*np.pi*3.415248582340174+array_x)), axis=1)",0.0,0.0,1.0,0.75,0.25,0.75,0.0,0.75,0.75,0.5,0.25,0.0,0.45363694,0.5555951,0.3048163,0.38192904,0.6271485,0.3797389,0.31991485,0.33329886,0.3329658,0.4504504,0.32056236,0.5683724
"4.50223922817088-np.sum(np.exp(5.017770280732983+np.cumsum(array_x, axis=1)), axis=1)",0.0,1.0,0.9990806,1.4296805e-14,0.99999696,0.0,2.0180183e-07,6.978204e-15,3.4891024e-15,0.0,1.8356194e-06,1.0,0.45363694,0.5555951,0.3048163,0.38192904,0.6271485,0.3797389,0.31991485,0.33329886,0.3329658,0.4504504,0.32056236,0.5683724
"4.612588027171983+np.square(np.sum(abs(5.026373963425341+np.square(np.sin(2*np.pi*1.1759985595179123+array_x))), axis=1))+np.sin(2*np.pi*6.093416948477534+np.square(np.sum(abs(5.434165337023685+np.square(np.sin(2*np.pi*1.7727367491247135+array_x))), axis=1)))",0.9835078,0.054744802,0.005993196,0.17770702,0.15302587,0.24871834,0.0070417654,0.05304959,0.050865836,0.99184924,0.014055936,0.059145316,0.45363694,0.5555951,0.3048163,0.38192904,0.6271485,0.3797389,0.31991485,0.33329886,0.3329658,0.4504504,0.32056236,0.5683724
"4.841277350932712-np.sum(array_x, axis=1)-2.8964875804825807+np.sin(2*np.pi*4.803599295585656-np.sum(array_x, axis=1)-2.0064194992084903)",0.0,0.999974,0.35978922,0.0,0.8291866,0.0,1.1490544e-10,0.0,0.0,0.0,5.35794e-11,0.9972825,0.45363694,0.5555951,0.3048163,0.38192904,0.6271485,0.3797389,0.31991485,0.33329886,0.3329658,0.4504504,0.32056236,0.5683724
"4.899656991800136-np.sin(2*np.pi*np.sum((np.array(range(1, array_x.shape[1]+1)))*array_x, axis=1))",0.017577872,0.017875748,0.018857967,0.47184497,0.010201839,0.006303402,0.21391118,0.047832564,0.07043688,0.02328404,0.059876986,0.07133056,0.45363694,0.5555951,0.3048163,0.38192904,0.6271485,0.3797389,0.31991485,0.33329886,0.3329658,0.4504504,0.32056236,0.5683724
"4.984141190467682*np.exp(np.sum(8.656807320363317+np.sqrt(abs(array_x)), axis=1))",0.9224137,0.10361814,0.00944275,0.1453417,0.11674413,0.20724134,0.0047870874,0.03774339,0.04494369,1.0,0.0018013606,0.09964463,0.45363694,0.5555951,0.3048163,0.38192904,0.6271485,0.3797389,0.31991485,0.33329886,0.3329658,0.4504504,0.32056236,0.5683724
"5.0549138590372555+np.mean(-(np.round(np.sin(2*np.pi*np.square(np.log(abs(array_x)))))), axis=1)/7.254581166740985",0.0,0.0,0.0,0.0,1.0,0.0,0.0,0.0,0.0,1.0,0.0,0.0,0.45363694,0.5555951,0.3048163,0.38192904,0.6271485,0.3797389,0.31991485,0.33329886,0.3329658,0.4504504,0.32056236,0.5683724
"5.207275651291532-np.mean(np.square(np.log(abs(array_x/4.73020830929912))*6.688996672228056), axis=1)/np.cos(2*np.pi*7.343880594174649)",0.00330115,0.9198703,0.0045441384,0.00092296314,0.51973075,0.0007081579,3.3343702e-05,0.00012338783,0.0003807991,0.0047828606,0.0,0.95010954,0.45363694,0.5555951,0.3048163,0.38192904,0.6271485,0.3797389,0.31991485,0.33329886,0.3329658,0.4504504,0.32056236,0.5683724
"5.3864511959421755-np.sum(np.sqrt(abs(array_x)), axis=1)+10*(np.sin(2*np.pi*2.5805238086094766-np.sum(np.sqrt(abs(array_x)), axis=1)))",0.28440765,1.15379905e-07,0.0,0.061234683,1.6377342e-07,0.04849355,0.0055810516,0.009686832,0.014537917,0.5479233,0.015804065,8.96631e-09,0.45363694,0.5555951,0.3048163,0.38192904,0.6271485,0.3797389,0.31991485,0.33329886,0.3329658,0.4504504,0.32056236,0.5683724
"5.454042669859773*np.mean(np.exp(np.round(2.8980329526212607)*array_x), axis=1)+np.sin(2*np.pi*5.7745384081602715*np.mean(np.exp(np.round(9.4904973007752)*array_x), axis=1))",0.016409643,0.3694782,0.011304052,0.007965208,0.48908132,0.0072857016,7.042177e-06,0.002413925,0.0013491304,0.0076395543,3.191373e-06,0.6899832,0.45363694,0.5555951,0.3048163,0.38192904,0.6271485,0.3797389,0.31991485,0.33329886,0.3329658,0.4504504,0.32056236,0.5683724
"5.48865479543405+np.mean(array_x, axis=1)+10*(np.sin(2*np.pi*5.435600084119994+np.mean(array_x, axis=1)))",0.051601462,2.47752e-08,9.166134e-10,0.02847088,1.6769912e-06,0.21566255,0.032787427,0.0051199174,0.038968373,0.21469332,0.03277697,8.367461e-08,0.45363694,0.5555951,0.3048163,0.38192904,0.6271485,0.3797389,0.31991485,0.33329886,0.3329658,0.4504504,0.32056236,0.5683724
"5.65689025905293/np.sum(abs(np.sin(2*np.pi*np.square(array_x)))*4.388613170329208, axis=1)-np.mean(array_x, axis=1)-1.2514209786213204",0.01404243,1.0,0.37738076,0.00577799,0.80828923,0.005183924,0.0007016247,0.0029394529,0.008656811,0.023540983,0.0,0.89898634,0.45363694,0.5555951,0.3048163,0.38192904,0.6271485,0.3797389,0.31991485,0.33329886,0.3329658,0.4504504,0.32056236,0.5683724
"5.6993742264825284/np.prod(array_x, axis=1)-np.sqrt(abs(6.035058962522362))+1.485759404044337",1.0,0.99907726,0.9941401,1.0,1.0,1.0,1.0,1.0,1.0,1.0,1.0,0.9999956,0.45363694,0.5555951,0.3048163,0.38192904,0.6271485,0.3797389,0.31991485,0.33329886,0.3329658,0.4504504,0.32056236,0.5683724
"5.762834233603408+np.square(np.sum(np.sqrt(abs((np.array(range(1, array_x.shape[1]+1)))/4.741988545707255-array_x-np.round(4.4253539638369865))), axis=1))",0.37726772,0.5094828,0.1483724,0.14348482,0.9858035,0.12967648,0.0050142505,0.077406265,0.07079598,0.38354138,0.0045374217,0.6801966,0.45363694,0.5555951,0.3048163,0.38192904,0.6271485,0.3797389,0.31991485,0.33329886,0.3329658,0.4504504,0.32056236,0.5683724
"5.951686143362881/array_x[:,0]+8.57354034143656/abs(np.sqrt(abs(3.116182462225367))+np.mean(array_x, axis=1))/8.863753565650079",1.0,0.24780767,0.9896297,1.0,0.9999319,1.0,1.0,1.0,1.0,1.0,1.0,0.17553617,0.45363694,0.5555951,0.3048163,0.38192904,0.6271485,0.3797389,0.31991485,0.33329886,0.3329658,0.4504504,0.32056236,0.5683724
"6.207161932244222+np.mean((np.array(range(1, array_x.shape[1]+1)))*9.583253772343491/array_x, axis=1)",1.0,0.99955434,0.0,1.0,0.9997567,1.0,0.99999756,0.99999994,1.0,1.0,0.9999984,0.9783405,0.45363694,0.5555951,0.3048163,0.38192904,0.6271485,0.3797389,0.31991485,0.33329886,0.3329658,0.4504504,0.32056236,0.5683724
"6.3186841664002-abs(np.square(np.log(abs(np.mean(array_x-3.4375224646102485, axis=1)))))",0.0,0.9956975,0.27881655,1.5497908e-15,0.96395826,6.920106e-16,1.47638515e-08,6.920106e-16,0.0,0.0,1.16697985e-08,0.9352132,0.45363694,0.5555951,0.3048163,0.38192904,0.6271485,0.3797389,0.31991485,0.33329886,0.3329658,0.4504504,0.32056236,0.5683724
"6.419162196603271+np.cos(2*np.pi*np.sum(array_x, axis=1))",0.18963341,0.0074482234,0.0011768294,0.058640875,0.008903401,0.07025917,0.58471364,0.15944536,0.20340437,0.21386594,0.080418594,0.110114455,0.45363694,0.5555951,0.3048163,0.38192904,0.6271485,0.3797389,0.31991485,0.33329886,0.3329658,0.4504504,0.32056236,0.5683724
"6.502548985504743*np.sin(2*np.pi*np.sum(np.sqrt(abs(array_x)), axis=1))",0.017944343,0.006359895,8.150007e-05,0.28478113,0.0001253064,0.11253234,0.029315865,0.041929245,0.079435796,0.03513458,0.02230072,0.0027679743,0.45363694,0.5555951,0.3048163,0.38192904,0.6271485,0.3797389,0.31991485,0.33329886,0.3329658,0.4504504,0.32056236,0.5683724
"6.739929098108037-np.prod(array_x*9.064527428784023, axis=1)",0.0,0.9860189,0.12010529,1.8365464e-15,0.8610462,2.0881507e-15,3.9854946e-09,9.392446e-16,9.37289e-16,4.70134e-16,1.7669356e-08,1.0,0.45363694,0.5555951,0.3048163,0.38192904,0.6271485,0.3797389,0.31991485,0.33329886,0.3329658,0.4504504,0.32056236,0.5683724
"6.765865979859481+np.prod(array_x-6.82033557897633, axis=1)",3.0902971e-18,0.98606706,0.027569016,1.7134363e-17,0.37379855,2.9164103e-18,3.0362756e-08,1.3639223e-17,2.6476579e-17,3.7671737e-18,1.6720193e-09,0.71255296,0.45363694,0.5555951,0.3048163,0.38192904,0.6271485,0.3797389,0.31991485,0.33329886,0.3329658,0.4504504,0.32056236,0.5683724
"6.850088267845278+np.sum(np.cos(2*np.pi*8.067670861119215+array_x), axis=1)",0.6448689,0.46815023,0.00060672604,0.112393625,0.3639031,0.18152283,0.005931584,0.018070456,0.02169123,0.8577615,0.005784908,0.19763139,0.45363694,0.5555951,0.3048163,0.38192904,0.6271485,0.3797389,0.31991485,0.33329886,0.3329658,0.4504504,0.32056236,0.5683724
"6.957460146068545/np.mean(array_x, axis=1)+np.sin(2*np.pi*5.868765214985758/np.mean(array_x, axis=1))",0.9997118,0.6178621,0.0,0.9992399,0.97037905,0.9998736,0.9996254,0.9992107,0.99824744,0.9998215,0.99883115,0.99285275,0.45363694,0.5555951,0.3048163,0.38192904,0.6271485,0.3797389,0.31991485,0.33329886,0.3329658,0.4504504,0.32056236,0.5683724
"6.969967014167827*np.sqrt(abs(np.exp(9.08014779810888)))+np.mean(array_x, axis=1)+10*(np.sin(2*np.pi*8.166005000320123*np.sqrt(abs(np.exp(2.1803914584783723)))+np.mean(array_x, axis=1)))",0.042122405,7.2411893e-07,0.0,0.27137482,3.5236272e-07,0.08844973,0.0047215885,0.0036364365,0.009489175,0.02014631,0.0066579264,2.1114373e-07,0.45363694,0.5555951,0.3048163,0.38192904,0.6271485,0.3797389,0.31991485,0.33329886,0.3329658,0.4504504,0.32056236,0.5683724
"7.278317961403142+np.sum(np.square(1/(np.exp(np.round(5.787319641899022-array_x))+1.6060783776974994)), axis=1)",0.0,0.30956024,0.13608441,0.0,1.0,0.0,0.0,0.0,0.0,0.0,0.0,0.2896248,0.45363694,0.5555951,0.3048163,0.38192904,0.6271485,0.3797389,0.31991485,0.33329886,0.3329658,0.4504504,0.32056236,0.5683724
"7.4818114798819115/abs(np.sum(array_x, axis=1))*3.8429517730832536+1/(3.383834551787557)",0.0,0.7897022,0.21799192,0.0,0.85025865,0.0,3.8625434e-08,0.0,0.0,0.0,9.470145e-09,0.9643779,0.45363694,0.5555951,0.3048163,0.38192904,0.6271485,0.3797389,0.31991485,0.33329886,0.3329658,0.4504504,0.32056236,0.5683724
"7.573701148062035+10*(8.161639219603817/10*(np.amax(np.sin(2*np.pi*array_x), axis=1)))+np.square(3.1572481620810757)",0.923886,0.09567041,0.0,0.74626166,0.4197557,0.86120874,0.30495864,0.23227,0.51545024,0.8761462,0.3389348,0.21340416,0.45363694,0.5555951,0.3048163,0.38192904,0.6271485,0.3797389,0.31991485,0.33329886,0.3329658,0.4504504,0.32056236,0.5683724
"7.9631112279980885+10*(np.amax(np.cos(2*np.pi*np.cos(2*np.pi*array_x)), axis=1))",0.88166493,0.48295915,0.0,0.6941768,0.51654553,0.86562145,0.57748544,0.72306275,0.6364194,0.88759595,0.75543016,0.5504883,0.45363694,0.5555951,0.3048163,0.38192904,0.6271485,0.3797389,0.31991485,0.33329886,0.3329658,0.4504504,0.32056236,0.5683724
"8.249374767296816+np.log(abs(np.sum((np.array(range(1, array_x.shape[1]+1)))*array_x, axis=1)))",0.928519,0.30865487,0.043557726,0.9240722,0.18209906,0.910307,0.9065649,0.7689802,0.84020287,0.8548972,0.88019013,0.35014173,0.45363694,0.5555951,0.3048163,0.38192904,0.6271485,0.3797389,0.31991485,0.33329886,0.3329658,0.4504504,0.32056236,0.5683724
"8.330254135973266/np.log(abs(np.sum(np.square(9.996836486167803*array_x), axis=1)))",0.0,0.83391064,0.16916363,0.0,0.7659965,6.8989495e-15,5.110142e-09,0.0,0.0,0.0,9.637742e-09,0.87904996,0.45363694,0.5555951,0.3048163,0.38192904,0.6271485,0.3797389,0.31991485,0.33329886,0.3329658,0.4504504,0.32056236,0.5683724
"8.631189948184934+np.square(np.amax(np.exp(array_x+6.207217840605207), axis=1))+10*(np.sin(2*np.pi*5.7237502514057494+np.square(np.amax(np.exp(array_x+5.44843311634128), axis=1))))",3.5042728e-12,0.8958491,0.20267558,2.451535e-06,0.82487553,2.451517e-06,3.7046061e-06,2.4515252e-06,2.4515164e-06,2.8752973e-09,6.6100465e-06,0.94324434,0.45363694,0.5555951,0.3048163,0.38192904,0.6271485,0.3797389,0.31991485,0.33329886,0.3329658,0.4504504,0.32056236,0.5683724
"8.855176222704/np.sum(abs(6.123590565147748/array_x), axis=1)-8.434209613836373",1.0,0.0,2.8973113e-09,0.27953112,1.7132714e-07,0.13223895,0.006834792,0.039144523,0.08430974,0.4659959,0.0034255632,3.3870818e-12,0.45363694,0.5555951,0.3048163,0.38192904,0.6271485,0.3797389,0.31991485,0.33329886,0.3329658,0.4504504,0.32056236,0.5683724
"8.863649599976062/array_x[:,0]*np.mean(array_x, axis=1)",1.0,0.005597062,0.99601644,1.0,0.99978715,1.0,0.99999994,1.0,1.0,1.0,0.99999994,0.049207754,0.45363694,0.5555951,0.3048163,0.38192904,0.6271485,0.3797389,0.31991485,0.33329886,0.3329658,0.4504504,0.32056236,0.5683724
"9.206366161782356-abs(np.round(np.sum(array_x, axis=1)/1.8065523003361927))",0.0,0.96428573,0.6291209,0.0,0.8745098,0.0,0.071428575,0.03125,0.0,0.0,0.071428575,1.0,0.45363694,0.5555951,0.3048163,0.38192904,0.6271485,0.3797389,0.31991485,0.33329886,0.3329658,0.4504504,0.32056236,0.5683724
"9.387092205580988+array_x[:,0]-1/(np.prod((np.array(range(1, array_x.shape[1]+1)))+7.994518049829974-np.exp(array_x), axis=1))",1.0,0.87391734,0.9997668,0.99999994,0.999845,1.0,0.9999999,0.99999994,0.99999875,1.0,0.9999999,0.9999998,0.45363694,0.5555951,0.3048163,0.38192904,0.6271485,0.3797389,0.31991485,0.33329886,0.3329658,0.4504504,0.32056236,0.5683724
"9.619639952975856-np.mean(np.square((np.array(range(1, array_x.shape[1]+1)))*array_x)/(np.array(range(1, array_x.shape[1]+1)))*array_x, axis=1)",0.0,1.0,0.60504925,3.5439645e-14,0.889138,5.6782968e-14,0.13631721,4.104425e-14,2.3241248e-13,2.6723582e-15,0.035821166,0.9338453,0.45363694,0.5555951,0.3048163,0.38192904,0.6271485,0.3797389,0.31991485,0.33329886,0.3329658,0.4504504,0.32056236,0.5683724
"9.676648651443916+np.sin(2*np.pi*np.mean(array_x, axis=1))*5.13884004813691",0.19824684,8.730235e-06,0.0,0.040145427,7.0600813e-06,0.47399455,0.061461933,0.0061135576,0.005435497,0.060242765,0.57388204,6.516176e-05,0.45363694,0.5555951,0.3048163,0.38192904,0.6271485,0.3797389,0.31991485,0.33329886,0.3329658,0.4504504,0.32056236,0.5683724
"abs(10*(np.prod(np.sin(2*np.pi*array_x*np.square(8.258027075275205)), axis=1)))",0.043567784,0.2141072,8.0785634e-05,0.046397004,0.02488937,0.09184914,0.29480535,0.016029509,0.012774411,0.03051002,0.07419549,0.033331208,0.45363694,0.5555951,0.3048163,0.38192904,0.6271485,0.3797389,0.31991485,0.33329886,0.3329658,0.4504504,0.32056236,0.5683724
"abs(5.127286662457475)+np.sum(1.6920107396872186+np.sqrt(abs(array_x+3.6522668896901647)), axis=1)+np.sin(2*np.pi*abs(3.93976400489525)+np.sum(1.6527805540580174+np.sqrt(abs(array_x+1.6999363307598394)), axis=1))",0.3264448,0.80018324,0.68454033,0.1594722,0.97404593,0.16951317,0.070912704,0.112121254,0.11861573,0.34477907,0.024272736,0.85972357,0.45363694,0.5555951,0.3048163,0.38192904,0.6271485,0.3797389,0.31991485,0.33329886,0.3329658,0.4504504,0.32056236,0.5683724
"abs(np.amax(1.4530003929916342-(np.array(range(1, array_x.shape[1]+1)))*array_x, axis=1)+5.71856435628086+np.sqrt(abs(np.sum(5.14986185716949/(np.array(range(1, array_x.shape[1]+1)))+(np.array(range(1, array_x.shape[1]+1)))*array_x, axis=1))))",0.6119036,0.5053168,0.32743767,0.36817616,0.8727786,0.2919557,0.038702376,0.15053096,0.3393531,0.786409,0.24649079,0.71942747,0.45363694,0.5555951,0.3048163,0.38192904,0.6271485,0.3797389,0.31991485,0.33329886,0.3329658,0.4504504,0.32056236,0.5683724
"abs(np.cos(2*np.pi*np.sum(5.548832317518629*array_x, axis=1)))+np.log(abs(np.sin(2*np.pi*np.sqrt(abs(7.097117317099204)))))",0.068391934,0.049611073,0.3866341,0.21451668,0.287714,0.10977413,0.5460008,0.2713036,0.4149474,0.13624348,0.23846425,0.37206566,0.45363694,0.5555951,0.3048163,0.38192904,0.6271485,0.3797389,0.31991485,0.33329886,0.3329658,0.4504504,0.32056236,0.5683724
"abs(np.mean(5.864620092845726+array_x*7.034564357095528, axis=1))*3.0877200796539204",0.92846614,0.002462785,1.8380792e-05,0.14044912,0.0007478275,0.26275432,0.26278612,0.21304095,0.12651958,0.27115893,0.101201415,0.0006740356,0.45363694,0.5555951,0.3048163,0.38192904,0.6271485,0.3797389,0.31991485,0.33329886,0.3329658,0.4504504,0.32056236,0.5683724
"abs(np.prod(6.377615756984854+np.sqrt(abs(array_x-np.round(9.718110849266278))), axis=1))",0.0,1.0,0.23665231,1.7286013e-16,0.84722763,0.0,3.4877306e-08,1.9739048e-16,1.3007042e-15,0.0,1.9631527e-08,0.94423276,0.45363694,0.5555951,0.3048163,0.38192904,0.6271485,0.3797389,0.31991485,0.33329886,0.3329658,0.4504504,0.32056236,0.5683724
"abs(np.prod(abs((np.array(range(1, array_x.shape[1]+1)))*array_x)+2.077563101388346+(np.array(range(1, array_x.shape[1]+1)))*array_x, axis=1))",0.030303031,0.834596,0.65815413,0.18813132,1.0,0.2708578,0.35104424,0.3566066,0.39264068,0.15656565,0.4253819,0.9045454,0.45363694,0.5555951,0.3048163,0.38192904,0.6271485,0.3797389,0.31991485,0.33329886,0.3329658,0.4504504,0.32056236,0.5683724
"abs(np.prod(np.sin(2*np.pi*8.168275012829856/array_x), axis=1))+np.sin(2*np.pi*abs(np.prod(np.sin(2*np.pi*6.236107967367634/array_x), axis=1)))",0.99998814,0.26445478,0.5074256,0.7662419,0.91729224,0.825015,0.92927337,0.45428535,0.99998826,0.58126175,0.92676425,0.03583916,0.45363694,0.5555951,0.3048163,0.38192904,0.6271485,0.3797389,0.31991485,0.33329886,0.3329658,0.4504504,0.32056236,0.5683724
"abs(np.prod(np.sin(2*np.pi*np.square(9.91510037924633-array_x)), axis=1)-np.round(np.square(np.round(6.931528727807527))))",0.72674996,0.7293216,0.05872334,0.709339,0.6814343,0.6299303,0.62758636,0.78872526,0.68026423,0.63970286,0.4086695,0.5590404,0.45363694,0.5555951,0.3048163,0.38192904,0.6271485,0.3797389,0.31991485,0.33329886,0.3329658,0.4504504,0.32056236,0.5683724
"abs(np.prod(np.sqrt(abs(array_x-1.7861014557290933)), axis=1))+10*(np.sin(2*np.pi*abs(np.prod(np.sqrt(abs(array_x-7.915068895112274)), axis=1))))",0.33256277,0.09279736,0.07984349,0.16407064,0.11888618,0.3579869,0.07399703,0.09850066,0.08063122,0.25341058,0.14793122,0.19341674,0.45363694,0.5555951,0.3048163,0.38192904,0.6271485,0.3797389,0.31991485,0.33329886,0.3329658,0.4504504,0.32056236,0.5683724
"abs(np.sin(2*np.pi*np.log(abs(-(np.mean(array_x, axis=1)/4.521515077668371))))+np.log(abs(2.066750465818668)))*1.326836653848256",0.5108777,0.24418363,0.0075011477,0.53955543,0.0022121381,0.505596,0.48676494,0.31226873,0.22728942,0.3553823,0.26320332,0.080605365,0.45363694,0.5555951,0.3048163,0.38192904,0.6271485,0.3797389,0.31991485,0.33329886,0.3329658,0.4504504,0.32056236,0.5683724
"abs(np.square(np.sin(2*np.pi*np.prod(np.sin(2*np.pi*9.154227567446867)*-(array_x+8.985228555584825)-array_x--(array_x)/1.2337991705297435, axis=1))))",0.41072747,0.34353572,0.008219609,0.10245219,0.056879826,0.022865932,0.15046543,0.025899787,0.077765845,0.07950547,0.04451549,0.18164392,0.45363694,0.5555951,0.3048163,0.38192904,0.6271485,0.3797389,0.31991485,0.33329886,0.3329658,0.4504504,0.32056236,0.5683724
"abs(np.sum(abs(3.1479716072583264+7.359710854177316/(np.array(range(1, array_x.shape[1]+1)))-array_x)+np.log(abs(-(array_x)*5.707711667924693)), axis=1))",1.0,0.0,0.24101587,0.89563906,0.36663973,0.8898507,0.6089493,0.8088488,0.79869974,0.9656804,0.62964404,0.09188238,0.45363694,0.5555951,0.3048163,0.38192904,0.6271485,0.3797389,0.31991485,0.33329886,0.3329658,0.4504504,0.32056236,0.5683724
"abs(np.sum(np.sin(2*np.pi*np.log(abs(4.641459744267939))+np.sqrt(abs(array_x))), axis=1))",0.9064625,0.67367774,0.31137133,0.6559196,0.69188416,0.6193776,0.12277149,0.36140588,0.4383647,0.99227583,0.24431016,0.70741475,0.45363694,0.5555951,0.3048163,0.38192904,0.6271485,0.3797389,0.31991485,0.33329886,0.3329658,0.4504504,0.32056236,0.5683724
"array_x[:,0]+5.145250440078603-np.mean(array_x, axis=1)*6.707778321925466",0.0,0.917551,0.3019794,1.030477e-15,0.8351405,1.378303e-16,1.9624448e-08,0.0,0.0,0.0,3.341201e-07,0.8845608,0.45363694,0.5555951,0.3048163,0.38192904,0.6271485,0.3797389,0.31991485,0.33329886,0.3329658,0.4504504,0.32056236,0.5683724
"array_x[:,0]-5.29814749842939/np.square(8.886260792302698+np.sqrt(abs(np.prod(array_x, axis=1)))+10*(np.cos(2*np.pi*1.3291200609358613)))",0.60881674,9.804714e-05,9.740159e-08,0.009263013,0.087661855,0.042781934,0.0002006043,0.0025600991,0.0022154807,0.34708205,0.0012610134,1.8226612e-05,0.45363694,0.5555951,0.3048163,0.38192904,0.6271485,0.3797389,0.31991485,0.33329886,0.3329658,0.4504504,0.32056236,0.5683724
"np.amax(1.4873277777393856/6.454883017185857+array_x, axis=1)+np.sin(2*np.pi*np.amax(6.368565749610128/1.9569719204718778+array_x, axis=1))",0.26794553,0.8333333,0.84523785,0.5,1.0,0.6000004,0.80000234,0.63333327,0.7083333,0.0,0.8333333,1.0,0.45363694,0.5555951,0.3048163,0.38192904,0.6271485,0.3797389,0.31991485,0.33329886,0.3329658,0.4504504,0.32056236,0.5683724
"np.amax(1.7318209681710086-array_x, axis=1)-4.13940926072611",0.0,1.0,0.80782735,6.2461717e-13,0.80683243,7.4603165e-14,0.00848939,1.2939873e-14,8.565054e-14,3.2313826e-14,0.00018442656,0.9168436,0.45363694,0.5555951,0.3048163,0.38192904,0.6271485,0.3797389,0.31991485,0.33329886,0.3329658,0.4504504,0.32056236,0.5683724
"np.amax(10*(np.exp(4.842816457025784)*array_x+np.sqrt(abs(-(9.49076677207911)))), axis=1)",1.3828745e-14,0.99111825,0.83630675,3.769167e-14,0.98163193,4.819736e-14,0.0002159501,8.839265e-14,7.8458925e-15,6.046063e-15,0.006393462,0.98876023,0.45363694,0.5555951,0.3048163,0.38192904,0.6271485,0.3797389,0.31991485,0.33329886,0.3329658,0.4504504,0.32056236,0.5683724
"np.amax(8.950163247786975-array_x-np.exp(np.cos(2*np.pi*np.exp(np.sin(2*np.pi*7.126538288208029))-3.6019502722198733*array_x-3.0075395564112544)), axis=1)",0.035402354,0.99643797,0.9999242,0.49902454,0.9336162,0.07253219,0.64499754,0.4115641,0.4400722,0.12743674,0.60559446,0.9999909,0.45363694,0.5555951,0.3048163,0.38192904,0.6271485,0.3797389,0.31991485,0.33329886,0.3329658,0.4504504,0.32056236,0.5683724
"np.amax(abs(-(array_x))+np.round(7.96335016047392)-2.828066934403915, axis=1)",0.5490323,0.71767735,0.3540721,0.21676345,1.0,0.2773682,0.05054277,0.05675974,0.0530385,0.5328717,0.024214031,0.64428765,0.45363694,0.5555951,0.3048163,0.38192904,0.6271485,0.3797389,0.31991485,0.33329886,0.3329658,0.4504504,0.32056236,0.5683724
"np.amax(array_x, axis=1)*2.5984420015757284+np.sin(2*np.pi*np.amax(array_x, axis=1)*4.009129727303002)",3.9273525e-07,0.92741436,0.8365801,8.6349223e-07,0.97727275,2.288904e-10,0.34076333,2.753781e-07,2.2623664e-05,5.114427e-07,0.409707,0.9176652,0.45363694,0.5555951,0.3048163,0.38192904,0.6271485,0.3797389,0.31991485,0.33329886,0.3329658,0.4504504,0.32056236,0.5683724
"np.amax(array_x, axis=1)+np.sqrt(abs(np.sum(array_x/3.9934702415362575, axis=1)))+2.4111542037835534",0.5535393,0.46378902,0.37646428,0.23357241,0.9251319,0.4074471,0.060626592,0.30484965,0.23953141,0.2965869,0.3012051,0.65617114,0.45363694,0.5555951,0.3048163,0.38192904,0.6271485,0.3797389,0.31991485,0.33329886,0.3329658,0.4504504,0.32056236,0.5683724
"np.amax(array_x-1.1089923671998148+array_x/np.square(4.851463974788024*np.sin(2*np.pi*array_x)/array_x), axis=1)",0.0,1.0,1.0,1.0,1.0,1.0,1.0,1.0,1.0,1.0,1.0,1.0,0.45363694,0.5555951,0.3048163,0.38192904,0.6271485,0.3797389,0.31991485,0.33329886,0.3329658,0.4504504,0.32056236,0.5683724
"np.amax(array_x-5.320671925522185/array_x, axis=1)-1.8144164995789547/5.112825742429345-array_x[:,0]+5.090459323233959+7.622257895191761",0.4810113,0.8381699,0.8207509,0.2734984,0.94001496,0.20086595,0.0945503,0.03255162,0.041105147,0.68206525,0.074503034,0.9560009,0.45363694,0.5555951,0.3048163,0.38192904,0.6271485,0.3797389,0.31991485,0.33329886,0.3329658,0.4504504,0.32056236,0.5683724
"np.amax(array_x-array_x-array_x/(np.array(range(1, array_x.shape[1]+1)))+array_x-2.4543014484518197+1.9650451514114986*2.699427867030693, axis=1)",0.0,0.0,0.0,0.0,0.0,0.0,0.0,0.0,0.0,0.0,0.0,1.0,0.45363694,0.5555951,0.3048163,0.38192904,0.6271485,0.3797389,0.31991485,0.33329886,0.3329658,0.4504504,0.32056236,0.5683724
"np.amax(np.cos(2*np.pi*np.exp(array_x))-np.cos(2*np.pi*np.sqrt(abs(array_x))), axis=1)",0.570256,0.5740181,0.4837949,0.5597459,0.6665222,0.6012892,0.5930237,0.26817027,0.33395153,1.0,0.46922222,0.18322799,0.45363694,0.5555951,0.3048163,0.38192904,0.6271485,0.3797389,0.31991485,0.33329886,0.3329658,0.4504504,0.32056236,0.5683724
"np.amax(np.exp(10*(array_x-2.5299262129814224)-np.exp(np.sin(2*np.pi*7.82877770402434))-array_x/7.283002256513357), axis=1)",5.5368957e-34,0.6504082,0.0005072405,2.6677248e-32,0.44469336,8.119806e-33,1.108919e-22,2.4046425e-32,1.8800561e-32,8.347018e-34,1.7149958e-21,0.67200935,0.45363694,0.5555951,0.3048163,0.38192904,0.6271485,0.3797389,0.31991485,0.33329886,0.3329658,0.4504504,0.32056236,0.5683724
"np.amax(np.exp(2.5512081593541898/np.sqrt(abs(6.93448946509245/np.sin(2*np.pi*3.8279756198693615)-array_x))), axis=1)",0.0,1.0,0.74274194,3.9310368e-13,0.73471934,5.0692794e-14,0.0054226737,7.418207e-15,5.5695432e-14,2.0202566e-14,0.00012566443,0.87786657,0.45363694,0.5555951,0.3048163,0.38192904,0.6271485,0.3797389,0.31991485,0.33329886,0.3329658,0.4504504,0.32056236,0.5683724
"np.amax(np.exp(3.3479466627392056)+np.sqrt(abs(np.log(abs(array_x)))), axis=1)+np.sin(2*np.pi*np.amax(np.exp(5.32755299425321)+np.sqrt(abs(np.log(abs(array_x)))), axis=1))",0.13865063,2.6826624e-14,2.3812555e-13,0.00018812982,3.570841e-14,0.00010458319,3.3813723e-11,7.0084175e-06,1.7164761e-07,0.060579047,1.6622448e-09,1.7763568e-15,0.45363694,0.5555951,0.3048163,0.38192904,0.6271485,0.3797389,0.31991485,0.33329886,0.3329658,0.4504504,0.32056236,0.5683724
"np.amax(np.exp(np.log(abs(8.233541834099324))*np.cos(2*np.pi*np.cos(2*np.pi*array_x/2.5341208131340496))), axis=1)",0.9839366,0.08456556,0.0,0.85181904,0.10114819,0.56422967,0.45813662,0.31527102,0.28790408,0.66402066,0.20342883,0.088169545,0.45363694,0.5555951,0.3048163,0.38192904,0.6271485,0.3797389,0.31991485,0.33329886,0.3329658,0.4504504,0.32056236,0.5683724
"np.amax(np.exp(np.round(5.683057941859755-(np.array(range(1, array_x.shape[1]+1))))-4.72548323646998*array_x-8.565320267901473), axis=1)",0.0,1.0,0.019425336,0.0,0.047478072,0.0,0.0,0.0,0.0,0.0,1.6045573e-22,0.31783277,0.45363694,0.5555951,0.3048163,0.38192904,0.6271485,0.3797389,0.31991485,0.33329886,0.3329658,0.4504504,0.32056236,0.5683724
"np.amax(np.log(abs(np.round(array_x))), axis=1)",0.0,0.0,1.0,0.0,0.0,0.0,0.0,0.0,0.0,0.0,0.0,0.0,0.45363694,0.5555951,0.3048163,0.38192904,0.6271485,0.3797389,0.31991485,0.33329886,0.3329658,0.4504504,0.32056236,0.5683724
"np.amax(np.log(abs(np.sin(2*np.pi*array_x))), axis=1)+np.log(abs(5.2858634173812575))/4.153242736579513+np.sqrt(abs(np.cos(2*np.pi*np.amax(array_x-(np.array(range(1, array_x.shape[1]+1)))+array_x, axis=1))))",0.88848567,0.061972037,0.0,0.8436106,0.3411746,0.6819023,0.26797,0.46425486,0.53054124,0.81704605,0.4889868,0.04132894,0.45363694,0.5555951,0.3048163,0.38192904,0.6271485,0.3797389,0.31991485,0.33329886,0.3329658,0.4504504,0.32056236,0.5683724
"np.amax(np.round(4.022980826236156+array_x/4.376541317023419+np.sqrt(abs(array_x))/np.cos(2*np.pi*8.806658425495431-array_x+4.598467015116318)), axis=1)",0.0,0.0,1.0,0.0,0.375,0.0,0.0,0.0,0.0,0.0,0.0,0.0,0.45363694,0.5555951,0.3048163,0.38192904,0.6271485,0.3797389,0.31991485,0.33329886,0.3329658,0.4504504,0.32056236,0.5683724
"np.amax(np.round(array_x)-8.680456881017847, axis=1)+np.sin(2*np.pi*np.amax(np.round(array_x)-9.759132712752445, axis=1))",0.083333336,1.0,0.8333333,0.45,1.0,0.53333336,0.6666667,0.6666667,0.775,0.0,0.81666666,0.8333333,0.45363694,0.5555951,0.3048163,0.38192904,0.6271485,0.3797389,0.31991485,0.33329886,0.3329658,0.4504504,0.32056236,0.5683724
"np.amax(np.sqrt(abs(8.517122231063377/array_x+np.exp(np.square(array_x*array_x)))), axis=1)+np.sin(2*np.pi*np.amax(np.sqrt(abs(9.96587056599238/array_x+np.exp(np.square(array_x*array_x)))), axis=1))",0.5507403,0.84197396,0.3306688,0.31760085,0.48931545,0.33773813,0.0005579408,0.065983824,0.015894134,0.7387148,0.0018583011,0.4685529,0.45363694,0.5555951,0.3048163,0.38192904,0.6271485,0.3797389,0.31991485,0.33329886,0.3329658,0.4504504,0.32056236,0.5683724
"np.amax(np.sqrt(abs(array_x))*7.506650250151658/np.square(3.2165347549113834)+np.log(abs(10*(4.077397844653021)))-np.sqrt(abs(1/(abs(1.935805924241396)))), axis=1)",0.67676413,0.7922558,0.49124342,0.35995832,1.0,0.39747268,0.09452727,0.11823594,0.10061658,0.6660712,0.050367493,0.7541625,0.45363694,0.5555951,0.3048163,0.38192904,0.6271485,0.3797389,0.31991485,0.33329886,0.3329658,0.4504504,0.32056236,0.5683724
"np.amax(np.sqrt(abs(array_x-8.57617497393032/np.exp(array_x+5.837205338112747))), axis=1)",0.6006454,0.85844684,0.39833733,0.38034248,0.8706018,0.33579233,0.07599805,0.17007115,0.03867283,0.6321188,0.055757616,0.76991314,0.45363694,0.5555951,0.3048163,0.38192904,0.6271485,0.3797389,0.31991485,0.33329886,0.3329658,0.4504504,0.32056236,0.5683724
"np.amax(np.sqrt(abs(np.cos(2*np.pi*array_x/2.5932694738439444)))+np.square(array_x-5.13160887413533), axis=1)-2.5141399287073245",0.0059708054,1.0,0.67220867,0.0053291325,0.6698552,0.0025730175,0.007022915,0.0,0.0011680012,0.006046552,0.002978086,0.8729262,0.45363694,0.5555951,0.3048163,0.38192904,0.6271485,0.3797389,0.31991485,0.33329886,0.3329658,0.4504504,0.32056236,0.5683724
"np.amax(np.square(1.7216620878088125*3.4469392757449135-array_x)-array_x-3.3904159661600355-np.sin(2*np.pi*np.exp(7.880044474973119))-3.824995516762643+5.278268629219568, axis=1)",0.0,1.0,0.7156808,2.2799763e-13,0.71179175,3.032286e-14,0.0031820412,4.7243013e-15,3.2730383e-14,1.2043091e-14,7.379354e-05,0.88685757,0.45363694,0.5555951,0.3048163,0.38192904,0.6271485,0.3797389,0.31991485,0.33329886,0.3329658,0.4504504,0.32056236,0.5683724
"np.amax(np.square(5.555793900243703)/np.sqrt(abs(np.cos(2*np.pi*array_x)*2.6123005065163887)), axis=1)",0.5113821,0.21029133,0.0,0.5684985,0.41221035,0.6244231,0.44942614,0.38910514,0.4396657,0.71542805,0.4755194,0.14973621,0.45363694,0.5555951,0.3048163,0.38192904,0.6271485,0.3797389,0.31991485,0.33329886,0.3329658,0.4504504,0.32056236,0.5683724
"np.amax(np.square(8.207489523681224-(np.array(range(1, array_x.shape[1]+1)))*array_x)*9.388521700255872, axis=1)",0.1443929,0.7171182,0.5247498,0.00026504762,0.6978066,0.003363593,6.453785e-11,2.5726005e-10,1.3342245e-10,0.1158316,5.6826124e-08,0.6505696,0.45363694,0.5555951,0.3048163,0.38192904,0.6271485,0.3797389,0.31991485,0.33329886,0.3329658,0.4504504,0.32056236,0.5683724
"np.amax(np.square(array_x*9.87648281100594*np.round(array_x)*9.035046864874586+np.log(abs(array_x)))*2.4736664269542548*5.604404270514444+array_x+9.538104833445566, axis=1)",0.33304697,0.57393396,0.00018735313,0.00052035454,1.0,0.00037024426,2.738304e-05,4.564154e-05,7.135543e-05,0.305832,5.7849076e-05,0.3147248,0.45363694,0.5555951,0.3048163,0.38192904,0.6271485,0.3797389,0.31991485,0.33329886,0.3329658,0.4504504,0.32056236,0.5683724
"np.amax(np.square(np.cumsum(10*(10*(array_x/1.2375872167026831)), axis=1)*array_x)/8.58000516779812-1.2519511273672135*array_x-4.472154981874439, axis=1)",0.15555513,0.60955423,0.30009252,0.0085488055,0.4898467,0.029883295,0.0002546573,0.0050607393,0.00011649922,0.131539,0.0009698041,0.30682597,0.45363694,0.5555951,0.3048163,0.38192904,0.6271485,0.3797389,0.31991485,0.33329886,0.3329658,0.4504504,0.32056236,0.5683724
"np.cos(2*np.pi*-(np.square(1.1759696860686029+np.square(np.sin(2*np.pi*np.amax(np.cumsum(array_x, axis=1), axis=1))))))",0.03797279,0.010105052,0.04122883,0.1709096,0.039987,0.030626634,0.050128855,0.045226645,0.052091364,0.0038167634,0.038661648,0.086902335,0.45363694,0.5555951,0.3048163,0.38192904,0.6271485,0.3797389,0.31991485,0.33329886,0.3329658,0.4504504,0.32056236,0.5683724
"np.cos(2*np.pi*1/(np.mean(array_x+1.7031914083595523/array_x, axis=1)))+np.sin(2*np.pi*np.cos(2*np.pi*1/(np.mean(array_x+9.186004613059021/array_x, axis=1))))",0.17012466,8.3037185e-06,0.0,0.5749949,2.5274074e-05,0.1146608,0.019268451,0.04449021,0.04080001,0.14807957,0.07575417,8.427402e-06,0.45363694,0.5555951,0.3048163,0.38192904,0.6271485,0.3797389,0.31991485,0.33329886,0.3329658,0.4504504,0.32056236,0.5683724
"np.cos(2*np.pi*10*(np.mean(abs((np.array(range(1, array_x.shape[1]+1)))*7.765790570378994)--(array_x*array_x)*array_x-3.0076569177964245/np.sqrt(abs(2.6923853694464763)), axis=1)))",0.090157025,0.022032365,0.0236291,0.07888144,0.013647073,0.024017237,0.058601644,0.12692294,0.050610766,0.004609566,0.09983969,0.2456236,0.45363694,0.5555951,0.3048163,0.38192904,0.6271485,0.3797389,0.31991485,0.33329886,0.3329658,0.4504504,0.32056236,0.5683724
"np.cos(2*np.pi*3.273015457530912+np.mean(array_x, axis=1))*9.513984736185385",0.25650835,1.8659517e-07,0.0,0.09361841,1.9313099e-07,0.05047337,0.014456578,0.0042312127,0.010257807,0.20323454,0.02643537,9.109178e-08,0.45363694,0.5555951,0.3048163,0.38192904,0.6271485,0.3797389,0.31991485,0.33329886,0.3329658,0.4504504,0.32056236,0.5683724
"np.cos(2*np.pi*5.859707662810879*np.sum(array_x, axis=1)-np.square(abs(1.577305160839217)))+np.mean(array_x*array_x*1.4823539328569406*np.sin(2*np.pi*8.487479887856853), axis=1)",0.5973785,0.3938916,0.5549692,0.2233514,0.6749393,0.2637888,0.16440737,0.14340807,0.10069225,0.28790414,0.20735846,0.24692337,0.45363694,0.5555951,0.3048163,0.38192904,0.6271485,0.3797389,0.31991485,0.33329886,0.3329658,0.4504504,0.32056236,0.5683724
"np.cos(2*np.pi*7.58936999483605-np.amax(array_x, axis=1))-5.455851091186262",0.48783532,0.0,0.0,0.042656515,0.0,0.010078598,0.0,0.00017516867,0.00065125787,0.5948974,3.2021599e-09,0.0,0.45363694,0.5555951,0.3048163,0.38192904,0.6271485,0.3797389,0.31991485,0.33329886,0.3329658,0.4504504,0.32056236,0.5683724
"np.cos(2*np.pi*9.192289808295802+np.prod(np.log(abs(9.183659418345751*np.cos(2*np.pi*array_x))), axis=1))",0.060278453,0.08134326,0.0804906,0.0673715,0.06975001,0.12759492,0.0065578483,0.02326291,0.06165638,0.06761659,0.1382523,0.13306358,0.45363694,0.5555951,0.3048163,0.38192904,0.6271485,0.3797389,0.31991485,0.33329886,0.3329658,0.4504504,0.32056236,0.5683724
"np.cos(2*np.pi*np.amax((np.array(range(1, array_x.shape[1]+1)))*array_x, axis=1))-np.square(7.105228683711357)",0.5458339,4.1469237e-09,0.0,0.06511983,0.0085439095,0.12623721,0.0025530837,0.084771186,0.038838718,0.027786102,0.003913439,1.6561766e-09,0.45363694,0.5555951,0.3048163,0.38192904,0.6271485,0.3797389,0.31991485,0.33329886,0.3329658,0.4504504,0.32056236,0.5683724
"np.cos(2*np.pi*np.amax(6.847022567799615+array_x-np.exp(np.cos(2*np.pi*8.116056286244667)), axis=1))",0.19875929,0.0,0.0,0.027901465,0.0,0.18194707,3.5197172e-07,0.00043022755,0.0020318232,0.53791577,1.8644322e-07,0.0,0.45363694,0.5555951,0.3048163,0.38192904,0.6271485,0.3797389,0.31991485,0.33329886,0.3329658,0.4504504,0.32056236,0.5683724
"np.cos(2*np.pi*np.log(abs(np.prod(array_x, axis=1))))",0.018833466,0.060657687,5.9770045e-05,0.06248896,0.010108534,0.075714044,0.054486573,0.018616492,0.10265789,0.12951392,0.12227146,0.053658582,0.45363694,0.5555951,0.3048163,0.38192904,0.6271485,0.3797389,0.31991485,0.33329886,0.3329658,0.4504504,0.32056236,0.5683724
"np.cos(2*np.pi*np.log(abs(np.sum(10*(array_x)-6.718191160124967+np.square(6.035478979002345), axis=1))))+10*(np.sin(2*np.pi*np.cos(2*np.pi*np.log(abs(np.sum(10*(array_x)-7.725862383127707+np.square(4.291154123101823), axis=1))))))",0.1756064,0.050737455,0.4497642,0.18919982,0.467981,0.055832382,0.052870292,0.021553883,0.05248833,0.38113108,0.13187504,0.0007330508,0.45363694,0.5555951,0.3048163,0.38192904,0.6271485,0.3797389,0.31991485,0.33329886,0.3329658,0.4504504,0.32056236,0.5683724
"np.cos(2*np.pi*np.mean((np.array(range(1, array_x.shape[1]+1)))*4.734870247491813-array_x, axis=1)-2.2335301204579263*np.mean(abs(np.sin(2*np.pi*array_x*np.sin(2*np.pi*9.729197098341814))), axis=1))",0.5486363,8.164801e-06,1.8555651e-06,0.14051346,0.0020104647,0.057058822,0.12854792,0.019297933,0.054360278,0.15665051,0.4021236,0.016895177,0.45363694,0.5555951,0.3048163,0.38192904,0.6271485,0.3797389,0.31991485,0.33329886,0.3329658,0.4504504,0.32056236,0.5683724
"np.cos(2*np.pi*np.mean(9.707811749029975*array_x, axis=1))-5.086015847785972",0.046072632,0.12042027,0.0012939948,0.23509009,0.011028133,0.12313799,0.029069956,0.25188294,0.014288839,0.09340414,0.06776372,0.024286995,0.45363694,0.5555951,0.3048163,0.38192904,0.6271485,0.3797389,0.31991485,0.33329886,0.3329658,0.4504504,0.32056236,0.5683724
"np.cos(2*np.pi*np.mean(array_x, axis=1))-5.964945531705066",0.46277663,0.00016817257,0.0,0.15519278,1.3951243e-05,0.74545634,0.16079992,0.02124164,0.04607435,0.19968966,0.23739839,3.8461494e-06,0.45363694,0.5555951,0.3048163,0.38192904,0.6271485,0.3797389,0.31991485,0.33329886,0.3329658,0.4504504,0.32056236,0.5683724
"np.cos(2*np.pi*np.mean(array_x/array_x*array_x, axis=1))/np.cos(2*np.pi*-(array_x[:,0])*5.029875535768616)",1.0,0.9999162,0.0,0.9999999,0.9993357,0.9999754,0.99991953,0.9999815,0.9999722,0.9999642,0.9999528,0.9998478,0.45363694,0.5555951,0.3048163,0.38192904,0.6271485,0.3797389,0.31991485,0.33329886,0.3329658,0.4504504,0.32056236,0.5683724
"np.cos(2*np.pi*np.mean(np.exp(10*(1.9582456446644345))/np.exp(np.cos(2*np.pi*array_x))/np.square(9.514245837683383)+5.307964208718274, axis=1))+10*(np.sin(2*np.pi*np.cos(2*np.pi*np.mean(np.exp(10*(6.801849936191943))/np.exp(np.cos(2*np.pi*array_x))/np.square(5.332097300757552)+2.830748640666946, axis=1))))",0.10398996,0.23899816,0.26529217,0.42091882,0.4140255,0.37185273,0.21781906,0.16856135,0.26310503,0.70935184,0.27469507,0.60516346,0.45363694,0.5555951,0.3048163,0.38192904,0.6271485,0.3797389,0.31991485,0.33329886,0.3329658,0.4504504,0.32056236,0.5683724
"np.cos(2*np.pi*np.mean(np.exp(np.square(array_x+8.852658924003052)), axis=1))",0.027870769,0.39554378,0.06537694,0.103067026,0.11645197,0.031663276,0.034831055,0.14034107,0.22097188,0.1751408,0.009430033,0.049083468,0.45363694,0.5555951,0.3048163,0.38192904,0.6271485,0.3797389,0.31991485,0.33329886,0.3329658,0.4504504,0.32056236,0.5683724
"np.cos(2*np.pi*np.mean(np.log(abs(8.526036009355881-array_x/8.606426242650958*np.cos(2*np.pi*10*(array_x+3.521717616768917))*2.876186801190001-array_x)), axis=1))",1.0209172e-07,0.30410004,1.1689666e-07,3.1454405e-07,0.6924142,6.7743525e-07,2.1647263e-06,1.9427308e-07,9.426572e-07,6.829339e-07,3.4348523e-06,0.46747994,0.45363694,0.5555951,0.3048163,0.38192904,0.6271485,0.3797389,0.31991485,0.33329886,0.3329658,0.4504504,0.32056236,0.5683724
"np.cos(2*np.pi*np.mean(np.log(abs(np.cos(2*np.pi*array_x-(np.array(range(1, array_x.shape[1]+1))))-3.155106880645918)), axis=1))",0.72964823,0.03352744,0.0,0.49765602,0.059753492,0.74361444,0.1548796,0.21158276,0.11391664,0.93661624,0.16231024,0.025230143,0.45363694,0.5555951,0.3048163,0.38192904,0.6271485,0.3797389,0.31991485,0.33329886,0.3329658,0.4504504,0.32056236,0.5683724
"np.cos(2*np.pi*np.mean(np.square((np.array(range(1, array_x.shape[1]+1)))*array_x), axis=1)-2.354239689628258+np.cos(2*np.pi*2.693850305302142))",0.15635408,0.2325076,0.047256395,0.056821227,0.15529239,0.071172684,0.15434615,0.13189632,0.23356035,0.123941734,0.399278,0.11073312,0.45363694,0.5555951,0.3048163,0.38192904,0.6271485,0.3797389,0.31991485,0.33329886,0.3329658,0.4504504,0.32056236,0.5683724
"np.cos(2*np.pi*np.prod(array_x, axis=1)*4.334346885950277+abs(4.48531776702287))",0.20931649,0.17438993,0.02100518,0.041510437,0.0015799961,0.066340216,0.049593467,0.023381937,0.014351789,0.036405824,0.029980093,0.041372716,0.45363694,0.5555951,0.3048163,0.38192904,0.6271485,0.3797389,0.31991485,0.33329886,0.3329658,0.4504504,0.32056236,0.5683724
"np.cos(2*np.pi*np.prod(np.sqrt(abs(array_x))/array_x+1.853633543363889/np.log(abs(4.997387272545579/np.cos(2*np.pi*np.square(array_x))/np.square(array_x))), axis=1))+np.sin(2*np.pi*np.cos(2*np.pi*np.prod(np.sqrt(abs(array_x))/array_x+6.882067346466339/np.log(abs(5.821856313491335/np.cos(2*np.pi*np.square(array_x))/np.square(array_x))), axis=1)))",0.15850006,0.3891305,0.2982801,0.32128298,0.407816,0.22298644,0.14543745,0.3002256,0.11893575,0.18093784,0.7151392,0.26942167,0.45363694,0.5555951,0.3048163,0.38192904,0.6271485,0.3797389,0.31991485,0.33329886,0.3329658,0.4504504,0.32056236,0.5683724
"np.cos(2*np.pi*np.sin(2*np.pi*np.sqrt(abs(9.225131960366639))-np.log(abs(np.mean(np.exp(array_x), axis=1)))))+10*(np.sin(2*np.pi*np.cos(2*np.pi*np.sin(2*np.pi*np.sqrt(abs(2.1962428699217673))-np.log(abs(np.mean(np.exp(array_x), axis=1)))))))",0.003832844,1.3694236e-05,0.17661685,0.018325023,0.00059599086,0.001453144,0.012106904,0.00056231726,0.00014795635,0.013197352,0.0005796577,0.17645688,0.45363694,0.5555951,0.3048163,0.38192904,0.6271485,0.3797389,0.31991485,0.33329886,0.3329658,0.4504504,0.32056236,0.5683724
"np.cos(2*np.pi*np.sin(2*np.pi*np.sum(array_x*2.274569165509393, axis=1))/9.482037596029318)",0.06220676,0.1169653,0.043579243,0.13892098,0.046968285,0.0145660015,0.09986821,0.032668274,0.002743828,0.2574107,0.03450309,0.11780091,0.45363694,0.5555951,0.3048163,0.38192904,0.6271485,0.3797389,0.31991485,0.33329886,0.3329658,0.4504504,0.32056236,0.5683724
"np.cos(2*np.pi*np.sqrt(abs(8.299313751062057))-np.sum(array_x/8.01738039761706, axis=1)+np.exp(1.0355330590613352+np.sum(np.cumsum(np.log(abs(array_x))-5.651681573460954, axis=1), axis=1)))",0.16008379,2.1489682e-07,0.0,0.29391596,1.2695039e-06,0.08627425,0.02631488,0.076824486,0.091475554,0.31947505,0.011234735,3.4652623e-09,0.45363694,0.5555951,0.3048163,0.38192904,0.6271485,0.3797389,0.31991485,0.33329886,0.3329658,0.4504504,0.32056236,0.5683724
"np.cos(2*np.pi*np.sqrt(abs(np.amax(array_x, axis=1)))-np.sqrt(abs(5.818168759458071)))",1.0,0.0,0.0,0.02259833,0.0,0.023079166,5.732065e-11,0.00088410376,0.00024803163,0.310904,1.0699188e-09,0.0,0.45363694,0.5555951,0.3048163,0.38192904,0.6271485,0.3797389,0.31991485,0.33329886,0.3329658,0.4504504,0.32056236,0.5683724
"np.cos(2*np.pi*np.sqrt(abs(np.mean(array_x-7.723736330206018*8.319537303515826, axis=1))))",0.0,0.9014133,0.25734547,0.0,0.7944572,0.0,1.0873469e-08,0.0,0.0,0.0,1.40954866e-08,0.8762184,0.45363694,0.5555951,0.3048163,0.38192904,0.6271485,0.3797389,0.31991485,0.33329886,0.3329658,0.4504504,0.32056236,0.5683724
"np.cos(2*np.pi*np.square(1.680623219324963+np.mean(-(2.4279404324959444/array_x), axis=1)))",0.036333844,0.008490357,0.028346341,0.061705217,0.014143282,0.030358871,0.040802807,0.14256778,0.09540784,0.26917925,0.16071722,0.003040555,0.45363694,0.5555951,0.3048163,0.38192904,0.6271485,0.3797389,0.31991485,0.33329886,0.3329658,0.4504504,0.32056236,0.5683724
"np.cos(2*np.pi*np.square(3.9785302080341074)/np.square(np.mean(1.2598635986312487-array_x, axis=1)))",0.062169526,0.18383822,0.000102322156,0.016118426,0.040431995,0.110722974,0.08906274,0.11183021,0.115389615,0.024154024,0.28712296,0.08689487,0.45363694,0.5555951,0.3048163,0.38192904,0.6271485,0.3797389,0.31991485,0.33329886,0.3329658,0.4504504,0.32056236,0.5683724
"np.cos(2*np.pi*np.square(np.sum(array_x*9.141163119894795, axis=1)))",0.044690743,0.064282715,0.015140072,0.2450454,0.081284545,0.11731926,0.25939554,0.046858385,0.15310228,0.061582033,0.114340514,0.01965016,0.45363694,0.5555951,0.3048163,0.38192904,0.6271485,0.3797389,0.31991485,0.33329886,0.3329658,0.4504504,0.32056236,0.5683724
"np.cos(2*np.pi*np.sum(3.8143292013189125/(np.array(range(1, array_x.shape[1]+1)))*array_x-6.186393913963771, axis=1))",0.040670253,0.004630413,0.0096181175,0.08780634,0.010776225,0.054220866,0.1219508,0.0025854097,0.02128071,0.16925567,0.12575231,0.045074757,0.45363694,0.5555951,0.3048163,0.38192904,0.6271485,0.3797389,0.31991485,0.33329886,0.3329658,0.4504504,0.32056236,0.5683724
"np.cos(2*np.pi*np.sum(array_x+9.073924752953792, axis=1)*array_x[:,0]*7.453837924268902)-np.log(abs(np.sqrt(abs(np.amax(array_x, axis=1)))))+np.sin(2*np.pi*np.cos(2*np.pi*np.sum(array_x+9.862641506540982, axis=1)*array_x[:,0]*4.742686985695768)-np.log(abs(np.sqrt(abs(np.amax(array_x, axis=1))))))",0.1439842,0.84914714,0.7136578,0.13544662,0.41660705,0.07608126,0.20684761,0.05845071,0.12638855,0.17667031,0.37928256,0.7300353,0.45363694,0.5555951,0.3048163,0.38192904,0.6271485,0.3797389,0.31991485,0.33329886,0.3329658,0.4504504,0.32056236,0.5683724
"np.exp(-(np.mean(array_x+array_x, axis=1)))",0.0,0.9715514,0.077198185,8.708096e-17,0.4868333,0.0,7.085326e-10,2.4631242e-17,6.704301e-17,0.0,4.1825132e-10,0.9647551,0.45363694,0.5555951,0.3048163,0.38192904,0.6271485,0.3797389,0.31991485,0.33329886,0.3329658,0.4504504,0.32056236,0.5683724
"np.exp(1.086602412234349)-np.sqrt(abs(array_x[:,0]))-np.prod(np.sqrt(abs(array_x*np.sqrt(abs((np.array(range(1, array_x.shape[1]+1))))))), axis=1)",5.3241225e-16,0.87045676,0.035230175,2.285921e-15,0.66532695,3.8175347e-15,2.2285798e-09,2.9125617e-16,4.6999614e-16,1.3531574e-15,7.064426e-09,0.9980162,0.45363694,0.5555951,0.3048163,0.38192904,0.6271485,0.3797389,0.31991485,0.33329886,0.3329658,0.4504504,0.32056236,0.5683724
"np.exp(1/(np.log(abs(np.mean(array_x, axis=1)-1.5485091731383531))))+np.sin(2*np.pi*np.exp(1/(np.log(abs(np.mean(array_x, axis=1)-9.244070614087072)))))",0.23402944,0.5257201,0.0003478942,0.08268223,0.0019204833,0.00013651566,0.56203485,0.04492564,0.9071522,0.99999946,0.25727722,0.50491065,0.45363694,0.5555951,0.3048163,0.38192904,0.6271485,0.3797389,0.31991485,0.33329886,0.3329658,0.4504504,0.32056236,0.5683724
"np.exp(3.1557628295711817/np.sum(4.193650116002059+np.square(array_x), axis=1))",0.0,0.8235514,0.15726261,0.0,0.75313276,0.0,4.703957e-09,0.0,0.0,0.0,8.91167e-09,0.8717071,0.45363694,0.5555951,0.3048163,0.38192904,0.6271485,0.3797389,0.31991485,0.33329886,0.3329658,0.4504504,0.32056236,0.5683724
"np.exp(4.329904896701715+np.amax(np.sin(2*np.pi*array_x), axis=1))+4.1982926616788125",0.6076617,0.1371495,0.003461852,0.43483278,0.20281759,0.6346441,0.19106844,0.09746964,0.30590558,0.5648508,0.32443044,0.16638865,0.45363694,0.5555951,0.3048163,0.38192904,0.6271485,0.3797389,0.31991485,0.33329886,0.3329658,0.4504504,0.32056236,0.5683724
"np.exp(8.013942752208715+np.mean((np.array(range(1, array_x.shape[1]+1)))/array_x-array_x, axis=1))",0.0,0.0,0.0,0.0,0.0,0.0,0.0,0.0,0.0,0.0,0.0,0.0,0.45363694,0.5555951,0.3048163,0.38192904,0.6271485,0.3797389,0.31991485,0.33329886,0.3329658,0.4504504,0.32056236,0.5683724
"np.exp(8.504730858879029-np.sqrt(abs(array_x[:,0]/4.2011802453469915)))-np.exp(9.238886761284531)-np.mean(array_x, axis=1)",0.0,0.9956528,0.48518226,8.4513906e-13,0.8433538,0.0,0.0034198056,0.0,1.4362497e-12,1.42346985e-11,8.072174e-05,0.93563116,0.45363694,0.5555951,0.3048163,0.38192904,0.6271485,0.3797389,0.31991485,0.33329886,0.3329658,0.4504504,0.32056236,0.5683724
"np.exp(np.amax(array_x+array_x*7.942937542201785, axis=1))",4.3087628e-32,0.6770195,0.0010291146,6.7132975e-30,0.47745177,5.134623e-31,3.3202406e-21,5.6422784e-31,1.3366255e-30,7.577128e-32,1.2528012e-19,0.6900066,0.45363694,0.5555951,0.3048163,0.38192904,0.6271485,0.3797389,0.31991485,0.33329886,0.3329658,0.4504504,0.32056236,0.5683724
"np.exp(np.cos(2*np.pi*np.sum(array_x, axis=1)))-8.559856371904226",0.18963301,0.0074481773,0.0011768246,0.058640648,0.008903306,0.07025811,0.58471256,0.15944248,0.20340343,0.21386556,0.08041784,0.11011387,0.45363694,0.5555951,0.3048163,0.38192904,0.6271485,0.3797389,0.31991485,0.33329886,0.3329658,0.4504504,0.32056236,0.5683724
"np.exp(np.exp(6.09912324054811/np.sum(np.log(abs(8.48820069806072))-array_x-5.649456905735861, axis=1)))+np.sin(2*np.pi*np.exp(np.exp(5.852370429240141/np.sum(np.log(abs(2.1714096071915767))-array_x-5.859070649920943, axis=1))))",0.0,0.9582573,0.30068895,0.0,0.7881062,0.0,1.4966481e-08,0.0,0.0,0.0,1.9145805e-09,0.98788786,0.45363694,0.5555951,0.3048163,0.38192904,0.6271485,0.3797389,0.31991485,0.33329886,0.3329658,0.4504504,0.32056236,0.5683724
"np.exp(np.mean(9.437910988668245*array_x/(np.array(range(1, array_x.shape[1]+1))), axis=1))+np.sin(2*np.pi*np.exp(np.mean(8.822420824458462*array_x/(np.array(range(1, array_x.shape[1]+1))), axis=1)))",0.12655535,9.711456e-08,7.624062e-09,0.058719564,4.2661956e-08,0.03525215,0.06747421,0.0027193888,0.1120841,0.1872298,0.03602709,1.4263471e-05,0.45363694,0.5555951,0.3048163,0.38192904,0.6271485,0.3797389,0.31991485,0.33329886,0.3329658,0.4504504,0.32056236,0.5683724
"np.exp(np.mean(np.sin(2*np.pi*2.1496012210519098/np.cumsum(np.exp((np.array(range(1, array_x.shape[1]+1)))*array_x), axis=1)), axis=1))",0.00337426,0.6905946,0.3905405,0.0643012,0.58044785,0.23048604,0.12848395,0.39573833,0.7688792,0.021008445,0.769145,0.16104001,0.45363694,0.5555951,0.3048163,0.38192904,0.6271485,0.3797389,0.31991485,0.33329886,0.3329658,0.4504504,0.32056236,0.5683724
"np.exp(np.mean(np.square(array_x), axis=1))-10*(3.8865309706325597)",1.0,0.16509072,0.0056729605,0.08659286,0.29250965,0.1180778,0.00050585426,0.023316162,0.02891903,0.81298155,0.0032419607,0.22915843,0.45363694,0.5555951,0.3048163,0.38192904,0.6271485,0.3797389,0.31991485,0.33329886,0.3329658,0.4504504,0.32056236,0.5683724
"np.exp(np.sin(2*np.pi*np.sum(array_x*8.01581184982065+3.5753351057104195+np.exp(9.505211614506742-array_x)/array_x, axis=1)))",0.06798861,0.09827157,0.041322865,0.013433718,0.049049146,0.20359522,0.49013245,0.2153637,0.21936277,0.07164397,0.017218923,0.12124621,0.45363694,0.5555951,0.3048163,0.38192904,0.6271485,0.3797389,0.31991485,0.33329886,0.3329658,0.4504504,0.32056236,0.5683724
"np.exp(np.sin(2*np.pi*np.sum(np.square(np.exp(array_x))/6.09375736203932+np.square(7.640732849445856-array_x)+7.629326700258335/10*(8.808845387376529)*array_x, axis=1)))",0.009045034,0.15972123,0.09081414,0.03563666,0.08053346,0.1581993,0.13359597,0.0025389683,0.017672472,0.22820884,0.09193036,0.091215536,0.45363694,0.5555951,0.3048163,0.38192904,0.6271485,0.3797389,0.31991485,0.33329886,0.3329658,0.4504504,0.32056236,0.5683724
"np.exp(np.sqrt(abs(9.434214392221094)))-np.exp(10*(5.113130478679145+np.mean(-(array_x), axis=1)))",0.0,1.0,0.9983535,1.41438925e-14,1.0,4.2788245e-14,3.1248533e-07,7.0719463e-15,7.0719463e-15,0.0,2.5885697e-07,1.0,0.45363694,0.5555951,0.3048163,0.38192904,0.6271485,0.3797389,0.31991485,0.33329886,0.3329658,0.4504504,0.32056236,0.5683724
"np.exp(np.sqrt(abs(np.mean(array_x, axis=1))))-3.5575495464867437",0.6399804,0.015120057,0.0010809521,0.86018276,0.049792975,0.6091761,0.52068156,0.5219195,0.51604587,0.77856654,0.6040045,0.019616062,0.45363694,0.5555951,0.3048163,0.38192904,0.6271485,0.3797389,0.31991485,0.33329886,0.3329658,0.4504504,0.32056236,0.5683724
"np.exp(np.sqrt(abs(np.mean(np.sin(2*np.pi*np.sin(2*np.pi*array_x)), axis=1))))+np.sin(2*np.pi*np.exp(np.sqrt(abs(np.mean(np.sin(2*np.pi*np.sin(2*np.pi*array_x)), axis=1)))))",0.10098708,0.060259257,9.765749e-05,0.007015431,0.0360071,0.09384952,0.057209272,0.09503885,0.08381954,0.066808455,0.025806718,0.02125008,0.45363694,0.5555951,0.3048163,0.38192904,0.6271485,0.3797389,0.31991485,0.33329886,0.3329658,0.4504504,0.32056236,0.5683724
"np.exp(np.square(3.119846966582106)/np.sum(6.555409442974362/array_x, axis=1)+np.round(np.square(5.746035440352599)))",0.0,0.0,0.0,0.0,0.0,0.0,0.0,0.0,0.0,0.0,0.0,0.0,0.45363694,0.5555951,0.3048163,0.38192904,0.6271485,0.3797389,0.31991485,0.33329886,0.3329658,0.4504504,0.32056236,0.5683724
"np.exp(np.square(np.mean(array_x, axis=1))+8.16926966168445)+np.sin(2*np.pi*np.exp(np.square(np.mean(array_x, axis=1))+9.257115703319661))",0.24100152,1.1987012e-06,1.2049829e-07,0.45950794,9.289085e-06,0.11843392,0.047250938,0.012813985,0.038142487,0.2954869,0.07713185,9.870844e-06,0.45363694,0.5555951,0.3048163,0.38192904,0.6271485,0.3797389,0.31991485,0.33329886,0.3329658,0.4504504,0.32056236,0.5683724
"np.exp(np.sum(6.511010747894548-np.round(abs(np.sqrt(abs(4.086372552048241+array_x/1.5920934858601057))+array_x)), axis=1))",5.1161064e-10,0.20883325,2.5772064e-05,3.746918e-10,0.018315583,2.5077564e-12,3.1726426e-09,2.5077564e-12,1.8979625e-10,2.7634547e-10,0.0,0.6839397,0.45363694,0.5555951,0.3048163,0.38192904,0.6271485,0.3797389,0.31991485,0.33329886,0.3329658,0.4504504,0.32056236,0.5683724
"np.log(abs(-(np.mean(array_x/array_x-4.204689168625524-7.741454997958269+np.sqrt(abs(8.43432217000013+1/(4.398335647341536+(np.array(range(1, array_x.shape[1]+1))))))-7.73815760690326+array_x, axis=1))))",0.0,0.9929814,0.3605375,0.0,0.8021479,0.0,8.9060155e-09,0.0,0.0,0.0,4.07333e-09,0.9908901,0.45363694,0.5555951,0.3048163,0.38192904,0.6271485,0.3797389,0.31991485,0.33329886,0.3329658,0.4504504,0.32056236,0.5683724
"np.log(abs(1/(np.amax(array_x, axis=1))))+np.sin(2*np.pi*np.log(abs(1/(np.amax(array_x, axis=1)))))",1.0,0.0,0.0,7.405312e-05,0.0,0.015677461,6.643918e-09,0.00021762987,2.3089406e-05,0.051561054,2.6850677e-09,0.0,0.45363694,0.5555951,0.3048163,0.38192904,0.6271485,0.3797389,0.31991485,0.33329886,0.3329658,0.4504504,0.32056236,0.5683724
"np.log(abs(10*(np.square(7.630170982222868)*np.amax(np.square(array_x), axis=1)-np.exp(abs(9.390092197111835)))))+10*(np.sin(2*np.pi*np.log(abs(10*(np.square(7.775499320748754)*np.amax(np.square(array_x), axis=1)-np.exp(abs(9.447657681254228)))))))",0.01577685,6.457826e-13,0.0,1.3311052e-05,0.5000067,2.0678203e-06,1.3438491e-09,2.2462798e-07,5.1312448e-08,0.0034614136,1.4100716e-11,0.0,0.45363694,0.5555951,0.3048163,0.38192904,0.6271485,0.3797389,0.31991485,0.33329886,0.3329658,0.4504504,0.32056236,0.5683724
"np.log(abs(2.500926556726313/np.square(np.log(abs(np.sum(array_x/1.0765262761188232, axis=1))))))",0.8344878,0.9731053,0.76135623,0.6281055,0.78175247,0.8344878,0.58849555,0.8344878,0.5018577,0.5816485,0.8344878,0.9234936,0.45363694,0.5555951,0.3048163,0.38192904,0.6271485,0.3797389,0.31991485,0.33329886,0.3329658,0.4504504,0.32056236,0.5683724
"np.log(abs(6.328776585601213/np.sum(array_x, axis=1)*6.13704475508763/array_x[:,0]*7.716018730150933))",0.0,0.92029446,0.20924276,1.6524742e-15,0.99865764,5.7939976e-16,3.7140246e-08,1.6372043e-16,6.8945406e-16,0.0,1.4968927e-08,0.867924,0.45363694,0.5555951,0.3048163,0.38192904,0.6271485,0.3797389,0.31991485,0.33329886,0.3329658,0.4504504,0.32056236,0.5683724
"np.log(abs(9.305833016357102+np.sum(array_x*6.094163736317471, axis=1)))",0.869447,0.39677817,0.0,0.95439696,0.35609335,0.9275441,0.902678,0.8986237,0.789161,0.9094477,0.8247558,0.36032853,0.45363694,0.5555951,0.3048163,0.38192904,0.6271485,0.3797389,0.31991485,0.33329886,0.3329658,0.4504504,0.32056236,0.5683724
"np.log(abs(np.amax(np.cos(2*np.pi*(np.array(range(1, array_x.shape[1]+1)))*8.69135402105805-array_x)/7.186136746074076, axis=1)))+np.sin(2*np.pi*9.762067386378254)",1.0,0.023869622,0.18180421,0.92306334,0.34744942,0.9199,0.71833986,0.8493957,0.8352684,0.9730083,0.6550578,0.0,0.45363694,0.5555951,0.3048163,0.38192904,0.6271485,0.3797389,0.31991485,0.33329886,0.3329658,0.4504504,0.32056236,0.5683724
"np.log(abs(np.amax(np.sqrt(abs(np.sin(2*np.pi*3.0885067890423317)/8.634321309529355-array_x))+7.159841359303088, axis=1)))",0.5868122,0.8809744,0.45618752,0.3308189,0.91891533,0.32286528,0.0,0.10624912,0.13049786,0.5878452,0.11416641,0.8172139,0.45363694,0.5555951,0.3048163,0.38192904,0.6271485,0.3797389,0.31991485,0.33329886,0.3329658,0.4504504,0.32056236,0.5683724
"np.log(abs(np.cos(2*np.pi*7.629356449992657-np.sum(np.sqrt(abs(array_x)), axis=1)*3.3691386310853875*3.7573338506882106)*-(1/(8.956715834773687))))",0.60360295,0.6623816,0.46462223,0.72159016,0.77435595,0.82527363,0.6001929,0.7304171,0.63970053,0.5705772,0.45199287,0.5941722,0.45363694,0.5555951,0.3048163,0.38192904,0.6271485,0.3797389,0.31991485,0.33329886,0.3329658,0.4504504,0.32056236,0.5683724
"np.log(abs(np.exp(6.655212466998184)-np.square(np.sum(np.square(array_x-array_x/6.693552607945649), axis=1))))",0.9567265,0.26534167,0.009880568,0.7776961,0.47273707,0.8619011,0.8082024,0.8638067,0.8063491,0.956451,0.85627496,0.20748033,0.45363694,0.5555951,0.3048163,0.38192904,0.6271485,0.3797389,0.31991485,0.33329886,0.3329658,0.4504504,0.32056236,0.5683724
"np.log(abs(np.log(abs(np.sum(np.sin(2*np.pi*array_x), axis=1)))))",0.7143702,0.7514404,0.056112785,0.66800255,0.67449135,0.84024626,0.69925845,0.7608497,0.7000575,0.71742994,0.5836148,0.3651509,0.45363694,0.5555951,0.3048163,0.38192904,0.6271485,0.3797389,0.31991485,0.33329886,0.3329658,0.4504504,0.32056236,0.5683724
"np.log(abs(np.mean(array_x+3.6825901148089804, axis=1)-1.522057622920041-np.square(6.613399802103635)-np.square(array_x[:,0]+4.010111164261131)))",6.123191e-07,0.9200557,0.27491567,3.5109332e-07,0.82816315,7.701832e-09,7.650958e-07,1.6593533e-09,0.0,8.6503275e-07,1.1424462e-06,1.0,0.45363694,0.5555951,0.3048163,0.38192904,0.6271485,0.3797389,0.31991485,0.33329886,0.3329658,0.4504504,0.32056236,0.5683724
"np.log(abs(np.mean(np.sin(2*np.pi*8.31150689585327+array_x), axis=1)))*2.5971737028115713",0.86395013,0.47845685,0.0,0.89665025,0.469615,0.872268,0.8916999,0.85520613,0.8152892,0.8483927,0.95785016,0.5228664,0.45363694,0.5555951,0.3048163,0.38192904,0.6271485,0.3797389,0.31991485,0.33329886,0.3329658,0.4504504,0.32056236,0.5683724
"np.log(abs(np.mean(np.square(7.132035751485299/np.sqrt(abs(array_x))+np.exp(np.square(array_x))), axis=1)))",0.99189126,0.108939804,0.0,0.3779585,0.11059739,0.31512102,0.007373314,0.06731056,0.057297077,0.7229625,0.0061213993,0.12225084,0.45363694,0.5555951,0.3048163,0.38192904,0.6271485,0.3797389,0.31991485,0.33329886,0.3329658,0.4504504,0.32056236,0.5683724
"np.log(abs(np.round(np.log(abs(np.prod(5.326850697616042-array_x, axis=1))))))+np.sin(2*np.pi*np.log(abs(np.round(np.log(abs(np.prod(6.131628427893951-array_x, axis=1)))))))",0.0,1.0,1.0,0.75124854,1.0,0.5227587,0.9818036,0.51746273,0.5121668,0.35800946,0.5227587,1.0,0.45363694,0.5555951,0.3048163,0.38192904,0.6271485,0.3797389,0.31991485,0.33329886,0.3329658,0.4504504,0.32056236,0.5683724
"np.log(abs(np.round(np.sum(np.square(np.square(array_x)), axis=1))-np.exp(abs(9.855555736509917))))",0.0,0.9142861,0.28879726,0.0,0.8530222,0.0,0.0,0.0,0.0,0.0,0.0,1.0,0.45363694,0.5555951,0.3048163,0.38192904,0.6271485,0.3797389,0.31991485,0.33329886,0.3329658,0.4504504,0.32056236,0.5683724
"np.log(abs(np.sin(2*np.pi*8.852644935200058+np.sum(7.704068553423893+array_x, axis=1))))",0.8175805,0.5282439,0.0,0.75333095,0.30141047,0.8568657,0.77886915,0.66468066,0.7022714,0.8719094,0.87545586,0.29238003,0.45363694,0.5555951,0.3048163,0.38192904,0.6271485,0.3797389,0.31991485,0.33329886,0.3329658,0.4504504,0.32056236,0.5683724
"np.log(abs(np.sin(2*np.pi*np.log(abs(-(np.sum(np.square(8.802178081434489*np.cos(2*np.pi*np.sqrt(abs(array_x)))-7.5883436380038916), axis=1)))))))",0.8714998,0.65809447,0.10331406,0.80086064,0.7039629,0.6690054,0.78522885,0.7842862,0.78777647,0.790657,0.9054191,0.6467873,0.45363694,0.5555951,0.3048163,0.38192904,0.6271485,0.3797389,0.31991485,0.33329886,0.3329658,0.4504504,0.32056236,0.5683724
"np.log(abs(np.sin(2*np.pi*np.prod(7.066212580029478/array_x, axis=1))))",0.6336678,0.5013949,0.5456391,0.7533119,0.8055551,0.5453671,0.7018194,0.77288467,0.7255268,0.64358884,0.49860105,0.79403675,0.45363694,0.5555951,0.3048163,0.38192904,0.6271485,0.3797389,0.31991485,0.33329886,0.3329658,0.4504504,0.32056236,0.5683724
"np.log(abs(np.sin(2*np.pi*np.sum(np.square(array_x), axis=1))))",0.57429266,0.5317923,0.30992308,0.72723204,0.7808716,0.63869864,0.54093534,0.53070164,0.6418929,0.62247115,0.72458917,0.7167808,0.45363694,0.5555951,0.3048163,0.38192904,0.6271485,0.3797389,0.31991485,0.33329886,0.3329658,0.4504504,0.32056236,0.5683724
"np.log(abs(np.sqrt(abs(np.prod(array_x+1.9850975672617928/5.050926017499274, axis=1)*7.810409153466855-10*(np.square(6.77507341116797))))))",0.85378295,0.05881101,0.0,0.90188897,0.3277911,0.926121,0.8207307,0.79882526,0.8591617,0.93843824,0.8267792,0.091962785,0.45363694,0.5555951,0.3048163,0.38192904,0.6271485,0.3797389,0.31991485,0.33329886,0.3329658,0.4504504,0.32056236,0.5683724
"np.log(abs(np.square(np.sum(array_x-1.6614769383748276*array_x-np.sqrt(abs(4.725769416208311/(np.array(range(1, array_x.shape[1]+1))))), axis=1)/1.9525322072278297)))",0.8793788,0.3943901,0.17158261,0.89500284,0.23559375,0.8580216,0.8558381,0.77991813,0.8298073,0.95527834,0.83996177,0.3077472,0.45363694,0.5555951,0.3048163,0.38192904,0.6271485,0.3797389,0.31991485,0.33329886,0.3329658,0.4504504,0.32056236,0.5683724
"np.log(abs(np.sum(1/(2.849552087403184+array_x+4.127513514230498+np.cos(2*np.pi*np.sqrt(abs(9.395247295310163/array_x))*1.3799423691122994)), axis=1)))+np.sin(2*np.pi*np.log(abs(np.sum(1/(3.056470291010248+array_x+8.636499000769277+np.cos(2*np.pi*np.sqrt(abs(7.882722557650501/array_x))*9.932577869557347)), axis=1))))",0.7483434,0.9139876,0.3541391,0.6611171,0.29979625,0.7967275,0.44641006,0.3255492,0.56573844,0.5993117,0.4519518,0.4716221,0.45363694,0.5555951,0.3048163,0.38192904,0.6271485,0.3797389,0.31991485,0.33329886,0.3329658,0.4504504,0.32056236,0.5683724
"np.log(abs(np.sum(7.3345913940781715+array_x+array_x-array_x/9.845275871617549, axis=1)))",0.41253898,0.99958706,0.0,0.47626546,0.9954523,0.39864364,0.29881504,0.37666157,0.3828171,0.3255494,0.32870564,0.9860928,0.45363694,0.5555951,0.3048163,0.38192904,0.6271485,0.3797389,0.31991485,0.33329886,0.3329658,0.4504504,0.32056236,0.5683724
"np.log(abs(np.sum(array_x, axis=1)))",0.9059069,0.19707721,0.019516017,0.9652048,0.3752709,0.87956244,0.86081445,0.8622108,0.85973597,0.9489746,0.90375346,0.22921899,0.45363694,0.5555951,0.3048163,0.38192904,0.6271485,0.3797389,0.31991485,0.33329886,0.3329658,0.4504504,0.32056236,0.5683724
"np.log(abs(np.sum(array_x, axis=1)/4.7256407577651425))+np.sin(2*np.pi*np.log(abs(np.sum(array_x, axis=1)/1.8070438526843489)))",0.89609367,0.20687737,0.16919382,0.8407353,0.09656495,0.8926578,0.8368399,0.75559074,0.8160721,0.9458414,0.8387474,0.24616097,0.45363694,0.5555951,0.3048163,0.38192904,0.6271485,0.3797389,0.31991485,0.33329886,0.3329658,0.4504504,0.32056236,0.5683724
"np.log(abs(np.sum(array_x, axis=1)/5.951157363645309*np.log(abs(array_x[:,0]+9.602943235727396))-6.200796919902889))+np.sin(2*np.pi*np.log(abs(np.sum(array_x, axis=1)/3.105689058673532*np.log(abs(array_x[:,0]+6.949641780986407))-1.6528381918515862)))",0.8613292,0.28064153,0.0,0.8788282,0.22905053,0.76688343,0.7759817,0.70189595,0.7531751,0.8863088,0.7729789,0.33155835,0.45363694,0.5555951,0.3048163,0.38192904,0.6271485,0.3797389,0.31991485,0.33329886,0.3329658,0.4504504,0.32056236,0.5683724
"np.log(abs(np.sum(np.cos(2*np.pi*1.9935321087992404+np.cos(2*np.pi*array_x))+2.083380282853376, axis=1)))+np.sin(2*np.pi*np.log(abs(np.sum(np.cos(2*np.pi*5.329065642383426+np.cos(2*np.pi*array_x))+3.047483688499511, axis=1))))",0.7057275,0.025741357,0.0,0.579979,0.04947478,0.648885,0.10295981,0.12072318,0.10846202,0.80582726,0.0866859,0.019813582,0.45363694,0.5555951,0.3048163,0.38192904,0.6271485,0.3797389,0.31991485,0.33329886,0.3329658,0.4504504,0.32056236,0.5683724
"np.log(abs(np.sum(np.square(array_x)+1.552766697108508-2.6585686225758995, axis=1)))+10*(np.sin(2*np.pi*np.log(abs(np.sum(np.square(array_x)+4.134878594408224-3.3275990869448964, axis=1)))))",0.43427405,0.42445472,0.42445472,0.3147299,0.37844613,0.42446938,0.37844718,0.7626169,0.7477732,0.48609495,0.66341686,0.31472936,0.45363694,0.5555951,0.3048163,0.38192904,0.6271485,0.3797389,0.31991485,0.33329886,0.3329658,0.4504504,0.32056236,0.5683724
"np.mean((np.array(range(1, array_x.shape[1]+1)))*2.818562616144919+array_x+5.908536707232791-np.sin(2*np.pi*np.cumsum(np.sin(2*np.pi*array_x), axis=1))/array_x*8.533070001518686, axis=1)",1.0,0.99992543,0.0,1.0,0.999653,0.9999999,0.99999946,0.9999997,0.9999998,1.0,0.99999905,0.998113,0.45363694,0.5555951,0.3048163,0.38192904,0.6271485,0.3797389,0.31991485,0.33329886,0.3329658,0.4504504,0.32056236,0.5683724
"np.mean((np.array(range(1, array_x.shape[1]+1)))*4.779791745063356*9.504635536172373+np.exp(array_x)*np.sin(2*np.pi*array_x), axis=1)+10*(np.sin(2*np.pi*np.mean((np.array(range(1, array_x.shape[1]+1)))*4.21832319895202*2.507767698277684+np.exp(array_x)*np.sin(2*np.pi*array_x), axis=1)))",0.11775308,0.9604807,0.93177557,0.3754499,0.90898734,0.23947732,0.5089285,0.6970381,0.5169435,0.4125488,0.47536626,0.9600587,0.45363694,0.5555951,0.3048163,0.38192904,0.6271485,0.3797389,0.31991485,0.33329886,0.3329658,0.4504504,0.32056236,0.5683724
"np.mean((np.array(range(1, array_x.shape[1]+1)))*array_x*(np.array(range(1, array_x.shape[1]+1)))+6.9618118848330255-np.cos(2*np.pi*4.577885712639976+(np.array(range(1, array_x.shape[1]+1)))*array_x), axis=1)",4.521094e-16,0.94527894,0.31936258,1.0823115e-15,0.85395527,6.324418e-15,1.9188225e-05,5.725997e-15,2.0766302e-15,8.4328033e-16,1.2896626e-07,0.89540315,0.45363694,0.5555951,0.3048163,0.38192904,0.6271485,0.3797389,0.31991485,0.33329886,0.3329658,0.4504504,0.32056236,0.5683724
"np.mean((np.array(range(1, array_x.shape[1]+1)))*array_x+9.770524456788923, axis=1)-np.mean(np.sqrt(abs((np.array(range(1, array_x.shape[1]+1)))*array_x)), axis=1)",1.578055e-16,0.93249345,0.36874685,7.551164e-16,0.8060311,9.525216e-16,1.4914204e-06,1.6295955e-15,5.154607e-16,1.4017228e-16,6.625826e-08,0.90788907,0.45363694,0.5555951,0.3048163,0.38192904,0.6271485,0.3797389,0.31991485,0.33329886,0.3329658,0.4504504,0.32056236,0.5683724
"np.mean((np.array(range(1, array_x.shape[1]+1)))*array_x-9.388193047218788/(np.array(range(1, array_x.shape[1]+1)))*array_x+7.177958432056013+np.sin(2*np.pi*(np.array(range(1, array_x.shape[1]+1)))+2.2137334818208902), axis=1)",0.0,0.8382983,0.1964305,3.3595658e-15,1.0,1.890168e-14,4.203469e-06,5.7997824e-15,1.3641194e-15,1.6430727e-15,4.771581e-06,0.80717486,0.45363694,0.5555951,0.3048163,0.38192904,0.6271485,0.3797389,0.31991485,0.33329886,0.3329658,0.4504504,0.32056236,0.5683724
"np.mean((np.array(range(1, array_x.shape[1]+1)))*np.square(array_x)+(np.array(range(1, array_x.shape[1]+1)))/7.298478039479368, axis=1)+np.sin(2*np.pi*np.mean((np.array(range(1, array_x.shape[1]+1)))*np.square(array_x)+(np.array(range(1, array_x.shape[1]+1)))/7.821233073005148, axis=1))",0.0103954505,5.4414495e-10,0.24997088,0.0071292627,0.9992159,0.011838358,0.0013717647,8.578495e-06,7.384953e-05,0.48807147,0.00022000643,0.74942726,0.45363694,0.5555951,0.3048163,0.38192904,0.6271485,0.3797389,0.31991485,0.33329886,0.3329658,0.4504504,0.32056236,0.5683724
"np.mean((np.array(range(1, array_x.shape[1]+1)))+6.862676061640317/np.sqrt(abs((np.array(range(1, array_x.shape[1]+1)))+9.871688971825844/array_x+4.695378496569246))-np.cos(2*np.pi*np.sin(2*np.pi*np.exp(array_x))), axis=1)",0.8172444,0.47022933,0.32797655,0.7187225,0.5329922,0.5500964,0.6845169,0.69837236,0.43104708,0.8923715,0.4929109,0.4820113,0.45363694,0.5555951,0.3048163,0.38192904,0.6271485,0.3797389,0.31991485,0.33329886,0.3329658,0.4504504,0.32056236,0.5683724
"np.mean((np.array(range(1, array_x.shape[1]+1)))+np.sqrt(abs(8.347198521522778))*7.93265294645557-1/(np.sin(2*np.pi*np.square(np.log(abs(array_x)))*3.612880110399062)), axis=1)+np.sin(2*np.pi*np.mean((np.array(range(1, array_x.shape[1]+1)))+np.sqrt(abs(6.2634904019028586))*8.792906994974143-1/(np.sin(2*np.pi*np.square(np.log(abs(array_x)))*8.61204393620109)), axis=1))",1.0,0.9999142,0.96184,1.0,0.99999845,1.0,1.0,1.0,1.0,1.0,1.0,0.9950877,0.45363694,0.5555951,0.3048163,0.38192904,0.6271485,0.3797389,0.31991485,0.33329886,0.3329658,0.4504504,0.32056236,0.5683724
"np.mean((np.array(range(1, array_x.shape[1]+1)))-abs(array_x), axis=1)",1.147014e-15,0.8845105,0.008487093,1.0603614e-15,0.69082224,1.2211564e-15,1.0081228e-08,1.1124035e-16,1.315772e-16,4.3141884e-16,1.5273114e-08,0.9971712,0.45363694,0.5555951,0.3048163,0.38192904,0.6271485,0.3797389,0.31991485,0.33329886,0.3329658,0.4504504,0.32056236,0.5683724
"np.mean((np.array(range(1, array_x.shape[1]+1)))/5.508296391407701+7.594283222172461+np.round(np.cos(2*np.pi*3.219592880658896))+np.cos(2*np.pi*array_x), axis=1)",0.8628799,0.02574036,0.0,0.45985025,0.13737403,0.6510119,0.107211016,0.29484555,0.20572883,1.0,0.15314896,0.03132397,0.45363694,0.5555951,0.3048163,0.38192904,0.6271485,0.3797389,0.31991485,0.33329886,0.3329658,0.4504504,0.32056236,0.5683724
"np.mean((np.array(range(1, array_x.shape[1]+1)))/8.993642600947101*np.exp(array_x), axis=1)+np.sin(2*np.pi*np.mean((np.array(range(1, array_x.shape[1]+1)))/8.373996207123405*np.exp(array_x), axis=1))",0.6215603,8.756831e-08,0.0,0.5842981,4.8156714e-08,0.1533799,0.0026708154,0.03164568,0.17315271,0.33639252,0.04261718,1.3039978e-07,0.45363694,0.5555951,0.3048163,0.38192904,0.6271485,0.3797389,0.31991485,0.33329886,0.3329658,0.4504504,0.32056236,0.5683724
"np.mean(-((np.array(range(1, array_x.shape[1]+1)))*array_x)-np.square(np.square((np.array(range(1, array_x.shape[1]+1)))*array_x)), axis=1)",1.0098505e-05,0.9634588,0.27304342,1.7249951e-05,0.73387927,1.3913614e-05,0.00020183432,1.9124993e-05,2.019509e-05,1.2676831e-05,0.000101999256,0.78332734,0.45363694,0.5555951,0.3048163,0.38192904,0.6271485,0.3797389,0.31991485,0.33329886,0.3329658,0.4504504,0.32056236,0.5683724
"np.mean(-(1.065709710429998/np.square(1.4339271261145883+array_x/np.cos(2*np.pi*array_x))), axis=1)",1.0,0.864209,0.6458805,1.0,1.0,1.0,1.0,1.0,1.0,1.0,1.0,0.9999999,0.45363694,0.5555951,0.3048163,0.38192904,0.6271485,0.3797389,0.31991485,0.33329886,0.3329658,0.4504504,0.32056236,0.5683724
"np.mean(-(1/(3.2306317980019994+array_x)+7.833945066524735+np.sqrt(abs(np.exp(4.742860639259513)))), axis=1)",1.0,0.6896512,0.9875921,1.0,0.99986064,1.0,0.99999964,1.0,1.0,1.0,1.0,0.3441843,0.45363694,0.5555951,0.3048163,0.38192904,0.6271485,0.3797389,0.31991485,0.33329886,0.3329658,0.4504504,0.32056236,0.5683724
"np.mean(-(10*(4.563316992151805+10*(array_x*5.265866353691332)+abs(7.1338236701276845)*np.cos(2*np.pi*array_x))), axis=1)",0.0,0.94660586,0.3853648,9.300555e-16,0.9003796,4.4659246e-16,2.6638554e-08,4.4413585e-16,9.606856e-16,2.1173059e-16,3.9290917e-09,0.90001446,0.45363694,0.5555951,0.3048163,0.38192904,0.6271485,0.3797389,0.31991485,0.33329886,0.3329658,0.4504504,0.32056236,0.5683724
"np.mean(-(10*(np.cos(2*np.pi*array_x))/array_x-4.046437307802368)*np.log(abs(np.log(abs(np.log(abs(1.4682651620987537))-2.337456075345518*(np.array(range(1, array_x.shape[1]+1)))))))+9.090181559842613, axis=1)",1.0,0.9999537,0.0,1.0,0.9999794,1.0,0.99999934,0.9999995,0.9999999,1.0,0.9999995,0.9491449,0.45363694,0.5555951,0.3048163,0.38192904,0.6271485,0.3797389,0.31991485,0.33329886,0.3329658,0.4504504,0.32056236,0.5683724
"np.mean(-(10*(np.sqrt(abs(7.196629087589068)))+2.8784131424261448/abs(array_x)), axis=1)+np.sin(2*np.pi*np.mean(-(10*(np.sqrt(abs(4.273274116780897)))+1.6696342910460429/abs(array_x)), axis=1))",1.0,0.0,0.9993886,1.0,0.9999983,1.0,1.0,1.0,1.0,1.0,1.0,0.9155426,0.45363694,0.5555951,0.3048163,0.38192904,0.6271485,0.3797389,0.31991485,0.33329886,0.3329658,0.4504504,0.32056236,0.5683724
"np.mean(-(2.266253976973269/array_x+8.217494231243002-array_x), axis=1)",1.0,0.52380043,0.28391033,1.0,0.9997916,0.99999994,0.9999994,0.99999994,0.99999994,1.0,0.9999975,0.99990743,0.45363694,0.5555951,0.3048163,0.38192904,0.6271485,0.3797389,0.31991485,0.33329886,0.3329658,0.4504504,0.32056236,0.5683724
"np.mean(-(2.5923378648786923)-array_x*3.793899802191686, axis=1)+np.sin(2*np.pi*np.mean(-(9.004931075864409)-array_x*3.7900949543996316, axis=1))",5.827266e-07,1.0,0.7638889,2.0176081e-08,0.80360276,3.4006472e-08,0.20202795,9.139161e-09,2.0944089e-09,3.529364e-08,0.11111116,0.9993351,0.45363694,0.5555951,0.3048163,0.38192904,0.6271485,0.3797389,0.31991485,0.33329886,0.3329658,0.4504504,0.32056236,0.5683724
"np.mean(-(3.1844551437046507/1.188012530438007*array_x-abs(3.7390318719375895)), axis=1)+np.sin(2*np.pi*np.mean(-(6.284633912108377/1.2990178384672997*array_x-abs(5.992930549599177)), axis=1))",0.0,1.0,0.82085526,0.06548529,0.8878698,0.06548531,0.14336158,0.06548529,0.0654853,2.5196565e-11,0.14336157,0.9349794,0.45363694,0.5555951,0.3048163,0.38192904,0.6271485,0.3797389,0.31991485,0.33329886,0.3329658,0.4504504,0.32056236,0.5683724
"np.mean(-(3.249509487222793-array_x*np.cos(2*np.pi*7.681502320142591)), axis=1)+np.sin(2*np.pi*np.mean(-(3.774209032532514-array_x*np.cos(2*np.pi*7.7887438093482935)), axis=1))",0.4905328,1.7279254e-08,4.2310124e-09,0.024602694,3.373433e-08,0.020038273,0.005112677,0.021434627,0.033561032,0.17555371,0.10627231,7.086583e-09,0.45363694,0.5555951,0.3048163,0.38192904,0.6271485,0.3797389,0.31991485,0.33329886,0.3329658,0.4504504,0.32056236,0.5683724
"np.mean(-(3.5033128858933282+array_x), axis=1)+np.sin(2*np.pi*np.mean(-(3.966960208891249+array_x), axis=1))",1.6863161e-06,0.99999976,0.99999976,0.6666673,0.99999964,0.6666666,0.99999994,0.8333315,0.666667,1.2444086e-07,0.6666665,0.99999976,0.45363694,0.5555951,0.3048163,0.38192904,0.6271485,0.3797389,0.31991485,0.33329886,0.3329658,0.4504504,0.32056236,0.5683724
"np.mean(-(5.06955702656763*np.round(1.6308924958494067*array_x-array_x)), axis=1)",0.0,0.96428573,0.82575756,0.0,0.78571427,0.0,0.0,0.0,0.0,0.0,0.0,0.8869048,0.45363694,0.5555951,0.3048163,0.38192904,0.6271485,0.3797389,0.31991485,0.33329886,0.3329658,0.4504504,0.32056236,0.5683724
"np.mean(-(6.336334008449545/np.sqrt(abs(6.6995527483647805-array_x))), axis=1)",1.7923304e-15,0.90142554,0.5036669,1.4759824e-15,0.8620102,4.0419287e-16,9.368036e-07,1.2663866e-13,4.071955e-15,0.0,1.4507852e-06,0.9485922,0.45363694,0.5555951,0.3048163,0.38192904,0.6271485,0.3797389,0.31991485,0.33329886,0.3329658,0.4504504,0.32056236,0.5683724
"np.mean(-(6.4841347589824325-array_x+5.233077450629079)/9.03499837661531-np.round(np.square(array_x)), axis=1)+np.sin(2*np.pi*np.mean(-(1.7749811970509914-array_x+5.137007341956997)/5.043014583332985-np.round(np.square(array_x)), axis=1))",0.004006091,0.9101746,0.5576111,0.008555596,0.75202626,2.8322464e-10,0.076665215,4.0434313e-07,0.008660373,0.0050177663,0.035693135,1.0,0.45363694,0.5555951,0.3048163,0.38192904,0.6271485,0.3797389,0.31991485,0.33329886,0.3329658,0.4504504,0.32056236,0.5683724
"np.mean(-(7.6250775525706995*9.036225507696898*4.122526911031829-array_x-9.855939804329456-np.cos(2*np.pi*array_x))*np.sin(2*np.pi*array_x*(np.array(range(1, array_x.shape[1]+1)))/1.620962178321955*array_x), axis=1)",0.6174221,0.36271125,0.0,0.5272237,0.4387657,0.7699368,0.52606535,0.6139478,0.68527913,0.6680643,0.6107646,0.27778774,0.45363694,0.5555951,0.3048163,0.38192904,0.6271485,0.3797389,0.31991485,0.33329886,0.3329658,0.4504504,0.32056236,0.5683724
"np.mean(-(8.241251606135709*np.round(1.5759773525732896+array_x))*np.square(4.645947790972771), axis=1)",0.0,0.9488506,0.64608693,0.0,0.84637684,0.0,0.0,0.0,0.0,0.0,0.0,0.96,0.45363694,0.5555951,0.3048163,0.38192904,0.6271485,0.3797389,0.31991485,0.33329886,0.3329658,0.4504504,0.32056236,0.5683724
"np.mean(-(8.870311358202507+np.cos(2*np.pi*np.sqrt(abs(array_x)))), axis=1)",1.0,0.10195368,0.0,0.30389276,0.15971407,0.25917327,0.019394625,0.051260088,0.039411265,0.68599886,0.007632854,0.07713528,0.45363694,0.5555951,0.3048163,0.38192904,0.6271485,0.3797389,0.31991485,0.33329886,0.3329658,0.4504504,0.32056236,0.5683724
"np.mean(-(9.08531953868204+np.cos(2*np.pi*2.176215532750217)-np.log(abs(9.837958381902638+array_x))), axis=1)",0.0,0.97508055,0.29268095,0.0,0.9083686,0.0,3.522298e-08,0.0,0.0,0.0,1.818926e-07,0.8692927,0.45363694,0.5555951,0.3048163,0.38192904,0.6271485,0.3797389,0.31991485,0.33329886,0.3329658,0.4504504,0.32056236,0.5683724
"np.mean(-(9.889347177165808-np.log(abs(array_x+8.749433851720163))*2.650454245954809), axis=1)",3.6634363e-16,0.8982224,0.49159464,0.0,0.9812339,2.1332023e-15,2.8205253e-07,3.3663887e-15,9.584292e-16,4.3329737e-16,2.7192343e-07,0.9677662,0.45363694,0.5555951,0.3048163,0.38192904,0.6271485,0.3797389,0.31991485,0.33329886,0.3329658,0.4504504,0.32056236,0.5683724
"np.mean(-(9.895773291662413*(np.array(range(1, array_x.shape[1]+1)))*np.round(array_x)-np.square(7.326431517933343)/4.238721460842735/array_x+2.9240505197441435), axis=1)",1.0,0.9928425,0.9572547,1.0,0.999914,1.0,0.9999999,1.0,1.0,1.0,0.9999998,0.9703263,0.45363694,0.5555951,0.3048163,0.38192904,0.6271485,0.3797389,0.31991485,0.33329886,0.3329658,0.4504504,0.32056236,0.5683724
"np.mean(-(9.964097398722389)*np.square(array_x), axis=1)+np.sin(2*np.pi*np.mean(-(8.942052119338388)*np.square(array_x), axis=1))",1.1932667e-09,0.9999947,0.12297916,2.1300268e-09,0.66876465,3.7153718e-09,0.013515983,3.0919012e-10,4.595498e-11,2.1340584e-08,0.006666668,0.9571302,0.45363694,0.5555951,0.3048163,0.38192904,0.6271485,0.3797389,0.31991485,0.33329886,0.3329658,0.4504504,0.32056236,0.5683724
"np.mean(-(abs(6.908767123698853))/1.8073014575810948+array_x, axis=1)+np.sin(2*np.pi*np.mean(-(abs(6.802091459925692))/9.608045547301398+array_x, axis=1))",0.33333325,0.9999998,0.99999946,0.5833331,0.9999998,0.8749992,0.99999887,0.6666524,0.7083333,0.0,1.0,0.9999999,0.45363694,0.5555951,0.3048163,0.38192904,0.6271485,0.3797389,0.31991485,0.33329886,0.3329658,0.4504504,0.32056236,0.5683724
"np.mean(-(abs(array_x))-np.sin(2*np.pi*2.1143610560570982), axis=1)+np.sin(2*np.pi*np.mean(-(abs(array_x))-np.sin(2*np.pi*5.133754993209164), axis=1))",5.589414e-06,0.9999936,0.9999936,0.9999623,0.99999464,0.9999948,0.999996,0.7499962,0.99996096,0.001431625,0.99999857,0.9999954,0.45363694,0.5555951,0.3048163,0.38192904,0.6271485,0.3797389,0.31991485,0.33329886,0.3329658,0.4504504,0.32056236,0.5683724
"np.mean(-(abs(np.sqrt(abs(array_x))/9.354693319609476*9.806476454168475)), axis=1)+np.sin(2*np.pi*np.mean(-(abs(np.sqrt(abs(array_x))/9.770571114957352*3.721071312249242)), axis=1))",0.11043828,5.695063e-08,0.0,0.054922596,1.9540454e-07,0.09407022,0.0066285785,0.027554803,0.0065815956,0.43319649,0.025517674,8.4649616e-07,0.45363694,0.5555951,0.3048163,0.38192904,0.6271485,0.3797389,0.31991485,0.33329886,0.3329658,0.4504504,0.32056236,0.5683724
"np.mean(-(array_x), axis=1)+10*(np.sin(2*np.pi*np.mean(-(array_x), axis=1)))",0.00029146575,0.99989873,0.9999758,0.5000711,0.74994344,0.3954516,0.74995583,0.49996862,0.9999455,0.25338,0.5766186,0.4999943,0.45363694,0.5555951,0.3048163,0.38192904,0.6271485,0.3797389,0.31991485,0.33329886,0.3329658,0.4504504,0.32056236,0.5683724
"np.mean(-(array_x+2.3530406416145575*1.708749390221857+np.sin(2*np.pi*array_x)), axis=1)",0.059218794,0.96847534,0.97329396,0.03440554,0.84823215,0.030956613,0.1397426,0.046508905,0.032767046,0.04490799,0.007131087,0.8807583,0.45363694,0.5555951,0.3048163,0.38192904,0.6271485,0.3797389,0.31991485,0.33329886,0.3329658,0.4504504,0.32056236,0.5683724
"np.mean(-(array_x/np.log(abs(array_x))), axis=1)",1.0,0.95479923,0.0,1.0,0.99998134,1.0,0.9999998,1.0,0.99999994,1.0,0.9999997,0.99964285,0.45363694,0.5555951,0.3048163,0.38192904,0.6271485,0.3797389,0.31991485,0.33329886,0.3329658,0.4504504,0.32056236,0.5683724
"np.mean(-(np.cos(2*np.pi*4.131405726589455-array_x/9.259764537641752-array_x+array_x)), axis=1)",0.0,0.9105807,0.30486917,0.0,0.90719444,0.0,6.4236986e-08,0.0,0.0,0.0,2.9184366e-09,0.94340765,0.45363694,0.5555951,0.3048163,0.38192904,0.6271485,0.3797389,0.31991485,0.33329886,0.3329658,0.4504504,0.32056236,0.5683724
"np.mean(-(np.cos(2*np.pi*abs(array_x-8.793128401932202)/np.sin(2*np.pi*1/(6.809029166798915)))), axis=1)",0.5632098,0.023245357,0.0,0.76292217,0.0955804,0.7044565,0.3823649,0.19679831,0.30951017,1.0,0.3064295,0.026705088,0.45363694,0.5555951,0.3048163,0.38192904,0.6271485,0.3797389,0.31991485,0.33329886,0.3329658,0.4504504,0.32056236,0.5683724
"np.mean(-(np.cos(2*np.pi*np.cos(2*np.pi*np.cos(2*np.pi*array_x-array_x)))), axis=1)",0.18272658,0.13997033,0.0,0.6354518,0.14599411,0.4059967,0.38146973,0.33434394,0.36403596,0.64781904,0.24321814,0.123542875,0.45363694,0.5555951,0.3048163,0.38192904,0.6271485,0.3797389,0.31991485,0.33329886,0.3329658,0.4504504,0.32056236,0.5683724
"np.mean(-(np.exp(array_x)+abs(1.6004395099858884)*np.square(array_x)/6.042160866027247*np.square(7.537794029914294)-np.sqrt(abs(array_x))), axis=1)",0.04088387,1.0,0.30224782,9.081491e-15,0.8383569,0.0778106,0.08764636,0.0,0.10986381,0.11485659,0.036926903,0.841216,0.45363694,0.5555951,0.3048163,0.38192904,0.6271485,0.3797389,0.31991485,0.33329886,0.3329658,0.4504504,0.32056236,0.5683724
"np.mean(-(np.log(abs(3.491095434654707-np.log(abs(8.501283494191116-array_x))+np.sin(2*np.pi*4.677096244063674)/array_x))), axis=1)",0.9875167,0.0015100612,0.19660532,0.85198426,0.36477682,0.8526439,0.61507547,0.749209,0.7302663,0.9985056,0.6203028,0.15592088,0.45363694,0.5555951,0.3048163,0.38192904,0.6271485,0.3797389,0.31991485,0.33329886,0.3329658,0.4504504,0.32056236,0.5683724
"np.mean(-(np.log(abs(6.043381225849123))*np.round(np.sin(2*np.pi*np.square(7.851701193413209-array_x)))), axis=1)",0.5833333,0.5,0.0,0.41666666,0.41666666,0.41666666,0.5,0.16666667,0.5,0.5,0.0,0.16666667,0.45363694,0.5555951,0.3048163,0.38192904,0.6271485,0.3797389,0.31991485,0.33329886,0.3329658,0.4504504,0.32056236,0.5683724
"np.mean(-(np.log(abs(6.449244137201988+2.2627849434192053/np.sqrt(abs(-(array_x)))))), axis=1)+np.sin(2*np.pi*np.mean(-(np.log(abs(8.123869077570308+2.916580479393321/np.sqrt(abs(-(array_x)))))), axis=1))",0.2520782,0.97772974,0.854084,0.27617532,0.95442504,0.30368596,0.34788114,0.13237387,0.0,0.28616583,0.48924467,1.0,0.45363694,0.5555951,0.3048163,0.38192904,0.6271485,0.3797389,0.31991485,0.33329886,0.3329658,0.4504504,0.32056236,0.5683724
"np.mean(-(np.log(abs(9.563862764512905-array_x)))*np.cos(2*np.pi*array_x), axis=1)",0.91018254,0.09252355,0.02465183,0.6535135,0.2081973,0.62763005,0.22318973,0.31502098,0.25121143,0.87785363,0.18670014,0.08362933,0.45363694,0.5555951,0.3048163,0.38192904,0.6271485,0.3797389,0.31991485,0.33329886,0.3329658,0.4504504,0.32056236,0.5683724
"np.mean(-(np.log(abs(array_x+4.687411459730707)))-np.square(3.7345218896276133+np.sqrt(abs(array_x))+9.14879308596191/1.333349271333038), axis=1)",0.0,0.9440201,0.07021304,0.0,0.8193123,4.812727e-15,6.7295156e-07,0.0,0.02642541,0.0,3.1687183e-08,0.9261225,0.45363694,0.5555951,0.3048163,0.38192904,0.6271485,0.3797389,0.31991485,0.33329886,0.3329658,0.4504504,0.32056236,0.5683724
"np.mean(-(np.round(np.sqrt(abs(abs(3.1332951733886523)-array_x))/np.sin(2*np.pi*abs(5.698533422738228*array_x))*np.sqrt(abs(6.344885307030997)))), axis=1)+10*(np.sin(2*np.pi*np.mean(-(np.round(np.sqrt(abs(abs(8.31758221200369)-array_x))/np.sin(2*np.pi*abs(5.8327267685684845*array_x))*np.sqrt(abs(2.28629849929158)))), axis=1)))",0.9750707,0.96362925,0.0,0.9491731,0.8480791,0.99963295,0.98015356,0.99783987,0.99774873,0.9635227,0.9788693,0.96989554,0.45363694,0.5555951,0.3048163,0.38192904,0.6271485,0.3797389,0.31991485,0.33329886,0.3329658,0.4504504,0.32056236,0.5683724
"np.mean(-(np.round(np.sqrt(abs(array_x-np.square(array_x)-8.308318047185313)))), axis=1)+10*(np.sin(2*np.pi*np.mean(-(np.round(np.sqrt(abs(array_x-np.square(array_x)-6.962468850864454)))), axis=1)))",0.36666667,1.0,0.6,0.33333334,1.0,0.26785713,0.0,0.25,0.17142858,0.4,0.2,0.9166667,0.45363694,0.5555951,0.3048163,0.38192904,0.6271485,0.3797389,0.31991485,0.33329886,0.3329658,0.4504504,0.32056236,0.5683724
"np.mean(-(np.sin(2*np.pi*1/(array_x))), axis=1)",0.5908844,0.13968793,0.016678926,0.36091614,0.25950804,0.48601982,0.11352916,0.26798427,0.22591446,0.30156544,0.11280162,0.09664342,0.45363694,0.5555951,0.3048163,0.38192904,0.6271485,0.3797389,0.31991485,0.33329886,0.3329658,0.4504504,0.32056236,0.5683724
"np.mean(-(np.sin(2*np.pi*2.568284777137516-array_x)*np.sin(2*np.pi*6.083232388973245)), axis=1)+np.sin(2*np.pi*np.mean(-(np.sin(2*np.pi*3.9889667765067656-array_x)*np.sin(2*np.pi*2.893777203928793)), axis=1))",0.31710467,0.52358437,0.07055375,0.14485995,0.8053426,0.11447824,0.011855125,0.0025464245,0.014288768,0.30374125,0.02877001,0.80210334,0.45363694,0.5555951,0.3048163,0.38192904,0.6271485,0.3797389,0.31991485,0.33329886,0.3329658,0.4504504,0.32056236,0.5683724
"np.mean(-(np.sin(2*np.pi*3.983969288115236/array_x)+2.2871425732820776), axis=1)+10*(np.sin(2*np.pi*np.mean(-(np.sin(2*np.pi*2.9648072704692705/array_x)+7.225460541554925), axis=1)))",0.60295266,0.48463953,0.27719313,0.74231267,0.5238693,0.5999117,0.47149426,0.8556706,0.55198497,0.6425104,0.5699998,0.5704349,0.45363694,0.5555951,0.3048163,0.38192904,0.6271485,0.3797389,0.31991485,0.33329886,0.3329658,0.4504504,0.32056236,0.5683724
"np.mean(-(np.sin(2*np.pi*np.exp(abs(array_x-(np.array(range(1, array_x.shape[1]+1))))))), axis=1)+np.sin(2*np.pi*np.mean(-(np.sin(2*np.pi*np.exp(abs(array_x-(np.array(range(1, array_x.shape[1]+1))))))), axis=1))",0.239483,0.1447726,0.05924008,0.054147493,0.23090193,0.13918915,0.08566993,0.021194927,0.5694601,0.21576914,0.004256906,0.09036756,0.45363694,0.5555951,0.3048163,0.38192904,0.6271485,0.3797389,0.31991485,0.33329886,0.3329658,0.4504504,0.32056236,0.5683724
"np.mean(-(np.sqrt(abs(8.921842591322687))*-(array_x)), axis=1)+np.sin(2*np.pi*np.mean(-(np.sqrt(abs(8.419431764816856))*-(array_x)), axis=1))",3.3718575e-07,1.0,0.8611111,1.8938874e-08,1.0,0.0954545,0.23611133,0.099999994,0.1180556,1.1286026e-07,0.19444588,0.89875644,0.45363694,0.5555951,0.3048163,0.38192904,0.6271485,0.3797389,0.31991485,0.33329886,0.3329658,0.4504504,0.32056236,0.5683724
"np.mean(-(np.sqrt(abs(array_x)))*2.3531689835741023, axis=1)",0.0,0.92645264,0.034176845,1.4560836e-15,0.64148587,3.8812867e-15,1.20128165e-08,0.0,0.0,0.0,6.541801e-09,1.0,0.45363694,0.5555951,0.3048163,0.38192904,0.6271485,0.3797389,0.31991485,0.33329886,0.3329658,0.4504504,0.32056236,0.5683724
"np.mean(-(np.sqrt(abs(array_x)))/array_x, axis=1)",0.9999847,0.893154,0.5874356,0.9999557,0.9945779,0.99997747,0.99983066,0.9999565,0.99996716,0.9999936,0.9994518,0.7076565,0.45363694,0.5555951,0.3048163,0.38192904,0.6271485,0.3797389,0.31991485,0.33329886,0.3329658,0.4504504,0.32056236,0.5683724
"np.mean(-(np.sqrt(abs(np.log(abs(9.194458752904058))*array_x-array_x))/np.sin(2*np.pi*array_x)*np.square(np.round(2.791946224721089)+array_x)), axis=1)",0.99999875,0.99999994,0.99963385,1.0,1.0,1.0,1.0,1.0,1.0,1.0,0.9999985,0.9999997,0.45363694,0.5555951,0.3048163,0.38192904,0.6271485,0.3797389,0.31991485,0.33329886,0.3329658,0.4504504,0.32056236,0.5683724
"np.mean(-(np.square((np.array(range(1, array_x.shape[1]+1)))*array_x)), axis=1)",1.951306e-15,0.8508448,0.16376746,4.609026e-15,0.6465769,2.1449727e-15,1.3941823e-06,1.7703975e-15,1.1305335e-15,0.0,1.0028383e-06,0.98614234,0.45363694,0.5555951,0.3048163,0.38192904,0.6271485,0.3797389,0.31991485,0.33329886,0.3329658,0.4504504,0.32056236,0.5683724
"np.mean(-(np.square(3.6618363578404383)/np.cos(2*np.pi*array_x)), axis=1)",0.99997807,0.9894385,0.0,0.99992543,0.99377674,0.99994594,0.999713,0.9997308,0.9998862,0.9999313,0.9997545,0.86923254,0.45363694,0.5555951,0.3048163,0.38192904,0.6271485,0.3797389,0.31991485,0.33329886,0.3329658,0.4504504,0.32056236,0.5683724
"np.mean(-(np.square(8.142811917171954+array_x*3.6839899525537483*4.357805117138544+array_x)), axis=1)+np.sin(2*np.pi*np.mean(-(np.square(8.678572896732762+array_x*2.770491182806612*8.817123987509982+array_x)), axis=1))",0.09933318,0.96343356,0.20038472,0.13566372,0.78755724,0.12334148,0.111511104,0.04746057,0.12178524,0.11510869,0.09609292,0.9119158,0.45363694,0.5555951,0.3048163,0.38192904,0.6271485,0.3797389,0.31991485,0.33329886,0.3329658,0.4504504,0.32056236,0.5683724
"np.mean(-(np.square(array_x+array_x-9.025739203621981)*array_x)/np.log(abs(3.2632129636659695+array_x)), axis=1)",1.0,0.98880696,0.0,0.9999998,0.99974275,0.99999994,0.99999183,0.9999997,0.9999995,0.99999994,0.9999984,0.9988204,0.45363694,0.5555951,0.3048163,0.38192904,0.6271485,0.3797389,0.31991485,0.33329886,0.3329658,0.4504504,0.32056236,0.5683724
"np.mean(-(np.square(np.cos(2*np.pi*np.sqrt(abs(array_x))+np.sin(2*np.pi*9.753069223743678)+5.890930703390489-np.cos(2*np.pi*array_x)))), axis=1)",0.9515797,0.06945639,0.0,0.5084778,0.20616345,0.7737949,0.11177236,0.4203108,0.282179,0.6582191,0.52812535,0.19182076,0.45363694,0.5555951,0.3048163,0.38192904,0.6271485,0.3797389,0.31991485,0.33329886,0.3329658,0.4504504,0.32056236,0.5683724
"np.mean(-(np.square(np.sqrt(abs(array_x))*np.square(7.188603131108662+9.075479480721032*array_x)-np.exp(array_x*array_x/array_x-5.963391333427042)*array_x+3.2926467050267534)), axis=1)+np.sin(2*np.pi*np.mean(-(np.square(np.sqrt(abs(array_x))*np.square(4.7781876266775605+5.895809792935838*array_x)-np.exp(array_x*array_x/array_x-7.1817822660660715)*array_x+8.918306952319995)), axis=1))",0.14557053,0.9688777,0.61011523,0.24284399,0.8724365,2.0977777e-15,0.35500005,0.32503074,0.24967818,0.23051438,0.15803806,0.997993,0.45363694,0.5555951,0.3048163,0.38192904,0.6271485,0.3797389,0.31991485,0.33329886,0.3329658,0.4504504,0.32056236,0.5683724
"np.mean(1.021892771215172+array_x/2.9093304964575943, axis=1)+np.sin(2*np.pi*np.mean(4.764319299606431+array_x/8.11583372863944, axis=1))",0.16390935,6.514595e-07,0.0,0.11871646,8.067016e-06,0.06579261,0.012762369,0.08603621,0.05521873,0.34792125,0.018234361,4.671825e-08,0.45363694,0.5555951,0.3048163,0.38192904,0.6271485,0.3797389,0.31991485,0.33329886,0.3329658,0.4504504,0.32056236,0.5683724
"np.mean(1.1144422975488715/np.sqrt(abs(7.115669747931895/(np.array(range(1, array_x.shape[1]+1)))*array_x)), axis=1)+np.sin(2*np.pi*np.mean(2.5712179377226096/np.sqrt(abs(1.51278211601758/(np.array(range(1, array_x.shape[1]+1)))*array_x)), axis=1))",0.7011806,4.2378806e-06,1.959421e-08,0.18593046,2.4544142e-06,0.01844826,0.09882378,0.002093407,0.09579689,0.18203129,0.48616087,9.004701e-08,0.45363694,0.5555951,0.3048163,0.38192904,0.6271485,0.3797389,0.31991485,0.33329886,0.3329658,0.4504504,0.32056236,0.5683724
"np.mean(1.1225855861119158-np.round(array_x)*array_x+3.7146178555253284-7.361464662964001, axis=1)",0.0,0.9658281,0.091119364,2.0276914e-15,0.6992029,2.622543e-15,3.454521e-08,0.0,0.0,2.2344907e-15,1.4800646e-08,0.986194,0.45363694,0.5555951,0.3048163,0.38192904,0.6271485,0.3797389,0.31991485,0.33329886,0.3329658,0.4504504,0.32056236,0.5683724
"np.mean(1.1336935451645016+np.exp(array_x)-np.sqrt(abs(2.7680632652559627-array_x+4.003880485543914*(np.array(range(1, array_x.shape[1]+1)))*array_x+9.278449612183874)), axis=1)",8.936414e-08,0.91689044,0.5158263,0.08777964,0.88950557,0.015011781,0.4673556,1.2843004e-09,0.041693296,8.561713e-09,0.45422006,0.89974767,0.45363694,0.5555951,0.3048163,0.38192904,0.6271485,0.3797389,0.31991485,0.33329886,0.3329658,0.4504504,0.32056236,0.5683724
"np.mean(1.1340394266883047/array_x, axis=1)+np.sin(2*np.pi*np.mean(3.1903088842547835/array_x, axis=1))",1.0,0.91557467,0.0,1.0,0.9966868,1.0,0.99999905,1.0,1.0,1.0,0.9999998,0.99689364,0.45363694,0.5555951,0.3048163,0.38192904,0.6271485,0.3797389,0.31991485,0.33329886,0.3329658,0.4504504,0.32056236,0.5683724
"np.mean(1.1632397956199454+array_x, axis=1)+np.sin(2*np.pi*np.mean(8.683322579929008+array_x, axis=1))",1.2721273e-05,0.9999997,0.9999997,0.8333331,0.9999998,0.5833341,0.99999917,0.66666675,0.99998,1.5480543e-07,0.99998003,0.9999998,0.45363694,0.5555951,0.3048163,0.38192904,0.6271485,0.3797389,0.31991485,0.33329886,0.3329658,0.4504504,0.32056236,0.5683724
"np.mean(1.20637592806749/4.6285788565476516+(np.array(range(1, array_x.shape[1]+1)))*array_x*np.cos(2*np.pi*(np.array(range(1, array_x.shape[1]+1)))*array_x), axis=1)",0.47955224,0.8558287,0.30231932,0.6334778,0.86377585,0.49684778,0.5140635,0.29929358,0.55077314,0.5522984,0.537054,0.64193547,0.45363694,0.5555951,0.3048163,0.38192904,0.6271485,0.3797389,0.31991485,0.33329886,0.3329658,0.4504504,0.32056236,0.5683724
"np.mean(1.2216377911068248*np.square(array_x+4.023344761683056)*np.log(abs(6.976474399098239))+1.3902990968707556*array_x, axis=1)+np.sin(2*np.pi*np.mean(2.085115079651888*np.square(array_x+8.1803527768617)*np.log(abs(7.645993734698314))+8.171816810018834*array_x, axis=1))",0.016619906,0.72246766,0.28325298,0.0056038164,1.0,0.009466258,0.0032177742,0.006107985,0.002750468,0.016648572,0.005393618,0.79642284,0.45363694,0.5555951,0.3048163,0.38192904,0.6271485,0.3797389,0.31991485,0.33329886,0.3329658,0.4504504,0.32056236,0.5683724
"np.mean(1.2264355598781336*array_x+6.965100207467886*np.exp(9.592204269234927)*np.exp(5.405218028847833*array_x*2.5123710963827004), axis=1)",7.4272896e-20,0.03818565,0.010905218,1.9729364e-17,1.0,4.1870364e-17,3.1051994e-09,5.750121e-17,1.08275083e-16,0.0,9.023478e-08,0.5869253,0.45363694,0.5555951,0.3048163,0.38192904,0.6271485,0.3797389,0.31991485,0.33329886,0.3329658,0.4504504,0.32056236,0.5683724
"np.mean(1.231605662836752-array_x-np.square(3.0442324704112256)*np.exp(np.sqrt(abs(np.sqrt(abs(-(np.round(1.8466467855343314)+np.exp(array_x))))))), axis=1)",0.0794347,0.9984383,0.49135023,1.5501216e-06,0.86910313,2.8618377e-11,0.07887148,0.17471264,0.07691644,1.8609132e-06,0.00010789066,0.95887,0.45363694,0.5555951,0.3048163,0.38192904,0.6271485,0.3797389,0.31991485,0.33329886,0.3329658,0.4504504,0.32056236,0.5683724
"np.mean(1.2354324781708421-np.log(abs(array_x))-2.2465678624703997-np.sqrt(abs(np.sin(2*np.pi*-(array_x)))), axis=1)+np.sin(2*np.pi*np.mean(5.645611212889502-np.log(abs(array_x))-6.2111880572038185-np.sqrt(abs(np.sin(2*np.pi*-(array_x)))), axis=1))",0.55966854,0.00085145095,0.0,0.2723069,5.4686694e-05,0.14423896,0.06482694,0.02267481,0.15956329,0.048742197,0.04533477,0.00012135039,0.45363694,0.5555951,0.3048163,0.38192904,0.6271485,0.3797389,0.31991485,0.33329886,0.3329658,0.4504504,0.32056236,0.5683724
"np.mean(1.2913056904662472+array_x-5.188802474413159/array_x/8.264442587400794, axis=1)",1.0,0.7880819,0.95149684,1.0,0.9999993,1.0,0.99999976,1.0,1.0,1.0,0.99999994,0.9839806,0.45363694,0.5555951,0.3048163,0.38192904,0.6271485,0.3797389,0.31991485,0.33329886,0.3329658,0.4504504,0.32056236,0.5683724
"np.mean(1.303136113563403/array_x-array_x+9.885633309146638+array_x/np.square(array_x), axis=1)",1.0,0.99798006,0.0,1.0,0.9998216,0.9999999,0.99998707,0.9999998,0.9999998,1.0,0.99999744,0.9919041,0.45363694,0.5555951,0.3048163,0.38192904,0.6271485,0.3797389,0.31991485,0.33329886,0.3329658,0.4504504,0.32056236,0.5683724
"np.mean(1.3908510596768728+np.sin(2*np.pi*10*(array_x+(np.array(range(1, array_x.shape[1]+1)))*3.552972359788586*array_x)), axis=1)",0.24118876,0.5358401,0.21134448,0.35697046,0.45837453,0.49906084,0.76748496,0.50062424,0.427577,0.44202,0.5127927,0.22368486,0.45363694,0.5555951,0.3048163,0.38192904,0.6271485,0.3797389,0.31991485,0.33329886,0.3329658,0.4504504,0.32056236,0.5683724
"np.mean(1.4485052114453638*array_x+np.square(array_x)-9.605553479150995, axis=1)",0.55015284,0.10587838,0.001489393,0.11450888,0.7088146,0.08076325,0.0003342357,0.017092755,0.015436433,0.73231167,0.00072651,0.19218501,0.45363694,0.5555951,0.3048163,0.38192904,0.6271485,0.3797389,0.31991485,0.33329886,0.3329658,0.4504504,0.32056236,0.5683724
"np.mean(1.493762497356269+(np.array(range(1, array_x.shape[1]+1)))+array_x*np.square(3.7906777830724057)+abs(array_x)*np.square(9.230411354149034), axis=1)",0.93680257,0.5746901,0.045534424,0.31455293,0.33526364,0.39981577,0.036291495,0.15303886,0.13435856,0.95781744,0.02633238,0.41874984,0.45363694,0.5555951,0.3048163,0.38192904,0.6271485,0.3797389,0.31991485,0.33329886,0.3329658,0.4504504,0.32056236,0.5683724
"np.mean(1.513231573102873-(np.array(range(1, array_x.shape[1]+1)))/np.square(array_x*6.752091418689502), axis=1)",1.0,0.0,1.0,1.0,1.0,1.0,1.0,1.0,1.0,1.0,1.0,0.99732506,0.45363694,0.5555951,0.3048163,0.38192904,0.6271485,0.3797389,0.31991485,0.33329886,0.3329658,0.4504504,0.32056236,0.5683724
"np.mean(1.5224375223532767/array_x-9.70899332341379-1.1279608044563254/np.cos(2*np.pi*np.sin(2*np.pi*array_x))*7.3999415381186715, axis=1)",0.9999688,0.9981526,0.0,0.99976176,0.9934045,0.9998443,0.99968773,0.99946725,0.99803585,0.99882245,0.99977,0.9983046,0.45363694,0.5555951,0.3048163,0.38192904,0.6271485,0.3797389,0.31991485,0.33329886,0.3329658,0.4504504,0.32056236,0.5683724
"np.mean(1.5597502084035644+array_x, axis=1)+np.sin(2*np.pi*np.mean(7.247155656073843+array_x, axis=1))",1.2217225e-07,0.99999785,0.99999785,0.49999934,0.99999845,0.5833345,0.99999833,0.74999815,0.5833324,9.374635e-07,0.999997,0.99999785,0.45363694,0.5555951,0.3048163,0.38192904,0.6271485,0.3797389,0.31991485,0.33329886,0.3329658,0.4504504,0.32056236,0.5683724
"np.mean(1.591201743910742*array_x-np.sin(2*np.pi*1.952971683701719)-2.218180522752703+np.sin(2*np.pi*np.cos(2*np.pi*array_x))/4.161460620724652, axis=1)",0.007355539,0.9613022,0.38608962,0.00441644,0.97948617,0.0055673136,0.0011509766,0.004641418,0.0031009587,0.008377898,0.0017739524,0.9374449,0.45363694,0.5555951,0.3048163,0.38192904,0.6271485,0.3797389,0.31991485,0.33329886,0.3329658,0.4504504,0.32056236,0.5683724
"np.mean(1.7549679492823462+np.cos(2*np.pi*(np.array(range(1, array_x.shape[1]+1)))*array_x+(np.array(range(1, array_x.shape[1]+1)))*array_x)/np.exp(1/(np.log(abs(8.029496151864665)))), axis=1)",0.70148903,0.26244733,0.0,0.66739345,0.30799323,0.66219014,0.625481,0.51000303,0.80588734,0.89345133,0.7095126,0.30243692,0.45363694,0.5555951,0.3048163,0.38192904,0.6271485,0.3797389,0.31991485,0.33329886,0.3329658,0.4504504,0.32056236,0.5683724
"np.mean(1.7622899737855784/array_x-2.55859002404622+6.895904835814138-8.838987368487658+np.sqrt(abs(array_x-1.2216087720919107)), axis=1)",1.0,0.9970045,0.0,1.0,0.9996446,1.0,0.9999989,0.9999999,0.99999994,1.0,0.9999992,0.9852577,0.45363694,0.5555951,0.3048163,0.38192904,0.6271485,0.3797389,0.31991485,0.33329886,0.3329658,0.4504504,0.32056236,0.5683724
"np.mean(1.8205965111148135*np.log(abs(6.861752737495188+(np.array(range(1, array_x.shape[1]+1)))*array_x)), axis=1)",1.0,0.1304949,0.0,0.79659325,0.39318073,0.83105457,0.53506476,0.7443463,0.6795987,0.89542043,0.6089129,0.110165544,0.45363694,0.5555951,0.3048163,0.38192904,0.6271485,0.3797389,0.31991485,0.33329886,0.3329658,0.4504504,0.32056236,0.5683724
"np.mean(1.8669334810729268+array_x-np.cos(2*np.pi*array_x)-np.exp((np.array(range(1, array_x.shape[1]+1)))-2.7288166518154435*array_x+1.7140244085281449), axis=1)",0.09061187,0.9992728,0.93926066,0.46728563,0.9871212,0.17010933,0.5223275,0.28693658,0.25809422,0.1523373,0.3315577,0.99901557,0.45363694,0.5555951,0.3048163,0.38192904,0.6271485,0.3797389,0.31991485,0.33329886,0.3329658,0.4504504,0.32056236,0.5683724
"np.mean(1.8984991076483224/np.sin(2*np.pi*np.sin(2*np.pi*array_x)), axis=1)",1.0,1.7880497e-10,1.7881376e-10,1.0,0.9999885,1.0,1.0,0.99999994,1.0,1.0,0.9999999,0.48333898,0.45363694,0.5555951,0.3048163,0.38192904,0.6271485,0.3797389,0.31991485,0.33329886,0.3329658,0.4504504,0.32056236,0.5683724
"np.mean(1.9549987394547592-np.square(np.cos(2*np.pi*3.7327967347701527-array_x-array_x)), axis=1)",0.7642095,0.018300513,0.0,0.7066013,0.06988463,0.6326017,0.03427969,0.101599425,0.106366254,0.871153,0.051658414,0.026114056,0.45363694,0.5555951,0.3048163,0.38192904,0.6271485,0.3797389,0.31991485,0.33329886,0.3329658,0.4504504,0.32056236,0.5683724
"np.mean(1/((np.array(range(1, array_x.shape[1]+1))))-array_x/array_x*3.737362975560991-1/(np.round(np.sqrt(abs(7.594716749336023+array_x)))), axis=1)",0.0,0.5,0.75,0.0,1.0,0.0,0.0,0.5,0.5,0.25,0.33333334,0.5,0.45363694,0.5555951,0.3048163,0.38192904,0.6271485,0.3797389,0.31991485,0.33329886,0.3329658,0.4504504,0.32056236,0.5683724
"np.mean(1/((np.array(range(1, array_x.shape[1]+1)))*np.round(-(array_x)/7.1157057809989075*(np.array(range(1, array_x.shape[1]+1))))+np.round(array_x-2.1153136899782763)+8.370807119777218), axis=1)",0.5704631,0.61685276,0.7033362,0.5557981,0.64805096,0.101278126,0.23498058,0.23723754,0.5562795,0.5414615,0.45018464,0.4710693,0.45363694,0.5555951,0.3048163,0.38192904,0.6271485,0.3797389,0.31991485,0.33329886,0.3329658,0.4504504,0.32056236,0.5683724
"np.mean(1/(-((np.array(range(1, array_x.shape[1]+1)))*array_x)-8.829149516162715+4.193353280151381/(np.array(range(1, array_x.shape[1]+1)))*array_x), axis=1)",1.0,0.117384404,0.64420605,1.0,0.996973,1.0,0.9999989,1.0,1.0,1.0,0.9999996,0.68875295,0.45363694,0.5555951,0.3048163,0.38192904,0.6271485,0.3797389,0.31991485,0.33329886,0.3329658,0.4504504,0.32056236,0.5683724
"np.mean(1/(-(np.square(10*(np.sin(2*np.pi*6.306425376887498)-np.sqrt(abs(array_x-3.0606601919984326))+array_x+array_x*1.606778250895462)))), axis=1)",1.0,0.0,1.0,1.0,1.0,1.0,1.0,1.0,1.0,1.0,1.0,0.99433374,0.45363694,0.5555951,0.3048163,0.38192904,0.6271485,0.3797389,0.31991485,0.33329886,0.3329658,0.4504504,0.32056236,0.5683724
"np.mean(1/(1.1748979007130314-np.sin(2*np.pi*array_x*7.461846106821351*array_x)), axis=1)",0.52099025,0.4830782,0.15684769,0.40827253,0.3842635,0.6026449,0.5189752,0.54766697,0.34614536,0.6179712,0.58885986,0.41472054,0.45363694,0.5555951,0.3048163,0.38192904,0.6271485,0.3797389,0.31991485,0.33329886,0.3329658,0.4504504,0.32056236,0.5683724
"np.mean(1/(1.9850738064677276+array_x-3.3889000506219324), axis=1)",1.0,0.99854773,0.16831373,1.0,0.9992687,1.0,0.99999994,1.0,1.0,1.0,0.9999998,0.835804,0.45363694,0.5555951,0.3048163,0.38192904,0.6271485,0.3797389,0.31991485,0.33329886,0.3329658,0.4504504,0.32056236,0.5683724
"np.mean(1/(10*(4.34871129763778/np.sin(2*np.pi*array_x)-4.082882660508377-array_x+array_x/np.sqrt(abs(8.864660777054647)))), axis=1)",0.9999904,0.99619085,0.0,0.99997944,0.99956846,0.99999946,0.9999902,0.99999875,0.9999984,0.99999994,0.9999926,0.99978155,0.45363694,0.5555951,0.3048163,0.38192904,0.6271485,0.3797389,0.31991485,0.33329886,0.3329658,0.4504504,0.32056236,0.5683724
"np.mean(1/(10*(np.cos(2*np.pi*np.square(3.0016731108996786+(np.array(range(1, array_x.shape[1]+1)))*array_x-9.597906351903084/(np.array(range(1, array_x.shape[1]+1)))*array_x-6.699512760784947*np.sqrt(abs(9.635360999091564+(np.array(range(1, array_x.shape[1]+1)))*array_x/np.cos(2*np.pi*np.log(abs(9.748218471889722))))))))), axis=1)",0.9373161,0.8742796,0.9399703,0.92693263,0.9601651,0.980478,0.8445075,0.87769437,0.9496928,0.8975009,0.98795563,0.89159614,0.45363694,0.5555951,0.3048163,0.38192904,0.6271485,0.3797389,0.31991485,0.33329886,0.3329658,0.4504504,0.32056236,0.5683724
"np.mean(1/(3.697487609657924-array_x), axis=1)+np.sin(2*np.pi*np.mean(1/(3.855867760508362-array_x), axis=1))",1.0,0.9881202,0.0,1.0,0.99997836,1.0,0.99999815,0.99999994,0.9999999,1.0,0.9999975,0.9893255,0.45363694,0.5555951,0.3048163,0.38192904,0.6271485,0.3797389,0.31991485,0.33329886,0.3329658,0.4504504,0.32056236,0.5683724
"np.mean(1/(4.561240638951371/array_x-np.round(-(2.813234678337042))), axis=1)",1.0,0.6413404,0.7002466,1.0,0.99125737,1.0,0.999997,1.0,0.9999999,1.0,0.99999964,0.64136374,0.45363694,0.5555951,0.3048163,0.38192904,0.6271485,0.3797389,0.31991485,0.33329886,0.3329658,0.4504504,0.32056236,0.5683724
"np.mean(1/(4.949851187068022)/array_x, axis=1)+np.sin(2*np.pi*np.mean(1/(5.170958824896476)/array_x, axis=1))",1.0,0.994682,0.0,0.9999998,0.9976528,1.0,0.99999815,0.99999964,0.99999976,0.9999998,0.9999994,0.9996688,0.45363694,0.5555951,0.3048163,0.38192904,0.6271485,0.3797389,0.31991485,0.33329886,0.3329658,0.4504504,0.32056236,0.5683724
"np.mean(1/(5.754991607434046-array_x+np.round(5.0393054713146554/array_x)), axis=1)",0.9295187,0.23629846,0.33691597,0.6662169,0.59880054,0.7225746,0.14832443,0.38329107,0.5455025,1.0,0.21258257,0.33936813,0.45363694,0.5555951,0.3048163,0.38192904,0.6271485,0.3797389,0.31991485,0.33329886,0.3329658,0.4504504,0.32056236,0.5683724
"np.mean(1/(5.95248704888332+np.cos(2*np.pi*array_x)-np.sqrt(abs(10*(10*(2.164964315532534))))+array_x), axis=1)",0.016566742,1.0,0.8440308,0.016592298,0.8457611,1.0687187e-06,0.30961648,0.102555364,5.5911407e-11,0.1687105,0.088846564,0.9890356,0.45363694,0.5555951,0.3048163,0.38192904,0.6271485,0.3797389,0.31991485,0.33329886,0.3329658,0.4504504,0.32056236,0.5683724
"np.mean(1/(6.878305577677445*np.sin(2*np.pi*array_x)), axis=1)",0.49964166,1.0,0.9999948,1.0,1.0,1.0,1.0,1.0,1.0,1.0,0.9999691,1.0,0.45363694,0.5555951,0.3048163,0.38192904,0.6271485,0.3797389,0.31991485,0.33329886,0.3329658,0.4504504,0.32056236,0.5683724
"np.mean(1/(7.227687435523764*array_x*4.224418627326845*array_x)-np.square(np.sin(2*np.pi*2.80648208729876)*array_x+8.382240343987117), axis=1)",0.0,0.9287042,0.5159459,2.6352762e-15,0.9143118,0.0,2.6028465e-08,0.0,6.808015e-16,0.0,1.0010609e-07,0.9558432,0.45363694,0.5555951,0.3048163,0.38192904,0.6271485,0.3797389,0.31991485,0.33329886,0.3329658,0.4504504,0.32056236,0.5683724
"np.mean(1/(8.480249801019903+array_x)/10*(np.round(4.940999179882417)), axis=1)+np.sin(2*np.pi*np.mean(1/(5.439489392411926+array_x)/10*(np.round(7.9633504500607994)), axis=1))",0.00017192523,0.6665249,0.03981487,1.5551686e-05,0.43094185,0.000116171184,7.791164e-05,1.3588416e-06,0.0,3.5813406e-05,0.00054122147,1.0,0.45363694,0.5555951,0.3048163,0.38192904,0.6271485,0.3797389,0.31991485,0.33329886,0.3329658,0.4504504,0.32056236,0.5683724
"np.mean(1/(9.661337703691999*np.sin(2*np.pi*array_x)+2.3060158892263662+array_x), axis=1)",0.99999815,0.9996983,0.0,0.999996,0.9998685,0.9999917,0.99997556,0.99997455,0.9999511,0.99999875,0.9999747,0.9998757,0.45363694,0.5555951,0.3048163,0.38192904,0.6271485,0.3797389,0.31991485,0.33329886,0.3329658,0.4504504,0.32056236,0.5683724
"np.mean(1/(abs(np.sin(2*np.pi*np.sqrt(abs(array_x*5.902187117512417+array_x-np.square(1.4064853092174128)))))), axis=1)+np.sin(2*np.pi*np.mean(1/(abs(np.sin(2*np.pi*np.sqrt(abs(array_x*6.500055051235495+array_x-np.square(3.526330096672184)))))), axis=1))",0.7372729,0.52785146,0.023775015,0.44329324,0.50677234,0.5180507,0.3475036,0.54839396,0.4490877,0.71542925,0.565173,0.20355423,0.45363694,0.5555951,0.3048163,0.38192904,0.6271485,0.3797389,0.31991485,0.33329886,0.3329658,0.4504504,0.32056236,0.5683724
"np.mean(1/(array_x)-2.641597563046361+8.543483804020225+3.631626543863909*6.3522558339508866-1/(np.exp(3.2866806124998953)-array_x), axis=1)+10*(np.sin(2*np.pi*np.mean(1/(array_x)-1.9651414277753778+2.1252061316795374+5.007473335163947*9.538992778183783-1/(np.exp(1.2237540682328716)-array_x), axis=1)))",0.9999999,0.99462074,0.0,0.99999994,0.9998485,0.99999994,0.99999857,0.99999994,0.99999964,1.0,0.99999833,0.9989996,0.45363694,0.5555951,0.3048163,0.38192904,0.6271485,0.3797389,0.31991485,0.33329886,0.3329658,0.4504504,0.32056236,0.5683724
"np.mean(1/(array_x)-np.sqrt(abs(8.386286477344541)), axis=1)+10*(np.sin(2*np.pi*np.mean(1/(array_x)-np.sqrt(abs(6.4588957731302115)), axis=1)))",1.0,0.9999953,0.0,0.9999999,0.99994236,1.0,0.99999994,0.99999994,0.99999994,0.99999994,0.99999964,0.9999506,0.45363694,0.5555951,0.3048163,0.38192904,0.6271485,0.3797389,0.31991485,0.33329886,0.3329658,0.4504504,0.32056236,0.5683724
"np.mean(1/(array_x*5.428724687396738), axis=1)+np.sin(2*np.pi*np.mean(1/(array_x*3.904005607221629), axis=1))",0.99999994,0.9998349,0.0,1.0,0.9980211,0.99999994,0.99999917,0.99999946,0.9999999,1.0,0.9999996,0.999986,0.45363694,0.5555951,0.3048163,0.38192904,0.6271485,0.3797389,0.31991485,0.33329886,0.3329658,0.4504504,0.32056236,0.5683724
"np.mean(1/(array_x-2.6350326817506047-3.126437344333657*np.sin(2*np.pi*array_x)), axis=1)+np.sin(2*np.pi*np.mean(1/(array_x-3.4057038875569883-8.328048881443335*np.sin(2*np.pi*array_x)), axis=1))",0.99999714,0.9999196,0.0,0.99999005,0.999978,0.99998164,0.9997736,0.9999769,0.99999934,0.9999926,0.9999852,0.94895434,0.45363694,0.5555951,0.3048163,0.38192904,0.6271485,0.3797389,0.31991485,0.33329886,0.3329658,0.4504504,0.32056236,0.5683724
"np.mean(1/(array_x-9.961389620025713)/3.9790303369480484+np.sqrt(abs(np.sqrt(abs((np.array(range(1, array_x.shape[1]+1)))*1.5288421803406704/np.sin(2*np.pi*1.782620202093808+array_x))))), axis=1)+np.sin(2*np.pi*np.mean(1/(array_x-2.1398041305780278)/3.0315521859850447+np.sqrt(abs(np.sqrt(abs((np.array(range(1, array_x.shape[1]+1)))*5.023081870424997/np.sin(2*np.pi*6.14540448680138+array_x))))), axis=1))",0.68001467,0.3576062,0.09996778,0.44127032,0.7871019,0.2125777,0.14460564,0.085576326,0.099128485,0.45485124,0.12887934,0.30365238,0.45363694,0.5555951,0.3048163,0.38192904,0.6271485,0.3797389,0.31991485,0.33329886,0.3329658,0.4504504,0.32056236,0.5683724
"np.mean(1/(array_x-np.cos(2*np.pi*9.688057858844134)), axis=1)",1.0,0.9730418,0.39528278,1.0,0.999977,1.0,0.9999999,1.0,1.0,1.0,0.9999999,0.9960935,0.45363694,0.5555951,0.3048163,0.38192904,0.6271485,0.3797389,0.31991485,0.33329886,0.3329658,0.4504504,0.32056236,0.5683724
"np.mean(1/(array_x/8.003840776029788+10*(array_x-9.281053903871815)+5.121878482314293), axis=1)",7.625318e-15,0.9883769,0.41498715,9.355781e-13,0.8320472,0.0,1.4646602e-07,0.0,0.0,0.0,8.488566e-08,0.90553653,0.45363694,0.5555951,0.3048163,0.38192904,0.6271485,0.3797389,0.31991485,0.33329886,0.3329658,0.4504504,0.32056236,0.5683724
"np.mean(1/(np.cos(2*np.pi*1.5628095355345288+array_x+1.7710429661041527+5.974579556191329-np.square(8.782989180225801))), axis=1)+np.sin(2*np.pi*np.mean(1/(np.cos(2*np.pi*9.228598123629718+array_x+6.86743799621638+5.359001030936894-np.square(8.762799566951452))), axis=1))",1.0,0.99992055,0.0,0.9999996,0.9995384,0.9999999,0.99999917,0.9999998,0.99999994,0.99999994,0.9999904,0.9507809,0.45363694,0.5555951,0.3048163,0.38192904,0.6271485,0.3797389,0.31991485,0.33329886,0.3329658,0.4504504,0.32056236,0.5683724
"np.mean(1/(np.cos(2*np.pi*4.402246431987729+np.sqrt(abs(array_x))))-7.289447802881497, axis=1)",1.0,0.7728692,0.89946026,1.0,0.999604,1.0,0.99999857,0.9999999,1.0,1.0,0.9999966,0.9302155,0.45363694,0.5555951,0.3048163,0.38192904,0.6271485,0.3797389,0.31991485,0.33329886,0.3329658,0.4504504,0.32056236,0.5683724
"np.mean(1/(np.cos(2*np.pi*np.sin(2*np.pi*array_x-array_x))), axis=1)+np.sin(2*np.pi*np.mean(1/(np.cos(2*np.pi*np.sin(2*np.pi*array_x-array_x))), axis=1))",0.99716336,0.95609677,0.0,0.9695077,0.9881674,0.9942986,0.9497245,0.9949736,0.9661079,0.9998833,0.997531,0.9681692,0.45363694,0.5555951,0.3048163,0.38192904,0.6271485,0.3797389,0.31991485,0.33329886,0.3329658,0.4504504,0.32056236,0.5683724
"np.mean(1/(np.cos(2*np.pi*np.sin(2*np.pi*np.cos(2*np.pi*array_x-9.29079759838356))*np.sin(2*np.pi*7.505385406670953+1.2294770064786706/4.6409818462164125+array_x))), axis=1)",0.9973494,0.98898685,0.0,0.9979434,0.99952245,0.9991073,0.9996294,0.998779,0.9999507,0.999094,0.99913186,0.9943115,0.45363694,0.5555951,0.3048163,0.38192904,0.6271485,0.3797389,0.31991485,0.33329886,0.3329658,0.4504504,0.32056236,0.5683724
"np.mean(1/(np.cos(2*np.pi*np.sqrt(abs(array_x))))-5.6930268127913894, axis=1)+np.sin(2*np.pi*np.mean(1/(np.cos(2*np.pi*np.sqrt(abs(array_x))))-4.178420824284901, axis=1))",0.99999994,0.9958533,0.0,0.9999998,0.9998083,0.99999934,0.99999845,0.999997,0.99999857,0.9999999,0.99999,0.99999434,0.45363694,0.5555951,0.3048163,0.38192904,0.6271485,0.3797389,0.31991485,0.33329886,0.3329658,0.4504504,0.32056236,0.5683724
"np.mean(1/(np.exp(np.cos(2*np.pi*np.log(abs(array_x))-8.55469705779604)))/9.19970519701428, axis=1)",0.9628155,0.05532711,0.0,0.4178489,0.23585328,0.46060026,0.06616011,0.15101269,0.1608417,0.8026981,0.06417318,0.114270404,0.45363694,0.5555951,0.3048163,0.38192904,0.6271485,0.3797389,0.31991485,0.33329886,0.3329658,0.4504504,0.32056236,0.5683724
"np.mean(1/(np.exp(np.sqrt(abs(np.cos(2*np.pi*np.exp(6.6641748572283666-array_x/np.cos(2*np.pi*np.log(abs(7.085615979561839)))-3.1507769781610433+np.sqrt(abs((np.array(range(1, array_x.shape[1]+1)))))/1.658663273863259)))))), axis=1)",0.56100976,0.46531904,0.14336504,0.4411718,0.34328952,0.44764155,0.5598353,0.4484188,0.5980441,0.6669982,0.33297783,0.5151654,0.45363694,0.5555951,0.3048163,0.38192904,0.6271485,0.3797389,0.31991485,0.33329886,0.3329658,0.4504504,0.32056236,0.5683724
"np.mean(1/(np.log(abs(1/(-(np.square(9.00058777200142)))/1.8173568933810749*np.sqrt(abs(array_x))/np.exp(1.2131351126192114)/array_x+(np.array(range(1, array_x.shape[1]+1)))))), axis=1)",0.9999999,0.99366874,0.0,0.9999972,0.9955856,0.9999994,0.9999538,0.99999887,0.99999166,0.9999994,0.99999386,0.9814815,0.45363694,0.5555951,0.3048163,0.38192904,0.6271485,0.3797389,0.31991485,0.33329886,0.3329658,0.4504504,0.32056236,0.5683724
"np.mean(1/(np.log(abs(10*(9.572471662478637))))-1/(np.square(np.sin(2*np.pi*array_x*4.596462968664462+np.round(4.5789418579878*array_x)))), axis=1)+np.sin(2*np.pi*np.mean(1/(np.log(abs(10*(5.3775336804284635))))-1/(np.square(np.sin(2*np.pi*array_x*2.7675587658425957+np.round(7.2498755145653035*array_x)))), axis=1))",0.9999999,0.99999654,0.0,0.99999994,0.99999934,1.0,0.9999994,0.99999774,0.9999992,1.0,0.99999994,0.9999999,0.45363694,0.5555951,0.3048163,0.38192904,0.6271485,0.3797389,0.31991485,0.33329886,0.3329658,0.4504504,0.32056236,0.5683724
"np.mean(1/(np.round(9.706566840186262)*np.log(abs(array_x-1/(5.869464545368258)))), axis=1)",0.99999994,0.9995588,0.6678991,1.0,0.9997317,1.0,0.99999774,0.9999998,0.99999934,1.0,0.9999939,0.46906123,0.45363694,0.5555951,0.3048163,0.38192904,0.6271485,0.3797389,0.31991485,0.33329886,0.3329658,0.4504504,0.32056236,0.5683724
"np.mean(1/(np.sin(2*np.pi*array_x)*array_x-3.9072448300785854-abs(np.exp(np.sqrt(abs(array_x/3.0685380277869863))))), axis=1)",0.7090025,0.7253268,0.46473855,0.7729121,0.3478208,0.44691908,0.27615994,0.17632425,0.5082578,0.87705976,0.5121041,0.4961497,0.45363694,0.5555951,0.3048163,0.38192904,0.6271485,0.3797389,0.31991485,0.33329886,0.3329658,0.4504504,0.32056236,0.5683724
"np.mean(1/(np.sqrt(abs((np.array(range(1, array_x.shape[1]+1)))+abs(3.420645224303212)-1.2624243880113888))-8.551735737449677*array_x*3.012543860903507), axis=1)+10*(np.sin(2*np.pi*np.mean(1/(np.sqrt(abs((np.array(range(1, array_x.shape[1]+1)))+abs(7.113545688785518)-2.9293921100150477))-4.9953379700542015*array_x*9.269296548798282), axis=1)))",0.9999999,0.99992716,0.0,0.9999999,0.99968845,0.9999992,0.999981,0.9999894,0.99999857,0.9999999,0.9999985,0.99935156,0.45363694,0.5555951,0.3048163,0.38192904,0.6271485,0.3797389,0.31991485,0.33329886,0.3329658,0.4504504,0.32056236,0.5683724
"np.mean(1/(np.sqrt(abs(10*(9.763406731066588+array_x))))/4.832731169059805, axis=1)",0.0,0.89912695,0.25743032,0.0,0.80310225,0.0,1.8980527e-08,0.0,0.0,0.0,1.9036273e-09,1.0,0.45363694,0.5555951,0.3048163,0.38192904,0.6271485,0.3797389,0.31991485,0.33329886,0.3329658,0.4504504,0.32056236,0.5683724
"np.mean(1/(np.sqrt(abs(4.338427327163357))+array_x*array_x/1.5004950163978754-abs(array_x)), axis=1)",1.6226294e-15,0.67948073,0.0033363998,1.6412556e-15,0.7794738,2.7719697e-15,5.1067532e-09,0.0,0.0,0.0,4.3132253e-09,0.9544652,0.45363694,0.5555951,0.3048163,0.38192904,0.6271485,0.3797389,0.31991485,0.33329886,0.3329658,0.4504504,0.32056236,0.5683724
"np.mean(1/(np.sqrt(abs(abs((np.array(range(1, array_x.shape[1]+1))))*7.48694406694429*array_x*-(array_x)/np.round(-(array_x+6.543949899526092))))), axis=1)",0.024947818,1.0,0.03497066,0.005775483,0.80220205,0.011357918,0.0012812053,0.011681743,0.004300107,0.019484652,0.002229667,0.7283172,0.45363694,0.5555951,0.3048163,0.38192904,0.6271485,0.3797389,0.31991485,0.33329886,0.3329658,0.4504504,0.32056236,0.5683724
"np.mean(1/(np.sqrt(abs(array_x)))-array_x, axis=1)",0.0,0.89152926,0.52944666,0.0,0.86507213,0.0,3.0471733e-07,6.2377926e-16,1.5322279e-15,0.0,1.7409482e-08,1.0,0.45363694,0.5555951,0.3048163,0.38192904,0.6271485,0.3797389,0.31991485,0.33329886,0.3329658,0.4504504,0.32056236,0.5683724
"np.mean(1/(np.sqrt(abs(array_x+4.272502937131456))), axis=1)",0.0,0.97239155,0.24837983,1.1464359e-15,0.7603266,1.0326297e-15,4.75516e-08,0.0,0.0,0.0,2.8462783e-09,0.9996009,0.45363694,0.5555951,0.3048163,0.38192904,0.6271485,0.3797389,0.31991485,0.33329886,0.3329658,0.4504504,0.32056236,0.5683724
"np.mean(1/(np.sqrt(abs(np.sqrt(abs(7.039106448537442))))-8.474341270907487*7.772545437385039*array_x-array_x-8.13752373252018), axis=1)",1.0,0.4438015,0.5431801,0.99999994,0.9974069,0.99999994,0.9999912,0.99999994,0.9999995,1.0,0.9999974,0.9167344,0.45363694,0.5555951,0.3048163,0.38192904,0.6271485,0.3797389,0.31991485,0.33329886,0.3329658,0.4504504,0.32056236,0.5683724
"np.mean(1/(np.square(10*(2.414198047052814*array_x+6.894272380143595+array_x))), axis=1)",0.0,1.0,0.35628062,0.10337824,0.7742739,0.20108615,0.3495198,0.2661995,0.26946616,0.10664491,0.26052916,0.9548281,0.45363694,0.5555951,0.3048163,0.38192904,0.6271485,0.3797389,0.31991485,0.33329886,0.3329658,0.4504504,0.32056236,0.5683724
"np.mean(1/(np.square(5.0195050250909965)-2.185011270491164*9.264908512662338-array_x), axis=1)/-(4.428262919312939)+np.sin(2*np.pi*np.mean(1/(np.square(7.1589337975855045)-5.210991473893074*3.637350967898631-array_x), axis=1)/-(3.984966312848434))",1.0,0.8237681,0.8759603,1.0,0.9967609,0.99999994,0.9999959,1.0,0.99999964,1.0,0.99999875,0.41097867,0.45363694,0.5555951,0.3048163,0.38192904,0.6271485,0.3797389,0.31991485,0.33329886,0.3329658,0.4504504,0.32056236,0.5683724
"np.mean(1/(np.square(array_x)), axis=1)+10*(np.sin(2*np.pi*np.mean(1/(np.square(array_x)), axis=1)))",0.038848914,6.420969e-08,0.0,0.10240585,4.6797626e-07,0.12997223,0.021923065,0.07085443,0.030560669,0.061071407,0.051607605,2.487139e-06,0.45363694,0.5555951,0.3048163,0.38192904,0.6271485,0.3797389,0.31991485,0.33329886,0.3329658,0.4504504,0.32056236,0.5683724
"np.mean(1/(np.square(array_x+9.742566573220559)), axis=1)",0.0,0.9597342,0.2171889,0.0,0.79590887,0.0,6.8175545e-08,0.0,0.0,0.0,1.0598377e-08,0.9974345,0.45363694,0.5555951,0.3048163,0.38192904,0.6271485,0.3797389,0.31991485,0.33329886,0.3329658,0.4504504,0.32056236,0.5683724
"np.mean(10*((np.array(range(1, array_x.shape[1]+1)))*array_x-np.cos(2*np.pi*(np.array(range(1, array_x.shape[1]+1)))*array_x*9.602080650160875))-np.cos(2*np.pi*2.252395446634293), axis=1)",0.0025780615,0.9036647,0.45212972,0.0008231218,0.9520259,0.00059461896,0.011868529,0.0,0.0015877855,0.002165326,0.0242883,0.89623815,0.45363694,0.5555951,0.3048163,0.38192904,0.6271485,0.3797389,0.31991485,0.33329886,0.3329658,0.4504504,0.32056236,0.5683724
"np.mean(10*(-(array_x*8.148082868948126+6.03299713346828)/1.5667021949359505), axis=1)+np.sin(2*np.pi*np.mean(10*(-(array_x*5.263285745998039+6.495093031681507)/8.605808133875424), axis=1))",0.0,0.99424493,0.35698235,6.28507e-16,0.8010691,5.8733794e-16,1.2282627e-08,6.6281953e-16,7.8976865e-16,0.0,5.6764358e-09,0.987117,0.45363694,0.5555951,0.3048163,0.38192904,0.6271485,0.3797389,0.31991485,0.33329886,0.3329658,0.4504504,0.32056236,0.5683724
"np.mean(10*(1/(4.533212307065443))*array_x*np.sin(2*np.pi*6.111008228766788), axis=1)+np.sin(2*np.pi*np.mean(10*(1/(2.672565647214271))*array_x*np.sin(2*np.pi*5.1701795724615955), axis=1))",3.135439e-07,0.9166667,0.84523815,0.08333374,1.0,0.08712145,0.18186016,0.09545498,0.16666706,9.35293e-10,0.27272767,0.9583333,0.45363694,0.5555951,0.3048163,0.38192904,0.6271485,0.3797389,0.31991485,0.33329886,0.3329658,0.4504504,0.32056236,0.5683724
"np.mean(10*(1/(np.square(9.776487305625315/array_x)+7.660990883783651)), axis=1)+np.sin(2*np.pi*np.mean(10*(1/(np.square(2.3648737598480056/array_x)+3.8773531665899004)), axis=1))",0.31521073,0.020677112,0.01158748,0.17546016,0.026964238,0.10332982,0.24175578,0.03680933,0.021229476,0.3909721,0.13129069,0.048811484,0.45363694,0.5555951,0.3048163,0.38192904,0.6271485,0.3797389,0.31991485,0.33329886,0.3329658,0.4504504,0.32056236,0.5683724
"np.mean(10*(3.2416116364928413)+10*(1.5905637567632254+np.cumsum(array_x, axis=1)), axis=1)",0.0,0.9870579,0.22943373,0.0,0.91169834,3.081095e-16,3.487253e-08,2.427357e-16,0.0,0.0,6.6497813e-07,0.881616,0.45363694,0.5555951,0.3048163,0.38192904,0.6271485,0.3797389,0.31991485,0.33329886,0.3329658,0.4504504,0.32056236,0.5683724
"np.mean(10*(3.438353106629078-array_x-np.sin(2*np.pi*6.689814526035889+array_x)/np.sqrt(abs(8.559134944418908-np.sqrt(abs(array_x))))), axis=1)",0.0,0.9477066,0.347675,8.5610196e-17,0.79468876,1.3290012e-16,3.5417753e-09,9.783753e-17,5.853167e-17,0.0,4.391496e-09,1.0,0.45363694,0.5555951,0.3048163,0.38192904,0.6271485,0.3797389,0.31991485,0.33329886,0.3329658,0.4504504,0.32056236,0.5683724
"np.mean(10*(3.5000600945595695+array_x/np.sin(2*np.pi*6.49123331105341))/np.log(abs(1/(7.476765085207413-array_x))), axis=1)",0.0,0.9111554,0.46679458,2.5009666e-15,0.90002364,1.2754408e-15,3.679222e-05,5.085925e-16,4.42141e-15,4.6686513e-16,7.642574e-07,0.9535709,0.45363694,0.5555951,0.3048163,0.38192904,0.6271485,0.3797389,0.31991485,0.33329886,0.3329658,0.4504504,0.32056236,0.5683724
"np.mean(10*(3.7908080570670184*np.cos(2*np.pi*array_x)), axis=1)+10*(np.sin(2*np.pi*np.mean(10*(5.155946051401538*np.cos(2*np.pi*array_x)), axis=1)))",1.0,0.22166154,0.03403022,0.6058423,0.35131502,0.63584155,0.3366439,0.3001805,0.3010606,0.85037935,0.22030798,0.4362343,0.45363694,0.5555951,0.3048163,0.38192904,0.6271485,0.3797389,0.31991485,0.33329886,0.3329658,0.4504504,0.32056236,0.5683724
"np.mean(10*(3.809993165866049)+abs(1/(1.213679755956087-array_x)), axis=1)+np.sin(2*np.pi*np.mean(10*(5.1188127011834155)+abs(1/(5.106127184980325-array_x)), axis=1))",0.17390384,0.7761098,0.38850892,0.27373677,0.99179643,0.23019703,0.09295239,0.20121151,0.15618338,0.1319721,0.12292018,0.7962186,0.45363694,0.5555951,0.3048163,0.38192904,0.6271485,0.3797389,0.31991485,0.33329886,0.3329658,0.4504504,0.32056236,0.5683724
"np.mean(10*(4.0368282552221855/array_x+abs(9.835173770843232))/np.square(-(np.square(4.571065981574807))/np.square(array_x+8.688117197033604/array_x)), axis=1)",1.0,1.0,0.0,1.0,1.0,1.0,1.0,1.0,1.0,1.0,1.0,1.0,0.45363694,0.5555951,0.3048163,0.38192904,0.6271485,0.3797389,0.31991485,0.33329886,0.3329658,0.4504504,0.32056236,0.5683724
"np.mean(10*(4.518867018360401-np.sin(2*np.pi*array_x)), axis=1)",0.99796724,0.03476167,0.0,0.6314732,0.16899955,0.6857478,0.15553245,0.23049235,0.12447467,0.5486981,0.087136924,0.05334887,0.45363694,0.5555951,0.3048163,0.38192904,0.6271485,0.3797389,0.31991485,0.33329886,0.3329658,0.4504504,0.32056236,0.5683724
"np.mean(10*(4.822834522728867)/array_x-4.233631324061626, axis=1)-np.exp(np.round(7.800180892557893)-array_x[:,0])",1.0,0.23328038,0.99920696,1.0,0.99999166,1.0,0.99999994,1.0,1.0,1.0,0.99999994,0.90378374,0.45363694,0.5555951,0.3048163,0.38192904,0.6271485,0.3797389,0.31991485,0.33329886,0.3329658,0.4504504,0.32056236,0.5683724
"np.mean(10*(5.301695148017954*np.round(array_x)*array_x), axis=1)",0.0,0.0,0.0,0.0,0.0,0.0,0.0,0.0,0.0,0.0,0.0,0.0,0.45363694,0.5555951,0.3048163,0.38192904,0.6271485,0.3797389,0.31991485,0.33329886,0.3329658,0.4504504,0.32056236,0.5683724
"np.mean(10*(7.263729402162507/array_x)+4.82107872729257/-(4.625599575026699+array_x)-array_x, axis=1)",1.0,0.9912275,0.0,0.99999994,0.99966556,1.0,0.999999,0.9999999,0.99999976,1.0,0.99999565,0.8935335,0.45363694,0.5555951,0.3048163,0.38192904,0.6271485,0.3797389,0.31991485,0.33329886,0.3329658,0.4504504,0.32056236,0.5683724
"np.mean(10*(7.7048989883154215-np.cumsum(np.sin(2*np.pi*array_x-6.610951351616976), axis=1)), axis=1)",0.79363626,0.070570216,0.0,0.60375214,0.087327085,0.71551174,0.096994385,0.2369461,0.25411916,0.6136737,0.17975304,0.04806996,0.45363694,0.5555951,0.3048163,0.38192904,0.6271485,0.3797389,0.31991485,0.33329886,0.3329658,0.4504504,0.32056236,0.5683724
"np.mean(10*(7.855719649058586)+(np.array(range(1, array_x.shape[1]+1)))*array_x*(np.array(range(1, array_x.shape[1]+1)))-4.1328493773617865-(np.array(range(1, array_x.shape[1]+1)))*array_x, axis=1)",0.0,1.0,0.24454397,5.424716e-16,0.8740577,4.7430833e-16,6.093031e-08,2.8240015e-16,2.6274382e-16,0.0,6.07549e-08,0.9117052,0.45363694,0.5555951,0.3048163,0.38192904,0.6271485,0.3797389,0.31991485,0.33329886,0.3329658,0.4504504,0.32056236,0.5683724
"np.mean(10*(8.247673723469697+array_x*np.sin(2*np.pi*array_x)*array_x), axis=1)",0.27168024,0.9121146,0.77855074,0.44472012,0.9635119,0.29072487,0.4280421,0.335673,0.31461403,0.5667658,0.1069006,0.9111245,0.45363694,0.5555951,0.3048163,0.38192904,0.6271485,0.3797389,0.31991485,0.33329886,0.3329658,0.4504504,0.32056236,0.5683724
"np.mean(10*(8.824794624438091)/5.510706826756209-array_x-7.116689265803981/8.164652841587147/array_x, axis=1)+np.sin(2*np.pi*np.mean(10*(8.153729985559185)/3.622564948561559-array_x-5.06058634897624/6.040474423936294/array_x, axis=1))",1.0,0.999131,0.0,1.0,0.99839735,0.99999994,0.99999994,0.9999999,0.9999998,1.0,0.99999857,0.99630225,0.45363694,0.5555951,0.3048163,0.38192904,0.6271485,0.3797389,0.31991485,0.33329886,0.3329658,0.4504504,0.32056236,0.5683724
"np.mean(10*(abs(1.3824081544794757/array_x+np.sin(2*np.pi*5.533337896206629+array_x)*4.95871275952464)), axis=1)+np.sin(2*np.pi*np.mean(10*(abs(5.099420753886748/array_x+np.sin(2*np.pi*3.125376476038598+array_x)*5.850447998248232)), axis=1))",1.0,0.28095308,0.0,0.5374727,0.39545992,0.7053981,0.05738048,0.20664786,0.17869118,0.76884335,0.17326383,0.40167546,0.45363694,0.5555951,0.3048163,0.38192904,0.6271485,0.3797389,0.31991485,0.33329886,0.3329658,0.4504504,0.32056236,0.5683724
"np.mean(10*(abs(1.536257994952687/array_x+8.412588046558604)), axis=1)",0.93862045,0.35810402,0.12812717,0.7199197,0.7491242,0.6966769,0.28130224,0.45703658,0.5905177,0.9248918,0.21005839,0.32428348,0.45363694,0.5555951,0.3048163,0.38192904,0.6271485,0.3797389,0.31991485,0.33329886,0.3329658,0.4504504,0.32056236,0.5683724
"np.mean(10*(array_x-3.02883406331957+5.827516144440558)-1.0384992094937031, axis=1)+10*(np.sin(2*np.pi*np.mean(10*(array_x-7.557422643261842+8.011183302743117)-6.425830914645947, axis=1)))",1.6798069e-06,0.924518,0.7293276,4.6654695e-05,1.0,1.0587581e-05,0.07846848,0.013518494,1.3142052e-06,2.3535204e-06,0.087370254,0.94017303,0.45363694,0.5555951,0.3048163,0.38192904,0.6271485,0.3797389,0.31991485,0.33329886,0.3329658,0.4504504,0.32056236,0.5683724
"np.mean(10*(np.cos(2*np.pi*array_x-6.899169631255713+np.square(7.839699421234199))), axis=1)",1.0,0.013376747,0.00015274993,0.45609608,0.10561216,0.5031566,0.10495548,0.1695206,0.15782261,0.8325712,0.18470238,0.01396007,0.45363694,0.5555951,0.3048163,0.38192904,0.6271485,0.3797389,0.31991485,0.33329886,0.3329658,0.4504504,0.32056236,0.5683724
"np.mean(10*(np.exp(np.exp(-(np.cos(2*np.pi*np.square(np.square(8.708858072949315)/(np.array(range(1, array_x.shape[1]+1)))*array_x)/np.round(4.665903365244329)))))), axis=1)",0.509109,0.26985964,0.25555694,0.39366,0.577055,0.38385782,0.2833484,0.4525118,0.5575595,0.39372808,0.49332726,0.4288901,0.45363694,0.5555951,0.3048163,0.38192904,0.6271485,0.3797389,0.31991485,0.33329886,0.3329658,0.4504504,0.32056236,0.5683724
"np.mean(10*(np.log(abs(5.002168871123977*9.299818183668968+(np.array(range(1, array_x.shape[1]+1)))*array_x/np.exp(3.1176154500033784))))+6.1885516832145795/(np.array(range(1, array_x.shape[1]+1)))*array_x, axis=1)",0.0,0.85193384,0.32885695,0.0,0.9497526,0.0,7.032727e-07,0.0,0.0,0.0,3.891012e-08,0.9343199,0.45363694,0.5555951,0.3048163,0.38192904,0.6271485,0.3797389,0.31991485,0.33329886,0.3329658,0.4504504,0.32056236,0.5683724
"np.mean(10*(np.log(abs(array_x+np.sin(2*np.pi*array_x)))), axis=1)",0.98450327,0.10183649,0.24859534,0.91300476,0.41117936,0.8841269,0.7575567,0.9092621,0.8525805,0.921961,0.7895237,0.061707538,0.45363694,0.5555951,0.3048163,0.38192904,0.6271485,0.3797389,0.31991485,0.33329886,0.3329658,0.4504504,0.32056236,0.5683724
"np.mean(10*(np.log(abs(np.cos(2*np.pi*np.sqrt(abs(1/(array_x))))))), axis=1)",0.9839819,0.23154072,0.07827391,0.9185146,0.43277037,0.8710702,0.5802414,0.8060303,0.7687871,0.9702636,0.6689709,0.32801318,0.45363694,0.5555951,0.3048163,0.38192904,0.6271485,0.3797389,0.31991485,0.33329886,0.3329658,0.4504504,0.32056236,0.5683724
"np.mean(10*(np.round(7.040519091083933))*abs(1.1716600300126119+array_x)+8.903344858890929, axis=1)",0.82770073,0.34198427,0.0065205316,0.26488516,0.88207304,0.29303598,0.023166144,0.124670364,0.09756855,0.7749585,0.006803548,0.58606863,0.45363694,0.5555951,0.3048163,0.38192904,0.6271485,0.3797389,0.31991485,0.33329886,0.3329658,0.4504504,0.32056236,0.5683724
"np.mean(10*(np.round(array_x)+array_x), axis=1)+np.sin(2*np.pi*np.mean(10*(np.round(array_x)+array_x), axis=1))",5.2894006e-08,1.0,0.591455,2.1434078e-08,0.88388294,1.4058279e-08,2.9822909e-09,3.376061e-09,7.173827e-11,4.9863406e-08,7.3720705e-09,0.9474734,0.45363694,0.5555951,0.3048163,0.38192904,0.6271485,0.3797389,0.31991485,0.33329886,0.3329658,0.4504504,0.32056236,0.5683724
"np.mean(10*(np.sin(2*np.pi*10*(np.square(array_x))/6.950799346530147)), axis=1)",0.5915159,0.36961538,0.012121839,0.7334241,0.33732855,0.9019756,0.6252569,0.53950274,0.42608237,0.51298606,0.69568187,0.022809483,0.45363694,0.5555951,0.3048163,0.38192904,0.6271485,0.3797389,0.31991485,0.33329886,0.3329658,0.4504504,0.32056236,0.5683724
"np.mean(10*(np.sin(2*np.pi*2.496226888648108*array_x+3.1728031996944552)+abs(7.256930599463547)), axis=1)",0.56513166,0.10433727,0.0,0.63477135,0.21615411,0.7444468,0.3594384,0.48921195,0.34227115,0.7133235,0.47507298,0.0918047,0.45363694,0.5555951,0.3048163,0.38192904,0.6271485,0.3797389,0.31991485,0.33329886,0.3329658,0.4504504,0.32056236,0.5683724
"np.mean(10*(np.sin(2*np.pi*6.694008208415272/np.exp(np.cos(2*np.pi*np.log(abs(7.213341917403244-array_x)))))), axis=1)",0.6535103,0.45889637,0.0,0.7432224,0.36990145,0.83975774,0.6131054,0.49599835,0.49611148,0.83588135,0.5193534,0.27963033,0.45363694,0.5555951,0.3048163,0.38192904,0.6271485,0.3797389,0.31991485,0.33329886,0.3329658,0.4504504,0.32056236,0.5683724
"np.mean(10*(np.sqrt(abs(5.93663548535584+np.square(array_x)))+9.428752262299032/np.sqrt(abs(5.08731507940957))*np.log(abs(np.log(abs(array_x*4.945691046393833))))*5.442875348653263+np.log(abs(10*(9.763988464661864)))), axis=1)+np.sin(2*np.pi*np.mean(10*(np.sqrt(abs(9.729183366342372+np.square(array_x)))+6.962075275584411/np.sqrt(abs(4.175750286000566))*np.log(abs(np.log(abs(array_x*3.4289563682099096))))*2.1368647951278374+np.log(abs(10*(4.169611318219259)))), axis=1))",0.9978539,0.10207864,0.23186104,0.920257,0.4658061,0.9052732,0.7323457,0.8084297,0.8360609,0.98731595,0.63703233,0.038264636,0.45363694,0.5555951,0.3048163,0.38192904,0.6271485,0.3797389,0.31991485,0.33329886,0.3329658,0.4504504,0.32056236,0.5683724
"np.mean(10*(np.sqrt(abs(9.310007011657255/array_x))*6.487944941330852)+4.418291791928142*1/(6.073744579210589)-array_x, axis=1)",0.0,0.7701746,0.006626477,0.0,0.76669884,6.529611e-16,3.762781e-09,0.0,0.0,0.0,5.410477e-09,0.8878015,0.45363694,0.5555951,0.3048163,0.38192904,0.6271485,0.3797389,0.31991485,0.33329886,0.3329658,0.4504504,0.32056236,0.5683724
"np.mean(10*(np.sqrt(abs(array_x+4.366870753470883))), axis=1)",0.26055658,0.857481,0.52994215,0.117782556,0.99008036,0.15216023,0.045496896,0.121012345,0.12499722,0.24339026,0.0,0.9828584,0.45363694,0.5555951,0.3048163,0.38192904,0.6271485,0.3797389,0.31991485,0.33329886,0.3329658,0.4504504,0.32056236,0.5683724
"np.mean(10*(np.sqrt(abs(np.sin(2*np.pi*np.square(array_x))))), axis=1)+np.sin(2*np.pi*np.mean(10*(np.sqrt(abs(np.sin(2*np.pi*np.square(array_x))))), axis=1))",0.84006804,0.0,0.48821202,0.857642,0.49701872,0.8394756,0.4839351,0.4845693,0.515322,0.99704915,0.7033973,0.63898325,0.45363694,0.5555951,0.3048163,0.38192904,0.6271485,0.3797389,0.31991485,0.33329886,0.3329658,0.4504504,0.32056236,0.5683724
"np.mean(10*(np.sqrt(abs(np.square(abs(5.596693106640592*array_x))-6.9224480178748475))), axis=1)",1.0,0.19568865,0.0,0.6389973,0.26944587,0.5758576,0.22930442,0.4225897,0.42443624,0.97766596,0.24573264,0.28789625,0.45363694,0.5555951,0.3048163,0.38192904,0.6271485,0.3797389,0.31991485,0.33329886,0.3329658,0.4504504,0.32056236,0.5683724
"np.mean(10*(np.square(10*(7.332180988042133)))-np.log(abs(array_x))-7.187821132492063-np.sin(2*np.pi*9.046349033842029)+array_x, axis=1)",0.0,0.933318,0.57575047,0.0,0.9487796,0.0,0.25870416,0.0,0.0,0.0,0.23612243,0.93929005,0.45363694,0.5555951,0.3048163,0.38192904,0.6271485,0.3797389,0.31991485,0.33329886,0.3329658,0.4504504,0.32056236,0.5683724
"np.mean(10*(np.square(4.419899482830171+array_x+array_x)/1.786797245610592-array_x/array_x-9.700668010006531-6.703347090204891), axis=1)",0.11796196,0.34991315,0.014605427,0.029405138,1.0,0.020548986,2.8855837e-05,0.0044746776,0.0032737597,0.08505181,6.1721825e-05,0.61980534,0.45363694,0.5555951,0.3048163,0.38192904,0.6271485,0.3797389,0.31991485,0.33329886,0.3329658,0.4504504,0.32056236,0.5683724
"np.mean(10*(np.square(6.948193957036988)+np.sqrt(abs(array_x))), axis=1)+np.sin(2*np.pi*np.mean(10*(np.square(8.98748557221817)+np.sqrt(abs(array_x))), axis=1))",0.67547774,0.63762814,0.6666623,0.34477255,0.9564497,0.3188224,0.0007194997,0.11130665,0.00028933014,0.67329913,0.0908052,0.6332893,0.45363694,0.5555951,0.3048163,0.38192904,0.6271485,0.3797389,0.31991485,0.33329886,0.3329658,0.4504504,0.32056236,0.5683724
"np.mean(10*(np.square(6.964062762496303))+np.exp(np.sqrt(abs(1.95947070445532/np.cos(2*np.pi*np.square(array_x))*np.sqrt(abs(4.268121229909909))))), axis=1)",0.61790174,0.18279092,0.0,0.7064054,0.23818515,0.6773676,0.44407377,0.45306638,0.41780552,0.5681441,0.4962057,0.2258763,0.45363694,0.5555951,0.3048163,0.38192904,0.6271485,0.3797389,0.31991485,0.33329886,0.3329658,0.4504504,0.32056236,0.5683724
"np.mean(10*(np.square(array_x)-abs(array_x+array_x)+5.651880467758028+array_x), axis=1)",0.19574133,0.535801,0.5433345,0.032091364,0.9624959,0.031439513,3.5198973e-05,0.004933094,0.0022103225,0.15864575,0.00041116483,0.43173164,0.45363694,0.5555951,0.3048163,0.38192904,0.6271485,0.3797389,0.31991485,0.33329886,0.3329658,0.4504504,0.32056236,0.5683724
"np.mean(10*(np.square(array_x-7.928186293931607)*np.square(array_x)), axis=1)+10*(np.sin(2*np.pi*np.mean(10*(np.square(array_x-7.048789780863931)*np.square(array_x)), axis=1)))",0.47316056,0.5578742,0.073253684,0.12465658,0.61111677,0.14654173,0.0009341439,0.030613884,0.035122413,0.626035,0.009768218,0.5038277,0.45363694,0.5555951,0.3048163,0.38192904,0.6271485,0.3797389,0.31991485,0.33329886,0.3329658,0.4504504,0.32056236,0.5683724
"np.mean(10*(np.square(np.log(abs(3.3820674981351146/abs(array_x)-1.468580979029325)))), axis=1)+np.sin(2*np.pi*np.mean(10*(np.square(np.log(abs(4.47517713345046/abs(array_x)-5.866278682247042)))), axis=1))",0.20841931,0.58861643,0.14322323,0.48359114,0.65335363,0.32296544,0.05277938,0.10310478,0.08999995,0.51515156,0.08268836,0.6903685,0.45363694,0.5555951,0.3048163,0.38192904,0.6271485,0.3797389,0.31991485,0.33329886,0.3329658,0.4504504,0.32056236,0.5683724
"np.mean(10*(np.square(np.sin(2*np.pi*(np.array(range(1, array_x.shape[1]+1)))/5.245613238574064)))-np.sqrt(abs(5.282349679097701/array_x)), axis=1)",0.99999994,0.0,0.98196805,0.9999996,0.9988076,0.9999987,0.9999792,0.99999684,0.99999785,1.0,0.9999828,0.74131554,0.45363694,0.5555951,0.3048163,0.38192904,0.6271485,0.3797389,0.31991485,0.33329886,0.3329658,0.4504504,0.32056236,0.5683724
"np.mean(10*(np.square(np.square(5.313414241969254)))+array_x, axis=1)+np.sin(2*np.pi*np.mean(10*(np.square(np.square(8.720050336452768)))+array_x, axis=1))",0.003976554,0.9999996,0.9999997,0.6667193,0.9999997,0.4999999,0.9999997,0.66666615,0.9999998,0.0,0.9999993,0.99999946,0.45363694,0.5555951,0.3048163,0.38192904,0.6271485,0.3797389,0.31991485,0.33329886,0.3329658,0.4504504,0.32056236,0.5683724
"np.mean(2.000404448745365+np.square(8.856909015836525-array_x), axis=1)+np.sin(2*np.pi*np.mean(7.50196446143318+np.square(1.7452622713075503-array_x), axis=1))",0.00027414094,0.9996673,0.44496167,4.4868397e-05,0.78602606,7.265419e-05,0.055203605,9.249401e-05,5.7777317e-05,0.00013221642,0.055504624,0.90280336,0.45363694,0.5555951,0.3048163,0.38192904,0.6271485,0.3797389,0.31991485,0.33329886,0.3329658,0.4504504,0.32056236,0.5683724
"np.mean(2.021987750670756+np.sin(2*np.pi*4.126015726905783/np.exp(8.523393816888863+(np.array(range(1, array_x.shape[1]+1)))*array_x)), axis=1)",0.415686,0.5115906,0.36901274,0.48971787,0.98220867,0.5319852,0.49718472,0.43210235,0.41604215,0.5307072,0.56690353,0.78586614,0.45363694,0.5555951,0.3048163,0.38192904,0.6271485,0.3797389,0.31991485,0.33329886,0.3329658,0.4504504,0.32056236,0.5683724
"np.mean(2.0746354432475713/np.square(array_x+4.437977859296916), axis=1)+np.sin(2*np.pi*np.mean(1.3196245444075698/np.square(array_x+1.8251470788024522), axis=1))",0.4827055,0.7879012,0.71578634,0.5939607,0.7936894,0.3251607,0.510988,0.0077756,0.21405634,0.70541453,0.017936893,0.9449924,0.45363694,0.5555951,0.3048163,0.38192904,0.6271485,0.3797389,0.31991485,0.33329886,0.3329658,0.4504504,0.32056236,0.5683724
"np.mean(2.195951516505672-5.299156625029427+array_x+array_x, axis=1)+10*(np.sin(2*np.pi*np.mean(7.996164935227163-9.613660685263138+array_x+array_x, axis=1)))",0.071350746,0.9999827,0.9999984,0.26785716,0.9999998,0.34291372,0.6333427,0.50009155,0.6333339,3.903658e-05,0.49993864,0.9999998,0.45363694,0.5555951,0.3048163,0.38192904,0.6271485,0.3797389,0.31991485,0.33329886,0.3329658,0.4504504,0.32056236,0.5683724
"np.mean(2.2246581565089114-array_x+np.square(array_x-5.112439801242543)-7.788840502211255, axis=1)",0.0,1.0,0.13541633,9.5197987e-17,0.7944184,0.0,2.9647151e-09,0.0,2.336524e-16,0.0,8.967371e-10,0.87712705,0.45363694,0.5555951,0.3048163,0.38192904,0.6271485,0.3797389,0.31991485,0.33329886,0.3329658,0.4504504,0.32056236,0.5683724
"np.mean(2.26063212298142+array_x, axis=1)+np.sin(2*np.pi*np.mean(3.4347957697700093+array_x, axis=1))",0.0,0.99999934,0.99999934,0.83333284,0.9999995,0.5,0.99999964,0.9999977,0.99999714,9.642484e-06,0.99999946,0.9999995,0.45363694,0.5555951,0.3048163,0.38192904,0.6271485,0.3797389,0.31991485,0.33329886,0.3329658,0.4504504,0.32056236,0.5683724
"np.mean(2.2722757177112918*array_x-np.log(abs(array_x)), axis=1)+np.sin(2*np.pi*np.mean(9.319260183142903*array_x-np.log(abs(array_x)), axis=1))",0.0,0.9326598,0.7108896,0.026820881,0.9682259,0.02703038,0.05502616,0.026800867,0.029305067,8.939138e-11,0.028493036,0.94570184,0.45363694,0.5555951,0.3048163,0.38192904,0.6271485,0.3797389,0.31991485,0.33329886,0.3329658,0.4504504,0.32056236,0.5683724
"np.mean(2.3303969737809256*array_x*np.square(array_x)/8.356980634000788+array_x+4.883322283461908, axis=1)",4.565114e-16,0.9842599,0.5790714,2.8528127e-14,0.8891031,3.604964e-15,5.1834218e-06,2.37483e-15,4.0588942e-15,2.455885e-16,1.2910671e-05,0.9679953,0.45363694,0.5555951,0.3048163,0.38192904,0.6271485,0.3797389,0.31991485,0.33329886,0.3329658,0.4504504,0.32056236,0.5683724
"np.mean(2.3532689938261435-array_x*array_x+5.253397704963928, axis=1)+np.sin(2*np.pi*np.mean(2.1991918405977344-array_x*array_x+9.478497172039964, axis=1))",1.5109602e-09,1.0,0.51792747,5.7509206e-11,0.87114924,1.6737513e-10,0.09090915,1.7506102e-10,4.8705285e-12,8.077939e-09,0.090909116,0.9998336,0.45363694,0.5555951,0.3048163,0.38192904,0.6271485,0.3797389,0.31991485,0.33329886,0.3329658,0.4504504,0.32056236,0.5683724
"np.mean(2.3672288891828916/np.square(6.139361348796253+np.exp(5.214039279846198/array_x)), axis=1)",0.098359734,0.25092912,0.001022521,0.0010089524,0.30074057,0.0006248449,7.4456263e-09,3.3595754e-07,4.6563597e-05,0.22068743,4.7248093e-08,0.12176321,0.45363694,0.5555951,0.3048163,0.38192904,0.6271485,0.3797389,0.31991485,0.33329886,0.3329658,0.4504504,0.32056236,0.5683724
"np.mean(2.4330190152934033/np.log(abs(3.1961039013441783+array_x+array_x)), axis=1)+np.sin(2*np.pi*np.mean(1.166311440174559/np.log(abs(4.036989652339463+array_x+array_x)), axis=1))",1.0,0.99809194,0.0,1.0,0.9999664,0.9999999,0.9999979,0.99999976,0.9999994,0.99999994,0.9999965,0.9983623,0.45363694,0.5555951,0.3048163,0.38192904,0.6271485,0.3797389,0.31991485,0.33329886,0.3329658,0.4504504,0.32056236,0.5683724
"np.mean(2.466908066825981/np.sqrt(abs((np.array(range(1, array_x.shape[1]+1)))*array_x)), axis=1)",0.0,0.9785093,0.016420655,0.0,0.8231399,0.0,1.2993532e-08,0.0,0.0,0.0,1.9190926e-08,0.94286996,0.45363694,0.5555951,0.3048163,0.38192904,0.6271485,0.3797389,0.31991485,0.33329886,0.3329658,0.4504504,0.32056236,0.5683724
"np.mean(2.484715113862089/np.log(abs(np.cos(2*np.pi*array_x)))-np.cos(2*np.pi*1.9243756252695219), axis=1)",0.9999996,0.99988365,0.4457061,0.9997665,0.9642858,1.0,1.0,0.7500011,0.99999964,0.39549556,0.999989,0.9990465,0.45363694,0.5555951,0.3048163,0.38192904,0.6271485,0.3797389,0.31991485,0.33329886,0.3329658,0.4504504,0.32056236,0.5683724
"np.mean(2.5096340748062054/np.exp(2.646024032836592+array_x)-array_x+array_x/9.205220731775784-6.3625755574911675, axis=1)",0.0,1.0,0.24213693,0.0,0.6978001,0.0,1.621433e-08,0.0,0.0,0.0,1.2876302e-09,0.86212444,0.45363694,0.5555951,0.3048163,0.38192904,0.6271485,0.3797389,0.31991485,0.33329886,0.3329658,0.4504504,0.32056236,0.5683724
"np.mean(2.539939494133546*np.exp(array_x), axis=1)+8.31937645297325-np.sin(2*np.pi*np.sum(array_x, axis=1))-np.square(4.560366361586602)+np.sin(2*np.pi*np.mean(8.644122477613475*np.exp(array_x), axis=1)+8.101172013564733-np.sin(2*np.pi*np.sum(array_x, axis=1))-np.square(4.688844653506944))",0.008868827,0.49897078,0.7748563,0.004981631,1.0,0.008750212,0.19991888,0.24390663,0.0018594471,0.0153721,0.17009893,0.70813185,0.45363694,0.5555951,0.3048163,0.38192904,0.6271485,0.3797389,0.31991485,0.33329886,0.3329658,0.4504504,0.32056236,0.5683724
"np.mean(2.6750551718249964*array_x, axis=1)+4.359010408238526+10*(np.sin(2*np.pi*np.mean(3.4223446874941956*array_x, axis=1)+2.518746355933768))",0.033759855,0.9121468,0.9090634,0.17428373,1.0,0.21673106,0.38543177,0.24046978,0.23542838,6.749936e-05,0.46048164,0.9615376,0.45363694,0.5555951,0.3048163,0.38192904,0.6271485,0.3797389,0.31991485,0.33329886,0.3329658,0.4504504,0.32056236,0.5683724
"np.mean(2.7378919101670918*array_x-4.046905217728511*np.sqrt(abs(np.log(abs(np.cos(2*np.pi*array_x/7.045813638623349))))), axis=1)+np.sin(2*np.pi*np.mean(2.487069557321772*array_x-7.578361168179928*np.sqrt(abs(np.log(abs(np.cos(2*np.pi*array_x/1.331539012291238))))), axis=1))",0.0007280431,0.8366063,0.7309402,0.0038894082,1.0,0.009258463,0.5347077,0.09142937,0.11411403,0.0,0.49889976,0.8620006,0.45363694,0.5555951,0.3048163,0.38192904,0.6271485,0.3797389,0.31991485,0.33329886,0.3329658,0.4504504,0.32056236,0.5683724
"np.mean(2.7984452271000384+np.log(abs(array_x))+array_x-10*(abs(3.830445045415248)), axis=1)+np.sin(2*np.pi*np.mean(7.89068712688492+np.log(abs(array_x))+array_x-10*(abs(4.325275408029578)), axis=1))",0.5000002,0.49999696,0.9999991,0.25244257,0.55664533,0.07706918,0.49997392,0.04810382,0.4999793,0.3173248,0.3931632,0.4999897,0.45363694,0.5555951,0.3048163,0.38192904,0.6271485,0.3797389,0.31991485,0.33329886,0.3329658,0.4504504,0.32056236,0.5683724
"np.mean(2.894011042586938+array_x, axis=1)+10*(np.sin(2*np.pi*np.mean(3.0911178268046067+array_x, axis=1)))",7.0890084e-05,0.9998849,0.9998849,0.8333056,0.99995375,0.9999789,0.9998877,0.99997914,0.9999549,3.2083346e-05,0.83323234,0.9998849,0.45363694,0.5555951,0.3048163,0.38192904,0.6271485,0.3797389,0.31991485,0.33329886,0.3329658,0.4504504,0.32056236,0.5683724
"np.mean(2.9681867811042064+np.sqrt(abs(10*(array_x))), axis=1)+10*(np.sin(2*np.pi*np.mean(8.173310255175792+np.sqrt(abs(10*(array_x))), axis=1)))",0.34728146,0.0004982246,0.4988894,0.49976295,0.4999925,0.5000112,0.3197435,0.3406061,0.49889508,0.7502595,0.25912398,0.4988894,0.45363694,0.5555951,0.3048163,0.38192904,0.6271485,0.3797389,0.31991485,0.33329886,0.3329658,0.4504504,0.32056236,0.5683724
"np.mean(3.1229064328881178*array_x+np.sqrt(abs(8.240353096200156))*array_x*array_x, axis=1)",0.5904472,0.16877328,0.0006970445,0.08508107,0.7772055,0.08919688,0.00089040684,0.021237757,0.020184,0.48988995,0.005317206,0.14108585,0.45363694,0.5555951,0.3048163,0.38192904,0.6271485,0.3797389,0.31991485,0.33329886,0.3329658,0.4504504,0.32056236,0.5683724
"np.mean(3.130900230570087+array_x, axis=1)+10*(np.sin(2*np.pi*np.mean(9.540588839953614+array_x, axis=1)))",2.3196422e-07,0.9999101,0.99996114,0.99996257,0.99996114,0.49991968,0.99994123,0.9999394,0.999963,0.16693367,0.9999342,0.99996114,0.45363694,0.5555951,0.3048163,0.38192904,0.6271485,0.3797389,0.31991485,0.33329886,0.3329658,0.4504504,0.32056236,0.5683724
"np.mean(3.1826968625202587/array_x-array_x, axis=1)",1.0,0.9046994,0.72196436,1.0,0.99980897,1.0,0.99999547,1.0,0.99999994,1.0,0.9999998,0.9502036,0.45363694,0.5555951,0.3048163,0.38192904,0.6271485,0.3797389,0.31991485,0.33329886,0.3329658,0.4504504,0.32056236,0.5683724
"np.mean(3.1967208667786675-np.cos(2*np.pi*8.923436587090036+array_x)-2.724273335523213, axis=1)",0.83742195,0.2213711,0.0059995917,0.15129256,0.44873613,0.14725773,0.008243476,0.02252774,0.01689298,0.7093272,0.0,0.22388563,0.45363694,0.5555951,0.3048163,0.38192904,0.6271485,0.3797389,0.31991485,0.33329886,0.3329658,0.4504504,0.32056236,0.5683724
"np.mean(3.197229617424116*2.7594861099606325+array_x*2.5228894969867035*10*(10*(2.278244092085392)-array_x), axis=1)+np.sin(2*np.pi*np.mean(4.1989372411061705*6.695623405873192+array_x*4.556264432580964*10*(10*(3.776921298789143)-array_x), axis=1))",8.03889e-10,0.9665252,0.40063605,3.6122381e-12,0.99433696,6.5363214e-12,0.0002705471,2.640742e-12,9.323396e-13,2.2202933e-10,0.00030351395,0.922224,0.45363694,0.5555951,0.3048163,0.38192904,0.6271485,0.3797389,0.31991485,0.33329886,0.3329658,0.4504504,0.32056236,0.5683724
"np.mean(3.2200785822397124*np.sin(2*np.pi*array_x)+5.103943950011217-2.325470124832326-4.653494893845*(np.array(range(1, array_x.shape[1]+1)))+6.665327741974544/np.cos(2*np.pi*5.823031860663376+np.square(array_x)/8.775092582426591), axis=1)",1.0,0.99999726,0.0,0.9999996,0.9997492,0.9999999,0.999902,0.99999654,0.99999803,0.99999994,0.9998444,0.9997177,0.45363694,0.5555951,0.3048163,0.38192904,0.6271485,0.3797389,0.31991485,0.33329886,0.3329658,0.4504504,0.32056236,0.5683724
"np.mean(3.2323475873598686-np.sqrt(abs(array_x*array_x)), axis=1)+np.sin(2*np.pi*np.mean(6.311456562083828-np.sqrt(abs(array_x*array_x)), axis=1))",2.5910429e-05,0.9999981,0.9999981,0.9999991,0.9999981,0.9999991,0.9999992,0.9999982,0.999998,3.888901e-06,0.99999815,0.9999981,0.45363694,0.5555951,0.3048163,0.38192904,0.6271485,0.3797389,0.31991485,0.33329886,0.3329658,0.4504504,0.32056236,0.5683724
"np.mean(3.2438779486348084*np.sqrt(abs(array_x))*np.log(abs(array_x-5.968148071958888)), axis=1)+10*(np.sin(2*np.pi*np.mean(2.410738567683798*np.sqrt(abs(array_x))*np.log(abs(array_x-4.468531557193156)), axis=1)))",0.45420757,0.97668666,0.5329622,0.27370217,0.8942642,0.37478384,0.27257165,0.398162,0.22499467,0.3912095,0.14101261,0.71979654,0.45363694,0.5555951,0.3048163,0.38192904,0.6271485,0.3797389,0.31991485,0.33329886,0.3329658,0.4504504,0.32056236,0.5683724
"np.mean(3.2641576602967906*1.372743932818177+array_x+np.sin(2*np.pi*array_x)+np.square(2.9691510390029863), axis=1)",0.038679782,0.9889975,0.7528676,0.022769742,0.9183697,0.021147903,0.08730558,0.019689325,0.022348013,0.040591575,0.093791194,0.9264507,0.45363694,0.5555951,0.3048163,0.38192904,0.6271485,0.3797389,0.31991485,0.33329886,0.3329658,0.4504504,0.32056236,0.5683724
"np.mean(3.313083662801152-2.367532634842644/np.exp(np.sqrt(abs(array_x)))+np.cos(2*np.pi*10*(np.round(10*(9.194321117271807)))), axis=1)",0.9340208,0.45341828,0.18277816,0.54073715,0.5391234,0.63566655,0.09503795,0.41511855,0.3640207,1.0,0.074068174,0.2658251,0.45363694,0.5555951,0.3048163,0.38192904,0.6271485,0.3797389,0.31991485,0.33329886,0.3329658,0.4504504,0.32056236,0.5683724
"np.mean(3.331202551501058+np.cos(2*np.pi*array_x), axis=1)+np.sin(2*np.pi*np.mean(2.627091148943889+np.cos(2*np.pi*array_x), axis=1))",0.75002027,0.17177361,0.016631922,0.2909166,0.001263112,0.9633069,0.40222377,0.9999872,0.9110333,0.31253734,0.9999804,0.949827,0.45363694,0.5555951,0.3048163,0.38192904,0.6271485,0.3797389,0.31991485,0.33329886,0.3329658,0.4504504,0.32056236,0.5683724
"np.mean(3.3669295012937432+np.sqrt(abs(array_x*7.146221093957039))/np.cos(2*np.pi*4.689778103540938), axis=1)+np.sin(2*np.pi*np.mean(8.400861552469422+np.sqrt(abs(array_x*8.568471981926264))/np.cos(2*np.pi*4.311673881386105), axis=1))",9.648861e-08,1.0,1.0,5.6688424e-07,1.0,9.872869e-09,0.33333334,8.6148574e-08,8.2282785e-09,2.1110161e-07,0.50000054,1.0,0.45363694,0.5555951,0.3048163,0.38192904,0.6271485,0.3797389,0.31991485,0.33329886,0.3329658,0.4504504,0.32056236,0.5683724
"np.mean(3.4323263730783933/array_x+5.492560116233616, axis=1)+np.sin(2*np.pi*np.mean(1.316469156911321/array_x+7.393987920601086, axis=1))",1.0,0.99981064,0.0,1.0,0.99346995,1.0,0.99999994,1.0,1.0,1.0,0.9999998,0.99996704,0.45363694,0.5555951,0.3048163,0.38192904,0.6271485,0.3797389,0.31991485,0.33329886,0.3329658,0.4504504,0.32056236,0.5683724
"np.mean(3.5826176758300186*np.sin(2*np.pi*1.4019853834821916+array_x)+array_x, axis=1)",0.051442694,0.7520769,0.6372431,0.39625093,0.95748353,0.40462714,0.5010843,0.5261308,0.5781914,0.33872828,0.5845514,0.7628589,0.45363694,0.5555951,0.3048163,0.38192904,0.6271485,0.3797389,0.31991485,0.33329886,0.3329658,0.4504504,0.32056236,0.5683724
"np.mean(3.584910197322767-np.cos(2*np.pi*array_x)-3.9249133458360914, axis=1)",0.85897905,0.027737148,0.0,0.66354233,0.07851178,0.62700456,0.19293724,0.31007996,0.13937904,0.5933235,0.15393946,0.052731533,0.45363694,0.5555951,0.3048163,0.38192904,0.6271485,0.3797389,0.31991485,0.33329886,0.3329658,0.4504504,0.32056236,0.5683724
"np.mean(3.6405740707517475*array_x-2.9399948011575647+array_x, axis=1)+np.sin(2*np.pi*np.mean(5.9241514626594025*array_x-8.099207253122373+array_x, axis=1))",8.868744e-08,0.9019139,0.7029412,1.3705332e-09,0.93201756,2.4873472e-08,0.021739962,5.966663e-09,0.0,1.4512126e-07,0.048421577,1.0,0.45363694,0.5555951,0.3048163,0.38192904,0.6271485,0.3797389,0.31991485,0.33329886,0.3329658,0.4504504,0.32056236,0.5683724
"np.mean(3.6980704737059042/np.exp(2.4669010912317244*array_x-3.296825800722841), axis=1)",0.0,1.0,0.02360177,0.0,0.2665487,0.0,1.3464324e-10,0.0,0.0,0.0,1.9680486e-11,0.569784,0.45363694,0.5555951,0.3048163,0.38192904,0.6271485,0.3797389,0.31991485,0.33329886,0.3329658,0.4504504,0.32056236,0.5683724
"np.mean(3.7302569999264614*np.sin(2*np.pi*array_x)/(np.array(range(1, array_x.shape[1]+1))), axis=1)",0.80312026,0.058925856,0.0,0.6807189,0.15900695,0.69461286,0.116232656,0.1939084,0.15938334,0.8276411,0.26393598,0.08307715,0.45363694,0.5555951,0.3048163,0.38192904,0.6271485,0.3797389,0.31991485,0.33329886,0.3329658,0.4504504,0.32056236,0.5683724
"np.mean(3.739888335935304/np.square(7.4486965028997485)/abs(array_x), axis=1)",0.0,0.9544206,0.04085697,0.0,0.67728853,0.0,1.9763576e-08,0.0,0.0,0.0,2.6871292e-09,0.9971974,0.45363694,0.5555951,0.3048163,0.38192904,0.6271485,0.3797389,0.31991485,0.33329886,0.3329658,0.4504504,0.32056236,0.5683724
"np.mean(3.745072522806886-np.square(4.411558893716854+8.9590985076807/array_x+9.871508944242786)*6.272065051888511, axis=1)",1.0,0.11563241,0.99999887,1.0,1.0,1.0,1.0,1.0,1.0,1.0,1.0,0.49823114,0.45363694,0.5555951,0.3048163,0.38192904,0.6271485,0.3797389,0.31991485,0.33329886,0.3329658,0.4504504,0.32056236,0.5683724
"np.mean(3.7944001695097227/np.square(1.472180278299783/array_x)-np.sin(2*np.pi*array_x*1.7025501581083866), axis=1)",0.8342052,0.27943274,0.10866482,0.5291786,0.46700728,0.42782706,0.0820217,0.19436122,0.27046424,1.0,0.10613652,0.32146,0.45363694,0.5555951,0.3048163,0.38192904,0.6271485,0.3797389,0.31991485,0.33329886,0.3329658,0.4504504,0.32056236,0.5683724
"np.mean(3.8210478091400635*np.square(np.square(1.3432296267522237)+array_x), axis=1)+10*(np.sin(2*np.pi*np.mean(8.772524352570581*np.square(np.square(5.608724233110039)+array_x), axis=1)))",0.17459244,0.43718335,0.48368102,0.08095624,1.0,0.11552935,0.024069672,0.043413244,0.040133886,0.15420343,0.03969415,0.57666427,0.45363694,0.5555951,0.3048163,0.38192904,0.6271485,0.3797389,0.31991485,0.33329886,0.3329658,0.4504504,0.32056236,0.5683724
"np.mean(3.830192273226866-(np.array(range(1, array_x.shape[1]+1)))*array_x*10*((np.array(range(1, array_x.shape[1]+1)))*array_x-5.364183371683756), axis=1)",0.091060795,0.83216745,0.27439958,0.1321826,0.81347495,0.110880904,0.0803003,0.09329043,0.06697895,0.09047503,0.15074196,0.9890144,0.45363694,0.5555951,0.3048163,0.38192904,0.6271485,0.3797389,0.31991485,0.33329886,0.3329658,0.4504504,0.32056236,0.5683724
"np.mean(3.8703144592751952-np.cumsum(np.round(array_x), axis=1), axis=1)+np.sin(2*np.pi*np.mean(5.300182180159671-np.cumsum(np.round(array_x), axis=1), axis=1))",0.0,1.0,0.73710823,0.0,0.82065225,0.0,0.15342698,0.069716424,0.0,0.0,0.08774835,0.92614716,0.45363694,0.5555951,0.3048163,0.38192904,0.6271485,0.3797389,0.31991485,0.33329886,0.3329658,0.4504504,0.32056236,0.5683724
"np.mean(4.023843703714986*-(np.exp(np.cumsum(np.round(array_x)-array_x, axis=1)))/np.sqrt(abs(6.916804960638744)), axis=1)",0.994411,0.3702667,0.0,0.8439516,0.6500942,0.79520416,0.5074482,0.6319512,0.5978846,0.9963528,0.64671147,0.29201847,0.45363694,0.5555951,0.3048163,0.38192904,0.6271485,0.3797389,0.31991485,0.33329886,0.3329658,0.4504504,0.32056236,0.5683724
"np.mean(4.038622646060356+np.log(abs(-(np.cos(2*np.pi*array_x))))-3.101543290998688, axis=1)",0.9504983,0.4131228,0.0,0.91203916,0.6042353,0.88281214,0.8408167,0.7934204,0.8720722,0.9453596,0.7662263,0.253278,0.45363694,0.5555951,0.3048163,0.38192904,0.6271485,0.3797389,0.31991485,0.33329886,0.3329658,0.4504504,0.32056236,0.5683724
"np.mean(4.058360599799553/array_x, axis=1)+np.sin(2*np.pi*np.mean(7.050436820533443/array_x, axis=1))",1.0,0.99831223,0.0,1.0,0.9996739,1.0,0.99999946,1.0,0.99999994,1.0,0.9999985,0.9996413,0.45363694,0.5555951,0.3048163,0.38192904,0.6271485,0.3797389,0.31991485,0.33329886,0.3329658,0.4504504,0.32056236,0.5683724
"np.mean(4.138303640996545-np.log(abs(array_x))-4.789629923202116*np.sqrt(abs(np.sqrt(abs(np.exp(4.497547312252216))))), axis=1)+np.sin(2*np.pi*np.mean(8.421727310906057-np.log(abs(array_x))-9.055190839004027*np.sqrt(abs(np.sqrt(abs(np.exp(8.397888635986636))))), axis=1))",0.5405945,1.085551e-08,4.3093465e-10,0.042344615,1.0246039e-06,0.13361369,0.78593796,0.04361872,0.053392954,0.13393256,0.12139557,2.5697968e-06,0.45363694,0.5555951,0.3048163,0.38192904,0.6271485,0.3797389,0.31991485,0.33329886,0.3329658,0.4504504,0.32056236,0.5683724
"np.mean(4.307460094317435-array_x, axis=1)+10*(np.sin(2*np.pi*np.mean(7.139432270852424-array_x, axis=1)))",5.0772553e-05,0.99973917,0.99991906,0.28838736,0.7497869,0.5002154,0.74995667,0.99975425,0.9999262,0.00017813858,0.7497903,0.7497907,0.45363694,0.5555951,0.3048163,0.38192904,0.6271485,0.3797389,0.31991485,0.33329886,0.3329658,0.4504504,0.32056236,0.5683724
"np.mean(4.33629473932208/np.sin(2*np.pi*array_x*array_x+3.6331355847970848), axis=1)+np.sin(2*np.pi*np.mean(2.1585086155632554/np.sin(2*np.pi*array_x*array_x+2.7884771564875197), axis=1))",0.9951783,0.99120176,0.0,0.9984315,0.99529845,0.998407,0.99859315,0.99711967,0.9986627,0.99932444,0.99922746,0.98007756,0.45363694,0.5555951,0.3048163,0.38192904,0.6271485,0.3797389,0.31991485,0.33329886,0.3329658,0.4504504,0.32056236,0.5683724
"np.mean(4.344883797763289-array_x/np.log(abs(3.6235999035472295*array_x+6.459149725425136)), axis=1)",1.0,0.98744726,0.5687559,1.0,0.9999893,1.0,0.999998,0.99999994,0.99999994,1.0,0.99999917,0.9963475,0.45363694,0.5555951,0.3048163,0.38192904,0.6271485,0.3797389,0.31991485,0.33329886,0.3329658,0.4504504,0.32056236,0.5683724
"np.mean(4.39110293926966+np.sin(2*np.pi*array_x)*3.112356265140417, axis=1)+np.sin(2*np.pi*np.mean(8.45208690866065+np.sin(2*np.pi*array_x)*7.25136483015902, axis=1))",0.7847266,0.5239647,0.0,0.5052763,0.5224644,0.4982795,0.016352119,0.45498008,0.078336254,0.70112175,0.4652407,0.522466,0.45363694,0.5555951,0.3048163,0.38192904,0.6271485,0.3797389,0.31991485,0.33329886,0.3329658,0.4504504,0.32056236,0.5683724
"np.mean(4.403919991921226-array_x*8.706667658025937+array_x, axis=1)",0.0,0.9924088,0.3440399,5.351036e-16,0.7911339,2.1368913e-16,8.172279e-09,2.1368913e-16,5.3808467e-16,0.0,3.7816714e-09,0.990178,0.45363694,0.5555951,0.3048163,0.38192904,0.6271485,0.3797389,0.31991485,0.33329886,0.3329658,0.4504504,0.32056236,0.5683724
"np.mean(4.481815700907465-array_x+8.538549328466502, axis=1)+np.sin(2*np.pi*np.mean(5.024954566488652-array_x+5.2645728788850885, axis=1))",0.0,0.9999994,0.9999994,0.50000703,0.99999964,0.5833323,0.9999997,0.999998,0.99999917,8.2242536e-07,0.9999989,0.9999994,0.45363694,0.5555951,0.3048163,0.38192904,0.6271485,0.3797389,0.31991485,0.33329886,0.3329658,0.4504504,0.32056236,0.5683724
"np.mean(4.482391677272824*array_x-array_x-np.sqrt(abs(array_x))/np.cos(2*np.pi*1.464175249472381+(np.array(range(1, array_x.shape[1]+1)))), axis=1)",0.04559352,0.987717,0.34496832,0.018855128,1.0,0.016589997,0.0,0.037824765,0.07333179,0.053118348,0.0014799832,0.8766265,0.45363694,0.5555951,0.3048163,0.38192904,0.6271485,0.3797389,0.31991485,0.33329886,0.3329658,0.4504504,0.32056236,0.5683724
"np.mean(4.534096081842595+array_x, axis=1)+np.sin(2*np.pi*np.mean(2.6239710326406014+array_x, axis=1))",8.034991e-06,0.99999875,0.99999875,0.41666538,0.9999996,0.83332646,0.99999654,0.9999935,0.83332616,1.0108975e-07,0.9999996,0.9999996,0.45363694,0.5555951,0.3048163,0.38192904,0.6271485,0.3797389,0.31991485,0.33329886,0.3329658,0.4504504,0.32056236,0.5683724
"np.mean(4.534947107308259+array_x-3.48989491475262+4.139613247442726-np.sqrt(abs(np.cos(2*np.pi*array_x*array_x)*6.680286183143486)), axis=1)",0.0,0.9007939,0.84197974,2.6352664e-13,0.87764436,2.3915567e-13,0.135142,1.2053771e-13,1.958059e-14,0.0,0.12238039,0.96173674,0.45363694,0.5555951,0.3048163,0.38192904,0.6271485,0.3797389,0.31991485,0.33329886,0.3329658,0.4504504,0.32056236,0.5683724
"np.mean(4.609431987380567*np.exp(np.sqrt(abs(np.cos(2*np.pi*array_x)/3.4943715041679244/(np.array(range(1, array_x.shape[1]+1)))))), axis=1)+10*(np.sin(2*np.pi*np.mean(8.445311750117527*np.exp(np.sqrt(abs(np.cos(2*np.pi*array_x)/3.314426435799138/(np.array(range(1, array_x.shape[1]+1)))))), axis=1)))",0.009516088,0.0058506536,0.0016601221,0.0027308573,0.0050684973,0.009535211,0.011305832,0.0061223563,0.5783176,0.009368858,0.0046909526,0.014746971,0.45363694,0.5555951,0.3048163,0.38192904,0.6271485,0.3797389,0.31991485,0.33329886,0.3329658,0.4504504,0.32056236,0.5683724
"np.mean(4.746424336371273-np.sin(2*np.pi*array_x)-np.cos(2*np.pi*array_x)+array_x*7.705876539316113, axis=1)",0.0,0.90993595,0.33273527,0.0,1.0,0.0,7.113749e-09,0.0,0.0,0.0,2.0477235e-09,0.94420767,0.45363694,0.5555951,0.3048163,0.38192904,0.6271485,0.3797389,0.31991485,0.33329886,0.3329658,0.4504504,0.32056236,0.5683724
"np.mean(4.778635025947253+6.919555773065311/array_x/5.218641780661143*np.cos(2*np.pi*5.464798023351758+(np.array(range(1, array_x.shape[1]+1)))-1.1175041955939726), axis=1)",1.0,0.48100874,0.90636075,1.0,0.99996096,1.0,0.99999976,1.0,1.0,1.0,0.99999994,0.99988854,0.45363694,0.5555951,0.3048163,0.38192904,0.6271485,0.3797389,0.31991485,0.33329886,0.3329658,0.4504504,0.32056236,0.5683724
"np.mean(4.829616174150516+np.square(array_x)-np.cos(2*np.pi*np.cos(2*np.pi*10*(1.1241649327370777-array_x-3.02691758516919))), axis=1)",0.8768155,0.26478714,0.08940076,0.46627417,0.51606697,0.38933274,0.2097185,0.29913732,0.30474153,0.79437846,0.24304219,0.23258555,0.45363694,0.5555951,0.3048163,0.38192904,0.6271485,0.3797389,0.31991485,0.33329886,0.3329658,0.4504504,0.32056236,0.5683724
"np.mean(4.862150798652049-array_x/4.61103817403953, axis=1)+np.sin(2*np.pi*np.mean(6.25745380116755-array_x/4.373863090362434, axis=1))",0.6984944,1.1072995e-08,0.0,0.17107403,4.5327408e-07,0.058508076,0.017003993,0.008472403,0.04904006,0.12893766,0.041958336,5.5779854e-08,0.45363694,0.5555951,0.3048163,0.38192904,0.6271485,0.3797389,0.31991485,0.33329886,0.3329658,0.4504504,0.32056236,0.5683724
"np.mean(4.911012030904297/np.sqrt(abs(np.cumsum(7.798277221724052+array_x, axis=1))), axis=1)",0.0,0.9057972,0.32378733,7.229518e-15,0.857388,0.0,6.197873e-07,0.0,0.0,0.0,3.6722025e-07,0.8929952,0.45363694,0.5555951,0.3048163,0.38192904,0.6271485,0.3797389,0.31991485,0.33329886,0.3329658,0.4504504,0.32056236,0.5683724
"np.mean(4.977476032323195-array_x*abs(np.sin(2*np.pi*-(array_x+6.519532061725341))), axis=1)",0.32539362,0.9877919,0.5596514,0.13736793,0.9105561,0.30866706,0.25864944,0.15011267,0.06478743,0.3196613,0.30531022,0.94744587,0.45363694,0.5555951,0.3048163,0.38192904,0.6271485,0.3797389,0.31991485,0.33329886,0.3329658,0.4504504,0.32056236,0.5683724
"np.mean(5.086039493531909*array_x-7.746972801950379+np.cos(2*np.pi*array_x), axis=1)",0.0,0.8804319,0.33140492,1.0800834e-15,0.89776266,6.952358e-16,0.0019652732,1.1932414e-15,3.6016108e-16,3.6171248e-16,0.0019715826,0.9924555,0.45363694,0.5555951,0.3048163,0.38192904,0.6271485,0.3797389,0.31991485,0.33329886,0.3329658,0.4504504,0.32056236,0.5683724
"np.mean(5.110799059035748*np.sqrt(abs(9.545254419575786))/3.2711513050640826+array_x, axis=1)+np.sin(2*np.pi*np.mean(6.960729404638539*np.sqrt(abs(9.802542343081804))/4.9575089124614635+array_x, axis=1))",1.6873906e-07,0.99999917,0.99999833,0.49999952,0.9999999,0.66664743,0.83333343,0.74999905,0.8333315,4.2099344e-07,0.9999986,0.99999833,0.45363694,0.5555951,0.3048163,0.38192904,0.6271485,0.3797389,0.31991485,0.33329886,0.3329658,0.4504504,0.32056236,0.5683724
"np.mean(5.229910393717698-array_x+6.5440022223626855/7.537137191835838, axis=1)+10*(np.sin(2*np.pi*np.mean(6.44343051765275-array_x+1.2512933472181023/7.414905897813216, axis=1)))",9.826011e-07,0.9999354,0.9999661,0.9999742,0.9999354,0.24925973,0.9998611,0.99993634,0.99996775,0.25105393,0.4999777,0.9999661,0.45363694,0.5555951,0.3048163,0.38192904,0.6271485,0.3797389,0.31991485,0.33329886,0.3329658,0.4504504,0.32056236,0.5683724
"np.mean(5.2352385229189435+array_x-array_x-np.sqrt(abs(1/(array_x))), axis=1)+np.sin(2*np.pi*np.mean(8.547450226650344+array_x-array_x-np.sqrt(abs(1/(array_x))), axis=1))",1.0,0.7543051,0.7372154,0.9999634,0.98792905,0.9999728,0.99895984,0.9999723,0.9998851,0.99998134,0.99946064,0.63144237,0.45363694,0.5555951,0.3048163,0.38192904,0.6271485,0.3797389,0.31991485,0.33329886,0.3329658,0.4504504,0.32056236,0.5683724
"np.mean(5.38337707986264+10*(np.cos(2*np.pi*np.exp(array_x))), axis=1)",0.7304825,0.20988736,0.0,0.58438796,0.12758791,0.6678562,0.3048462,0.38811463,0.48872828,0.7049022,0.39659923,0.08291626,0.45363694,0.5555951,0.3048163,0.38192904,0.6271485,0.3797389,0.31991485,0.33329886,0.3329658,0.4504504,0.32056236,0.5683724
"np.mean(5.484775577671378+array_x-2.48643450570001/array_x*2.4668910759805733, axis=1)+10*(np.sin(2*np.pi*np.mean(5.2339174591129884+array_x-6.843919631290726/array_x*9.593518316209064, axis=1)))",1.0,0.999745,0.0,0.99999994,0.99957466,1.0,0.9999993,0.99999994,0.99999994,1.0,0.99999917,0.99371475,0.45363694,0.5555951,0.3048163,0.38192904,0.6271485,0.3797389,0.31991485,0.33329886,0.3329658,0.4504504,0.32056236,0.5683724
"np.mean(5.544749987645568+np.round(8.440041760531662-array_x/8.622890422471723)-array_x, axis=1)",0.0,0.92465943,0.28365767,0.0,0.76245123,0.0,7.354522e-09,0.0,0.0,0.0,8.22273e-10,0.95800406,0.45363694,0.5555951,0.3048163,0.38192904,0.6271485,0.3797389,0.31991485,0.33329886,0.3329658,0.4504504,0.32056236,0.5683724
"np.mean(5.568589372080005-np.square(6.493577222070305-array_x-np.log(abs(1/(abs(array_x-4.471508910902436))))), axis=1)",0.0,0.85884476,0.50342226,1.8516627e-15,1.0,9.337304e-16,1.5158239e-08,9.269699e-16,5.4560923e-16,0.0,9.0393016e-08,0.89353806,0.45363694,0.5555951,0.3048163,0.38192904,0.6271485,0.3797389,0.31991485,0.33329886,0.3329658,0.4504504,0.32056236,0.5683724
"np.mean(5.603475910467207*np.sqrt(abs(7.210917701237596-1/(array_x))), axis=1)",0.9769163,0.16477601,0.17931798,0.74537456,0.31048837,0.8302801,0.35997257,0.61761314,0.6239979,0.89442587,0.4253172,0.21825874,0.45363694,0.5555951,0.3048163,0.38192904,0.6271485,0.3797389,0.31991485,0.33329886,0.3329658,0.4504504,0.32056236,0.5683724
"np.mean(5.622043646410589-(np.array(range(1, array_x.shape[1]+1)))*array_x-4.259650061931794+(np.array(range(1, array_x.shape[1]+1)))*array_x-(np.array(range(1, array_x.shape[1]+1)))*array_x+3.1372374921856716-np.sqrt(abs(np.sqrt(abs((np.array(range(1, array_x.shape[1]+1)))*array_x)))), axis=1)",0.0,1.0,0.36215585,1.0597204e-15,0.8141804,3.4414687e-16,1.4196031e-08,3.006286e-16,4.2053786e-16,0.0,2.83474e-08,0.85051066,0.45363694,0.5555951,0.3048163,0.38192904,0.6271485,0.3797389,0.31991485,0.33329886,0.3329658,0.4504504,0.32056236,0.5683724
"np.mean(5.645240961298103*array_x*np.sqrt(abs(6.156019310232098-array_x))+np.sin(2*np.pi*np.sqrt(abs(array_x+5.999674261213566))), axis=1)",1.8061993e-16,0.773373,0.36311623,6.9337715e-16,1.0,3.6537709e-16,5.5375594e-08,0.13325152,7.348914e-16,0.0,8.187062e-07,0.8784875,0.45363694,0.5555951,0.3048163,0.38192904,0.6271485,0.3797389,0.31991485,0.33329886,0.3329658,0.4504504,0.32056236,0.5683724
"np.mean(5.668562108036993-array_x/1.6576729845169207*np.cumsum(array_x+4.036543225526932, axis=1), axis=1)",0.0,1.0,0.4065943,3.6294803e-16,0.7813189,0.0,4.8269325e-08,0.0,6.31215e-16,0.0,1.985314e-09,0.97413075,0.45363694,0.5555951,0.3048163,0.38192904,0.6271485,0.3797389,0.31991485,0.33329886,0.3329658,0.4504504,0.32056236,0.5683724
"np.mean(5.688138962040849/array_x*abs(array_x)/np.cos(2*np.pi*array_x*7.981882242716133-4.75968702030837)-5.606664960881341, axis=1)",0.99349904,0.9844981,0.82329625,0.9832673,0.996842,0.99895394,0.988723,0.9878947,0.9985625,0.9312725,0.9931874,0.9415213,0.45363694,0.5555951,0.3048163,0.38192904,0.6271485,0.3797389,0.31991485,0.33329886,0.3329658,0.4504504,0.32056236,0.5683724
"np.mean(5.910231422533938+np.log(abs(2.4435107294578264/array_x/np.log(abs(1.3486140222427825-np.cos(2*np.pi*array_x*6.863502089905388-1.2762919307971796))))), axis=1)+np.sin(2*np.pi*np.mean(4.131490934812918+np.log(abs(7.815083117707683/array_x/np.log(abs(4.424888069468636-np.cos(2*np.pi*array_x*6.8174259149160905-7.513793207861473))))), axis=1))",0.5020865,0.6540667,0.011457516,0.6972233,0.335008,0.5855754,0.5329066,0.67599237,0.54289925,0.58946544,0.45817193,0.2556351,0.45363694,0.5555951,0.3048163,0.38192904,0.6271485,0.3797389,0.31991485,0.33329886,0.3329658,0.4504504,0.32056236,0.5683724
"np.mean(5.9244559214847*(np.array(range(1, array_x.shape[1]+1)))*array_x-(np.array(range(1, array_x.shape[1]+1)))*array_x+7.835893563305081, axis=1)",0.0,0.9367907,0.3555696,1.3399585e-15,0.9927275,1.6845206e-15,7.962596e-08,0.0,1.3496738e-16,0.0,1.4610369e-07,0.86799943,0.45363694,0.5555951,0.3048163,0.38192904,0.6271485,0.3797389,0.31991485,0.33329886,0.3329658,0.4504504,0.32056236,0.5683724
"np.mean(5.948106538918155+1.8344162924018204-np.cos(2*np.pi*(np.array(range(1, array_x.shape[1]+1)))*array_x)+abs(7.208037062433515), axis=1)",0.69374526,0.18846397,0.0,0.65077835,0.48332062,0.49611288,0.3584262,0.35480744,0.57659245,0.5264778,0.49824968,0.24320519,0.45363694,0.5555951,0.3048163,0.38192904,0.6271485,0.3797389,0.31991485,0.33329886,0.3329658,0.4504504,0.32056236,0.5683724
"np.mean(5.981817244059305-np.square(array_x), axis=1)+np.sin(2*np.pi*np.mean(2.828955955038544-np.square(array_x), axis=1))",1.8921481e-15,0.99785686,0.64493847,3.4478864e-05,0.8052905,3.1541044e-11,0.06683203,6.129176e-15,0.030671572,0.0,0.066831864,0.99072933,0.45363694,0.5555951,0.3048163,0.38192904,0.6271485,0.3797389,0.31991485,0.33329886,0.3329658,0.4504504,0.32056236,0.5683724
"np.mean(6.008930658421817+np.sin(2*np.pi*array_x), axis=1)+10*(np.sin(2*np.pi*np.mean(8.906077108271841+np.sin(2*np.pi*array_x), axis=1)))",0.16740268,0.027847268,0.0038726786,0.27967793,0.026202513,0.26937273,0.05723654,0.1525152,0.0148851015,0.19330226,0.008923259,0.03281711,0.45363694,0.5555951,0.3048163,0.38192904,0.6271485,0.3797389,0.31991485,0.33329886,0.3329658,0.4504504,0.32056236,0.5683724
"np.mean(6.01909265760969/array_x+9.305549358061663+2.5530642377887807, axis=1)+10*(np.sin(2*np.pi*np.mean(9.451196824571829/array_x+8.2367703140348+9.260730470687749, axis=1)))",1.0,0.99999636,0.0,1.0,0.9999596,1.0,0.9999996,1.0,0.99999994,1.0,0.99999976,0.85844547,0.45363694,0.5555951,0.3048163,0.38192904,0.6271485,0.3797389,0.31991485,0.33329886,0.3329658,0.4504504,0.32056236,0.5683724
"np.mean(6.042178587329572/np.square(array_x/np.log(abs(1.0625516076094836))), axis=1)+np.sin(2*np.pi*np.mean(2.7242748929221587/np.square(array_x/np.log(abs(5.237361868141484))), axis=1))",0.004199287,0.46800196,0.6524764,0.4306359,0.74002427,0.42019868,0.4196512,0.29246968,0.4201323,0.2821975,0.49937987,0.7904046,0.45363694,0.5555951,0.3048163,0.38192904,0.6271485,0.3797389,0.31991485,0.33329886,0.3329658,0.4504504,0.32056236,0.5683724
"np.mean(6.052988128541498*array_x+4.284377768502644-np.cumsum(5.880518347867765*np.round(np.cos(2*np.pi*7.722540969819512/array_x)), axis=1), axis=1)",0.46860647,0.5207942,0.5538582,0.27958447,0.6985457,0.49466816,0.49917483,0.41402507,0.19109643,0.44427162,0.67596734,0.55017316,0.45363694,0.5555951,0.3048163,0.38192904,0.6271485,0.3797389,0.31991485,0.33329886,0.3329658,0.4504504,0.32056236,0.5683724
"np.mean(6.222692767804319-array_x, axis=1)+10*(np.sin(2*np.pi*np.mean(5.087161076395331-array_x, axis=1)))",0.00021142946,0.99997306,0.99997306,0.119060084,0.9999587,0.27659932,0.9999789,0.9999604,0.9999732,0.00022182915,0.7499868,0.9999587,0.45363694,0.5555951,0.3048163,0.38192904,0.6271485,0.3797389,0.31991485,0.33329886,0.3329658,0.4504504,0.32056236,0.5683724
"np.mean(6.289866007929308+abs(1.021631682846418+array_x), axis=1)",0.83093643,0.43740237,0.0,0.26124188,0.8113602,0.2998174,0.043450803,0.1071754,0.112818755,0.7271246,0.021271925,0.413932,0.45363694,0.5555951,0.3048163,0.38192904,0.6271485,0.3797389,0.31991485,0.33329886,0.3329658,0.4504504,0.32056236,0.5683724
"np.mean(6.346501659774641*np.cos(2*np.pi*np.square((np.array(range(1, array_x.shape[1]+1)))*array_x)), axis=1)",0.5967564,0.46990383,0.079797745,0.63534117,0.27650848,0.2798915,0.62919503,0.5725626,0.59343225,0.3433297,0.48551816,0.47949588,0.45363694,0.5555951,0.3048163,0.38192904,0.6271485,0.3797389,0.31991485,0.33329886,0.3329658,0.4504504,0.32056236,0.5683724
"np.mean(6.372288410193335-np.log(abs(array_x)), axis=1)+np.sin(2*np.pi*np.mean(9.260838083681808-np.log(abs(array_x)), axis=1))",0.04246481,7.344553e-06,9.250606e-10,0.14825457,1.1078565e-05,0.07396049,0.14228052,0.0073235086,0.026095463,0.0637954,0.13620108,4.4068756e-06,0.45363694,0.5555951,0.3048163,0.38192904,0.6271485,0.3797389,0.31991485,0.33329886,0.3329658,0.4504504,0.32056236,0.5683724
"np.mean(6.407276078885873+array_x, axis=1)+10*(np.sin(2*np.pi*np.mean(3.9641221577681485+array_x, axis=1)))",0.00015580679,0.49999726,0.99995613,0.75003415,0.9999826,0.5000118,0.5013743,0.99996746,0.9999606,1.1793554e-05,0.7499977,0.49999723,0.45363694,0.5555951,0.3048163,0.38192904,0.6271485,0.3797389,0.31991485,0.33329886,0.3329658,0.4504504,0.32056236,0.5683724
"np.mean(6.489540163906255*np.cos(2*np.pi*7.645045508088206-(np.array(range(1, array_x.shape[1]+1)))*array_x-4.282598672901894), axis=1)",1.0,0.056947984,0.0,0.5934856,0.09286174,0.57508576,0.13830452,0.2492501,0.26150918,0.89301795,0.17106214,0.09086136,0.45363694,0.5555951,0.3048163,0.38192904,0.6271485,0.3797389,0.31991485,0.33329886,0.3329658,0.4504504,0.32056236,0.5683724
"np.mean(6.502655507599855-2.4350872759810547/array_x, axis=1)+10*(np.sin(2*np.pi*np.mean(8.522885711793514-3.708134901449713/array_x, axis=1)))",1.0,0.99827033,0.0,0.99999994,0.99965656,0.99999994,0.99999976,0.9999999,0.99999994,1.0,0.99999857,0.9999838,0.45363694,0.5555951,0.3048163,0.38192904,0.6271485,0.3797389,0.31991485,0.33329886,0.3329658,0.4504504,0.32056236,0.5683724
"np.mean(6.529658021223586/np.sin(2*np.pi*(np.array(range(1, array_x.shape[1]+1)))*array_x), axis=1)",0.99544775,0.99788487,0.0,0.99982,0.9999925,0.99840474,0.9992814,0.99729705,0.99711484,0.99825937,0.9996195,0.99821424,0.45363694,0.5555951,0.3048163,0.38192904,0.6271485,0.3797389,0.31991485,0.33329886,0.3329658,0.4504504,0.32056236,0.5683724
"np.mean(6.544510764216529/array_x*5.225208940030754-9.452138947587684, axis=1)+10*(np.sin(2*np.pi*np.mean(9.718379953199761/array_x*7.734868098406731-9.552437877167794, axis=1)))",1.0,0.9999484,0.0,1.0,0.9991721,1.0,0.9999995,0.9999999,1.0,1.0,0.99999976,0.9977151,0.45363694,0.5555951,0.3048163,0.38192904,0.6271485,0.3797389,0.31991485,0.33329886,0.3329658,0.4504504,0.32056236,0.5683724
"np.mean(6.550763605472774-np.round(array_x)-np.sqrt(abs(6.899239949935603)), axis=1)",0.0,1.0,0.69210523,0.0,0.782197,0.0,0.0,0.0,0.0,0.0,0.0,0.89444447,0.45363694,0.5555951,0.3048163,0.38192904,0.6271485,0.3797389,0.31991485,0.33329886,0.3329658,0.4504504,0.32056236,0.5683724
"np.mean(6.573317734799484+6.425193633890426+array_x*5.428755327695077/np.square(abs(3.1380652365276944/array_x+array_x-array_x)), axis=1)",2.6193365e-15,0.97670823,0.6548674,9.900535e-15,0.9433244,3.601203e-14,0.00061302475,3.5484822e-14,8.062324e-14,0.0,0.0001489076,0.98352444,0.45363694,0.5555951,0.3048163,0.38192904,0.6271485,0.3797389,0.31991485,0.33329886,0.3329658,0.4504504,0.32056236,0.5683724
"np.mean(6.588162764955028/np.cumsum(np.sqrt(abs(array_x))-1.4400096016242905, axis=1), axis=1)",1.0,0.9995437,0.9203797,0.99999994,0.9802499,1.0,0.99999994,1.0,1.0,1.0,0.99999994,0.5657047,0.45363694,0.5555951,0.3048163,0.38192904,0.6271485,0.3797389,0.31991485,0.33329886,0.3329658,0.4504504,0.32056236,0.5683724
"np.mean(6.59641782748299+array_x+4.39497920779157, axis=1)+np.sin(2*np.pi*np.mean(7.150539829337522+array_x+6.9495489913124, axis=1))",3.041492e-06,0.9999997,0.9999997,0.83333176,0.99999976,0.66666675,0.99999803,0.9999997,0.83333176,2.875095e-07,0.833333,0.9999997,0.45363694,0.5555951,0.3048163,0.38192904,0.6271485,0.3797389,0.31991485,0.33329886,0.3329658,0.4504504,0.32056236,0.5683724
"np.mean(6.629459447337046-1/(array_x), axis=1)+10*(np.sin(2*np.pi*np.mean(1.2550483789932714-1/(array_x), axis=1)))",1.0,0.9998077,0.0,1.0,0.9999213,1.0,0.9999987,0.99999994,0.9999999,1.0,0.9999986,0.99937373,0.45363694,0.5555951,0.3048163,0.38192904,0.6271485,0.3797389,0.31991485,0.33329886,0.3329658,0.4504504,0.32056236,0.5683724
"np.mean(6.696819299304814-array_x-(np.array(range(1, array_x.shape[1]+1)))*3.713155643233927, axis=1)+np.sin(2*np.pi*np.mean(4.153947001411984-array_x-(np.array(range(1, array_x.shape[1]+1)))*3.5281462404214574, axis=1))",3.1875587e-07,0.9999997,0.9999997,0.5000003,0.9999997,0.8333333,0.99999774,0.99999505,0.50000024,3.6336255e-06,0.833331,0.9999997,0.45363694,0.5555951,0.3048163,0.38192904,0.6271485,0.3797389,0.31991485,0.33329886,0.3329658,0.4504504,0.32056236,0.5683724
"np.mean(6.759019759588945-array_x-3.9645886911197747*array_x-3.2091246582114143, axis=1)+10*(np.sin(2*np.pi*np.mean(8.42368809782617-array_x-6.0612157111749845*array_x-3.5192843138756063, axis=1)))",4.395507e-06,1.0,0.8561422,0.087282754,0.8931067,0.097324386,0.2450317,0.04382367,0.04274481,2.2293176e-05,0.12243239,0.97998285,0.45363694,0.5555951,0.3048163,0.38192904,0.6271485,0.3797389,0.31991485,0.33329886,0.3329658,0.4504504,0.32056236,0.5683724
"np.mean(6.789031535939048*4.157054201632736-(np.array(range(1, array_x.shape[1]+1)))*array_x-np.sqrt(abs(1.5931825174188565-(np.array(range(1, array_x.shape[1]+1)))*array_x)), axis=1)",1.1964146e-16,1.0,0.28518605,2.1504756e-15,0.9452762,1.6883025e-15,1.0945117e-06,1.2069415e-15,3.2302904e-16,7.426027e-17,4.3107015e-08,0.7509319,0.45363694,0.5555951,0.3048163,0.38192904,0.6271485,0.3797389,0.31991485,0.33329886,0.3329658,0.4504504,0.32056236,0.5683724
"np.mean(6.806036904704618/np.exp(np.square(array_x/7.18125917479201))*array_x, axis=1)",0.0,0.82457376,0.110867426,0.0,1.0,0.0,5.24906e-09,0.0,0.0,0.0,1.9109767e-09,0.82305324,0.45363694,0.5555951,0.3048163,0.38192904,0.6271485,0.3797389,0.31991485,0.33329886,0.3329658,0.4504504,0.32056236,0.5683724
"np.mean(6.820693335877778*abs(np.cos(2*np.pi*np.square((np.array(range(1, array_x.shape[1]+1)))))+7.9120696925980445)-np.round((np.array(range(1, array_x.shape[1]+1)))-8.390405075276156+array_x)-array_x, axis=1)",0.0,0.969871,0.40379593,0.0,0.9101534,0.0,7.514948e-08,0.0,0.0,0.0,5.2855867e-08,0.89887494,0.45363694,0.5555951,0.3048163,0.38192904,0.6271485,0.3797389,0.31991485,0.33329886,0.3329658,0.4504504,0.32056236,0.5683724
"np.mean(6.829482828985563+np.sqrt(abs(6.265538705645145-array_x-8.236182355717766))-np.exp(6.114789219829387), axis=1)+np.sin(2*np.pi*np.mean(1.988510902828523+np.sqrt(abs(2.2649448729722295-array_x-5.002432294981921))-np.exp(5.412535494701115), axis=1))",0.6833918,0.9952474,0.5238031,0.41018534,0.93619835,0.5623459,0.42767665,0.37616473,0.24403052,0.6916997,0.2576181,0.97902,0.45363694,0.5555951,0.3048163,0.38192904,0.6271485,0.3797389,0.31991485,0.33329886,0.3329658,0.4504504,0.32056236,0.5683724
"np.mean(6.838428280379584+array_x, axis=1)+np.sin(2*np.pi*np.mean(5.261103286313436+array_x, axis=1))",1.9356348e-07,0.9999984,0.9999975,0.4999996,0.99999887,0.99999917,0.99999756,0.8333307,0.999997,3.1921315e-06,0.9999993,0.9999984,0.45363694,0.5555951,0.3048163,0.38192904,0.6271485,0.3797389,0.31991485,0.33329886,0.3329658,0.4504504,0.32056236,0.5683724
"np.mean(6.873478511138402/array_x-abs(array_x/6.81701201592937), axis=1)+np.sin(2*np.pi*np.mean(2.0563268008894253/array_x-abs(array_x/4.228411294392782), axis=1))",1.0,0.85717887,0.0,1.0,0.9713423,0.99999994,0.99999624,0.9999998,0.99999946,1.0,0.9999965,0.99876654,0.45363694,0.5555951,0.3048163,0.38192904,0.6271485,0.3797389,0.31991485,0.33329886,0.3329658,0.4504504,0.32056236,0.5683724
"np.mean(6.8790645822863326-array_x-np.cos(2*np.pi*3.9693794139065477)/array_x-np.sqrt(abs(array_x)), axis=1)+np.sin(2*np.pi*np.mean(1.8438718184096017-array_x-np.cos(2*np.pi*2.419845632196837)/array_x-np.sqrt(abs(array_x)), axis=1))",1.0,0.9929596,0.49608463,1.0,0.99809325,1.0,0.99999875,0.99999994,0.99999994,1.0,0.99999934,0.9980039,0.45363694,0.5555951,0.3048163,0.38192904,0.6271485,0.3797389,0.31991485,0.33329886,0.3329658,0.4504504,0.32056236,0.5683724
"np.mean(6.921045642434626-np.cos(2*np.pi*array_x+5.388233283073998-array_x)+3.7080330648381645*array_x, axis=1)",0.010703899,0.8284612,0.37997732,0.0067465818,1.0,0.0016036421,0.0,0.0049987314,0.004820308,0.012894842,0.00088183384,0.859331,0.45363694,0.5555951,0.3048163,0.38192904,0.6271485,0.3797389,0.31991485,0.33329886,0.3329658,0.4504504,0.32056236,0.5683724
"np.mean(6.935462282921473*4.037210403127597-array_x, axis=1)+10*(np.sin(2*np.pi*np.mean(7.446076329447189*5.357900971349367-array_x, axis=1)))",0.09119521,0.99990714,0.9999546,0.99995464,0.7499301,0.31036824,0.99995637,0.9999599,0.9999584,0.0055772993,0.7499479,0.9999599,0.45363694,0.5555951,0.3048163,0.38192904,0.6271485,0.3797389,0.31991485,0.33329886,0.3329658,0.4504504,0.32056236,0.5683724
"np.mean(6.948690385272672/(np.array(range(1, array_x.shape[1]+1)))*array_x/4.244132062684784+abs((np.array(range(1, array_x.shape[1]+1)))*array_x-np.sqrt(abs(10*(6.530524514834558)))), axis=1)",0.9038178,0.8123885,0.21164022,0.34546924,0.5690608,0.3399601,0.00016228302,0.12981118,0.19936976,0.90048707,0.0026819927,0.46433952,0.45363694,0.5555951,0.3048163,0.38192904,0.6271485,0.3797389,0.31991485,0.33329886,0.3329658,0.4504504,0.32056236,0.5683724
"np.mean(6.998869171829311+array_x*8.147242163786142+array_x+array_x, axis=1)+np.sin(2*np.pi*np.mean(3.9535718014631787+array_x*3.613136752184797+array_x+array_x, axis=1))",1.2562233e-16,1.0,0.6985052,5.1816858e-14,0.8833066,1.42059224e-14,0.04257874,5.9570425e-15,0.020586444,0.0,0.045596432,0.9680392,0.45363694,0.5555951,0.3048163,0.38192904,0.6271485,0.3797389,0.31991485,0.33329886,0.3329658,0.4504504,0.32056236,0.5683724
"np.mean(7.057692613427049/np.sin(2*np.pi*9.55946434918774*array_x+np.square(3.4235214936647296)), axis=1)",0.94105387,0.9310716,0.3597109,0.96746725,0.9727731,0.9707944,0.9564519,0.9904938,0.9888519,0.97618204,0.989072,0.89298546,0.45363694,0.5555951,0.3048163,0.38192904,0.6271485,0.3797389,0.31991485,0.33329886,0.3329658,0.4504504,0.32056236,0.5683724
"np.mean(7.074858559250732/array_x, axis=1)+10*(np.sin(2*np.pi*np.mean(5.966229534264376/array_x, axis=1)))",1.0,0.97321045,0.240055,1.0,0.99580294,1.0,0.99999964,0.99999976,0.99999994,1.0,0.9999986,0.99868786,0.45363694,0.5555951,0.3048163,0.38192904,0.6271485,0.3797389,0.31991485,0.33329886,0.3329658,0.4504504,0.32056236,0.5683724
"np.mean(7.151244094764104/array_x*2.257430395598759/3.1599091227599967, axis=1)+10*(np.sin(2*np.pi*np.mean(6.6441308355472275/array_x*6.431894192589494/8.434543343834939, axis=1)))",1.0,0.99926466,0.0,1.0,0.99989516,0.99999994,0.99999964,0.9999999,0.9999998,1.0,0.99999875,0.99936205,0.45363694,0.5555951,0.3048163,0.38192904,0.6271485,0.3797389,0.31991485,0.33329886,0.3329658,0.4504504,0.32056236,0.5683724
"np.mean(7.180020501067352+np.square(np.sqrt(abs(array_x))-array_x-9.290263316782296), axis=1)+np.sin(2*np.pi*np.mean(2.557396926064322+np.square(np.sqrt(abs(array_x))-array_x-7.09097872766508), axis=1))",0.0,1.0,0.6943932,1.1386935e-16,0.8674648,2.646985e-16,5.443954e-06,5.0719465e-16,1.8294726e-16,0.0,8.8716e-06,0.88610667,0.45363694,0.5555951,0.3048163,0.38192904,0.6271485,0.3797389,0.31991485,0.33329886,0.3329658,0.4504504,0.32056236,0.5683724
"np.mean(7.199132813859494/(np.array(range(1, array_x.shape[1]+1)))*array_x+(np.array(range(1, array_x.shape[1]+1)))-1.1199877931087538*7.045064517398647+np.cos(2*np.pi*(np.array(range(1, array_x.shape[1]+1)))*array_x+1.34230512677612), axis=1)",0.07744554,0.90160024,0.5741243,0.0260999,0.95158654,0.021746311,0.11703459,0.021148145,0.019548874,0.06199301,0.08203939,0.9090319,0.45363694,0.5555951,0.3048163,0.38192904,0.6271485,0.3797389,0.31991485,0.33329886,0.3329658,0.4504504,0.32056236,0.5683724
"np.mean(7.203705591128898-array_x-array_x+np.sqrt(abs(5.95472762090633+np.sqrt(abs(array_x*7.49423038274062-np.sqrt(abs(array_x)))))), axis=1)",1.931659e-17,0.9622763,0.27424204,2.8582386e-16,0.8793425,1.01474335e-16,1.0520926e-08,1.5069796e-16,4.87157e-16,9.801664e-17,1.5807237e-09,0.9694114,0.45363694,0.5555951,0.3048163,0.38192904,0.6271485,0.3797389,0.31991485,0.33329886,0.3329658,0.4504504,0.32056236,0.5683724
"np.mean(7.221790541687774/np.sqrt(abs(np.sqrt(abs(np.cumsum(3.2323279225593136+(np.array(range(1, array_x.shape[1]+1)))*array_x+np.sqrt(abs(np.sqrt(abs(1.9090070251399607/np.sin(2*np.pi*np.square(array_x)))))), axis=1))))), axis=1)",0.0042389133,0.33128503,0.5113581,0.060835972,0.75360346,0.26162302,0.7418689,0.26203278,0.042664006,0.010910888,0.723225,0.3084021,0.45363694,0.5555951,0.3048163,0.38192904,0.6271485,0.3797389,0.31991485,0.33329886,0.3329658,0.4504504,0.32056236,0.5683724
"np.mean(7.224120949504492-np.square(abs(2.2037082379962443)-array_x+2.040770842845789), axis=1)",0.06997992,0.8707076,0.47297207,6.463467e-15,1.0,3.6225816e-15,6.953565e-08,0.11998701,0.104926266,0.0,3.8264415e-07,0.9129302,0.45363694,0.5555951,0.3048163,0.38192904,0.6271485,0.3797389,0.31991485,0.33329886,0.3329658,0.4504504,0.32056236,0.5683724
"np.mean(7.2247769839624905*array_x+array_x/3.876667686307487-np.square(np.square(array_x+4.630480008562564-np.log(abs(7.345439562348492))*10*(np.log(abs(array_x))))), axis=1)+10*(np.sin(2*np.pi*np.mean(3.2517759518059006*array_x+array_x/1.6856271558657583-np.square(np.square(array_x+6.481261857787355-np.log(abs(4.376784731083697))*10*(np.log(abs(array_x))))), axis=1)))",0.9988001,0.0,0.61011964,0.9957708,0.8010608,0.9969621,0.95564955,0.9921596,0.9931939,0.99965715,0.98326284,0.365581,0.45363694,0.5555951,0.3048163,0.38192904,0.6271485,0.3797389,0.31991485,0.33329886,0.3329658,0.4504504,0.32056236,0.5683724
"np.mean(7.257640284224173-np.sqrt(abs(array_x)), axis=1)+np.sin(2*np.pi*np.mean(2.6619746811271607-np.sqrt(abs(array_x)), axis=1))",0.5048626,1.2695092e-07,0.0,0.17686126,6.4654597e-07,0.00745817,0.0016293791,0.0115456395,0.03486729,0.5353941,0.09556981,4.8396277e-08,0.45363694,0.5555951,0.3048163,0.38192904,0.6271485,0.3797389,0.31991485,0.33329886,0.3329658,0.4504504,0.32056236,0.5683724
"np.mean(7.2799168151544125*array_x+np.cos(2*np.pi*5.1221774930271735/array_x/7.041831354969947-8.89565774794708), axis=1)+np.sin(2*np.pi*np.mean(9.2642696881512*array_x+np.cos(2*np.pi*3.3313650083473405/array_x/6.983724800707917-6.204271218806177), axis=1))",2.6056302e-06,0.9859756,0.6141895,9.802094e-07,0.95725626,5.1069276e-07,0.040805567,7.342703e-07,5.67385e-07,2.0275877e-06,0.040821858,0.8904459,0.45363694,0.5555951,0.3048163,0.38192904,0.6271485,0.3797389,0.31991485,0.33329886,0.3329658,0.4504504,0.32056236,0.5683724
"np.mean(7.289716873027886-array_x-7.315350229613929, axis=1)+np.sin(2*np.pi*np.mean(3.1079305020874504-array_x-9.796534511739674, axis=1))",3.0765497e-07,0.99999917,0.99999917,0.66666555,0.99999946,0.8333329,0.9999997,0.83333075,0.9999969,3.423038e-06,0.999997,0.99999946,0.45363694,0.5555951,0.3048163,0.38192904,0.6271485,0.3797389,0.31991485,0.33329886,0.3329658,0.4504504,0.32056236,0.5683724
"np.mean(7.299721841843199/(np.array(range(1, array_x.shape[1]+1)))+8.5256508826538+1.0413768857357977+array_x*8.19272967854797+(np.array(range(1, array_x.shape[1]+1)))/7.420108688287538, axis=1)+np.sin(2*np.pi*np.mean(6.738911012927444/(np.array(range(1, array_x.shape[1]+1)))+5.773596110895573+3.2078251664896715+array_x*8.548442447133784+(np.array(range(1, array_x.shape[1]+1)))/6.388465840551948, axis=1))",1.4794718e-07,0.96249056,0.6430491,1.6521577e-08,0.91348314,7.7570474e-09,5.875961e-07,1.4959346e-10,2.4300175e-09,6.2070995e-08,1.2268054e-08,0.9211616,0.45363694,0.5555951,0.3048163,0.38192904,0.6271485,0.3797389,0.31991485,0.33329886,0.3329658,0.4504504,0.32056236,0.5683724
"np.mean(7.330074933682442+7.346800616539104/array_x, axis=1)+np.sin(2*np.pi*np.mean(5.0157057085927175+7.68678992730577/array_x, axis=1))",1.0,0.99997616,0.0,1.0,0.9999078,1.0,0.9999998,1.0,0.99999994,1.0,0.9999997,0.99506843,0.45363694,0.5555951,0.3048163,0.38192904,0.6271485,0.3797389,0.31991485,0.33329886,0.3329658,0.4504504,0.32056236,0.5683724
"np.mean(7.412944502384359+3.397073076854832/(np.array(range(1, array_x.shape[1]+1)))*array_x-np.sqrt(abs(1/(6.591813291255283)))-(np.array(range(1, array_x.shape[1]+1)))*array_x*7.357024918363938, axis=1)",0.0,0.9325913,0.22654314,3.391673e-15,0.90250534,1.5542476e-15,4.1740652e-08,0.0,1.2192321e-15,0.0,8.176551e-08,0.74726516,0.45363694,0.5555951,0.3048163,0.38192904,0.6271485,0.3797389,0.31991485,0.33329886,0.3329658,0.4504504,0.32056236,0.5683724
"np.mean(7.447370674894273-np.cumsum(array_x, axis=1)*10*(2.235117995507104), axis=1)+10*(np.sin(2*np.pi*np.mean(6.091112091949172-np.cumsum(array_x, axis=1)*10*(3.3600341013770683), axis=1)))",6.312398e-08,0.9520338,0.4601915,1.9782628e-07,0.8032323,2.5979766e-08,0.0050310106,2.2822815e-09,5.091102e-08,2.5177692e-07,0.005408181,0.96489894,0.45363694,0.5555951,0.3048163,0.38192904,0.6271485,0.3797389,0.31991485,0.33329886,0.3329658,0.4504504,0.32056236,0.5683724
"np.mean(7.468383709288511*array_x-9.60369087993687+np.cumsum(6.52679642388588/array_x, axis=1), axis=1)",1.0,0.9931799,0.0,1.0,0.9985133,0.99999994,0.999999,0.99999994,0.9999999,1.0,0.9999975,0.9978403,0.45363694,0.5555951,0.3048163,0.38192904,0.6271485,0.3797389,0.31991485,0.33329886,0.3329658,0.4504504,0.32056236,0.5683724
"np.mean(7.484782281329813*array_x/np.log(abs(5.154921098469712/np.log(abs(2.48951982834356/array_x))-np.sqrt(abs(9.156803508114)))), axis=1)",0.9999996,0.99977857,0.0,0.9999999,0.99993664,0.99999994,0.99999565,0.9999996,0.99999976,0.9999999,0.99999064,0.99938303,0.45363694,0.5555951,0.3048163,0.38192904,0.6271485,0.3797389,0.31991485,0.33329886,0.3329658,0.4504504,0.32056236,0.5683724
"np.mean(7.552582960318706/array_x/np.square(8.049100765144768), axis=1)+np.sin(2*np.pi*np.mean(7.793965623433338/array_x/np.square(1.8616683816176125), axis=1))",1.0,0.9971774,0.0,0.99999946,0.9997507,0.9999999,0.99998766,0.99999565,0.99999493,1.0,0.9999601,0.92481405,0.45363694,0.5555951,0.3048163,0.38192904,0.6271485,0.3797389,0.31991485,0.33329886,0.3329658,0.4504504,0.32056236,0.5683724
"np.mean(7.575883124451333/array_x+7.4683249167028745/6.0253395549393165+array_x, axis=1)",1.0,0.99441737,0.0,1.0,0.9671228,1.0,0.99999225,0.9999998,0.99999994,1.0,0.99999315,0.9827132,0.45363694,0.5555951,0.3048163,0.38192904,0.6271485,0.3797389,0.31991485,0.33329886,0.3329658,0.4504504,0.32056236,0.5683724
"np.mean(7.584805031624924+np.square(5.409615668836814-np.square(array_x))-6.880265427435089, axis=1)+np.sin(2*np.pi*np.mean(1.749652394281696+np.square(5.9182663046902615-np.square(array_x))-6.437192315776665, axis=1))",0.6046519,0.8785062,0.2130089,0.18586491,0.45660946,0.13995929,0.07155028,0.05758424,0.0021015122,0.48091468,0.037928227,0.50250226,0.45363694,0.5555951,0.3048163,0.38192904,0.6271485,0.3797389,0.31991485,0.33329886,0.3329658,0.4504504,0.32056236,0.5683724
"np.mean(7.592455341389659/abs(array_x)-abs(8.060219409221737)*array_x-3.066524530412715, axis=1)+10*(np.sin(2*np.pi*np.mean(7.826485287555816/abs(array_x)-abs(3.105761804394392)*array_x-1.1066654658473212, axis=1)))",0.00035978682,0.89091337,0.8602097,0.12399009,0.94330436,0.08290057,0.2395951,0.22011045,0.113585204,1.5803893e-05,0.29310328,0.99446774,0.45363694,0.5555951,0.3048163,0.38192904,0.6271485,0.3797389,0.31991485,0.33329886,0.3329658,0.4504504,0.32056236,0.5683724
"np.mean(7.602062037330915+np.square(array_x)/np.sin(2*np.pi*6.1564941013949905), axis=1)+np.sin(2*np.pi*np.mean(2.7864025766936997+np.square(array_x)/np.sin(2*np.pi*4.35449293011094), axis=1))",0.19647032,1.9744523e-07,5.8601074e-08,0.6713585,1.2070932e-06,0.11212641,0.045949873,0.41681156,0.04912023,0.9999996,0.16555087,0.006530676,0.45363694,0.5555951,0.3048163,0.38192904,0.6271485,0.3797389,0.31991485,0.33329886,0.3329658,0.4504504,0.32056236,0.5683724
"np.mean(7.652764597573403/array_x+(np.array(range(1, array_x.shape[1]+1)))*7.561711725477993+array_x, axis=1)+np.sin(2*np.pi*np.mean(9.392231229774245/array_x+(np.array(range(1, array_x.shape[1]+1)))*4.7635891733497475+array_x, axis=1))",1.0,0.9962441,0.0,1.0,0.9988659,0.99999994,0.9999996,0.99999994,0.9999998,1.0,0.99999917,0.99974144,0.45363694,0.5555951,0.3048163,0.38192904,0.6271485,0.3797389,0.31991485,0.33329886,0.3329658,0.4504504,0.32056236,0.5683724
"np.mean(7.746569893580755*3.200377089741239+array_x-np.sqrt(abs(array_x)), axis=1)",0.0,0.92580616,0.36196992,0.0,0.9920853,1.4116069e-15,3.012271e-07,0.0,0.0,0.0,2.10834e-08,0.88490665,0.45363694,0.5555951,0.3048163,0.38192904,0.6271485,0.3797389,0.31991485,0.33329886,0.3329658,0.4504504,0.32056236,0.5683724
"np.mean(7.762838110422759*np.exp(np.exp(np.round(array_x)-2.6888453929224037)), axis=1)",0.0,0.6868281,0.4090509,0.0,1.0,0.0,0.0,0.0,0.0,0.0,0.0,0.757597,0.45363694,0.5555951,0.3048163,0.38192904,0.6271485,0.3797389,0.31991485,0.33329886,0.3329658,0.4504504,0.32056236,0.5683724
"np.mean(7.765537534375708+np.round(np.log(abs(array_x))), axis=1)",1.0,0.10521739,0.2891813,0.8426923,0.52,0.8729867,0.6099906,0.7021053,0.7083333,0.9848485,0.5783626,0.13091788,0.45363694,0.5555951,0.3048163,0.38192904,0.6271485,0.3797389,0.31991485,0.33329886,0.3329658,0.4504504,0.32056236,0.5683724
"np.mean(7.772283589213811-np.sqrt(abs((np.array(range(1, array_x.shape[1]+1)))*array_x))-9.990970823602952/(np.array(range(1, array_x.shape[1]+1)))*array_x-8.370318054835879, axis=1)",8.3027424e-16,0.9737719,0.49990553,0.08090907,0.88610667,8.890264e-16,0.20579156,6.55057e-15,4.175306e-11,1.1978509e-14,0.21918796,0.9268269,0.45363694,0.5555951,0.3048163,0.38192904,0.6271485,0.3797389,0.31991485,0.33329886,0.3329658,0.4504504,0.32056236,0.5683724
"np.mean(7.790275704642789+array_x*2.5635094976750064-2.684388749741408, axis=1)+np.sin(2*np.pi*np.mean(4.7754626953133865+array_x*8.034814166021317-7.625849313908985, axis=1))",8.2888725e-08,0.9820802,0.78461546,2.7178814e-07,0.91806066,1.0196685e-07,0.027714994,3.1224627e-09,1.0298676e-07,4.5353755e-07,0.00040356515,1.0,0.45363694,0.5555951,0.3048163,0.38192904,0.6271485,0.3797389,0.31991485,0.33329886,0.3329658,0.4504504,0.32056236,0.5683724
"np.mean(7.803550956133774-(np.array(range(1, array_x.shape[1]+1)))-4.145104461035057/array_x-3.3830281828067914+array_x-array_x*np.sqrt(abs(3.694025989227425)), axis=1)+10*(np.sin(2*np.pi*np.mean(5.930148304331553-(np.array(range(1, array_x.shape[1]+1)))-7.419913004159451/array_x-6.683643874396724+array_x-array_x*np.sqrt(abs(6.670327149753659)), axis=1)))",1.0,0.9799258,0.0022443878,0.99999994,0.99998623,0.99999994,0.9999964,0.9999998,0.9999999,1.0,0.9999998,0.9943048,0.45363694,0.5555951,0.3048163,0.38192904,0.6271485,0.3797389,0.31991485,0.33329886,0.3329658,0.4504504,0.32056236,0.5683724
"np.mean(7.805713821218488-np.cos(2*np.pi*np.cos(2*np.pi*8.323125519104927*np.cos(2*np.pi*array_x))), axis=1)",0.40706894,0.4236598,0.111971736,0.4704673,0.5322013,0.39552137,0.3251751,0.4390253,0.30784434,0.3733961,0.7005547,0.15749705,0.45363694,0.5555951,0.3048163,0.38192904,0.6271485,0.3797389,0.31991485,0.33329886,0.3329658,0.4504504,0.32056236,0.5683724
"np.mean(7.830536546658682-np.cos(2*np.pi*array_x-1.2159330136548445), axis=1)",0.963008,0.020479904,0.0,0.5955303,0.14642619,0.6474164,0.09272016,0.18525518,0.21050315,0.9077439,0.14952889,0.019765968,0.45363694,0.5555951,0.3048163,0.38192904,0.6271485,0.3797389,0.31991485,0.33329886,0.3329658,0.4504504,0.32056236,0.5683724
"np.mean(7.8476672809058385*np.sqrt(abs(np.round(array_x)))-3.3816146059271417, axis=1)",0.54289323,0.54289323,0.45710677,0.0,1.0,0.0,0.0,0.0,0.0,0.70710677,0.0,0.6464466,0.45363694,0.5555951,0.3048163,0.38192904,0.6271485,0.3797389,0.31991485,0.33329886,0.3329658,0.4504504,0.32056236,0.5683724
"np.mean(7.850519638108408/array_x+1/(np.cos(2*np.pi*2.033085617259323))-10*(array_x), axis=1)",1.0,0.9839677,0.7931448,1.0,0.99921304,1.0,0.9999991,1.0,1.0,1.0,0.99999803,0.9916123,0.45363694,0.5555951,0.3048163,0.38192904,0.6271485,0.3797389,0.31991485,0.33329886,0.3329658,0.4504504,0.32056236,0.5683724
"np.mean(7.980744508545384+np.sqrt(abs(array_x*array_x*8.50976092086141)), axis=1)",0.9085025,0.41942775,0.043338556,0.33355245,0.2959795,0.3902714,0.031097118,0.12428169,0.11432436,0.933188,0.020672306,0.4327933,0.45363694,0.5555951,0.3048163,0.38192904,0.6271485,0.3797389,0.31991485,0.33329886,0.3329658,0.4504504,0.32056236,0.5683724
"np.mean(8.067086068049004+array_x*3.797307020458472+np.round(1/(2.385600913727882))-8.649979033562454/np.sqrt(abs(array_x*5.64047593010379)), axis=1)",0.99999994,0.0,0.98988074,0.9999995,0.9977788,0.9999996,0.9999915,0.99999917,0.9999973,0.99999976,0.9999824,0.13611756,0.45363694,0.5555951,0.3048163,0.38192904,0.6271485,0.3797389,0.31991485,0.33329886,0.3329658,0.4504504,0.32056236,0.5683724
"np.mean(8.082465228896675*np.sin(2*np.pi*2.357950375115422+(np.array(range(1, array_x.shape[1]+1)))*array_x+(np.array(range(1, array_x.shape[1]+1)))*array_x), axis=1)",0.7588766,0.04671737,0.0,0.60288894,0.2373366,0.58031106,0.3702393,0.4096646,0.43977055,0.6322856,0.2747634,0.041127674,0.45363694,0.5555951,0.3048163,0.38192904,0.6271485,0.3797389,0.31991485,0.33329886,0.3329658,0.4504504,0.32056236,0.5683724
"np.mean(8.08272395138452/5.649339839706278+array_x, axis=1)+np.sin(2*np.pi*np.mean(1.29831978629782/4.052169894833754+array_x, axis=1))",7.315268e-08,0.9999993,0.9999993,0.5,0.9999993,0.4166668,0.9999993,0.666664,0.8333334,0.49999726,0.9999974,0.9999993,0.45363694,0.5555951,0.3048163,0.38192904,0.6271485,0.3797389,0.31991485,0.33329886,0.3329658,0.4504504,0.32056236,0.5683724
"np.mean(8.08771693061854/np.sin(2*np.pi*array_x/7.836194594601354)+9.322763903558226, axis=1)",1.0,0.9994931,0.0,1.0,0.99995637,0.99999994,0.99999964,0.9999999,0.99999964,1.0,0.9999971,0.99987066,0.45363694,0.5555951,0.3048163,0.38192904,0.6271485,0.3797389,0.31991485,0.33329886,0.3329658,0.4504504,0.32056236,0.5683724
"np.mean(8.095259514433025+array_x+7.68958384454675-9.714562503181876/array_x, axis=1)",1.0,0.98436403,0.42689118,1.0,0.9996104,1.0,0.99999774,0.99999994,1.0,1.0,0.9999981,0.9957785,0.45363694,0.5555951,0.3048163,0.38192904,0.6271485,0.3797389,0.31991485,0.33329886,0.3329658,0.4504504,0.32056236,0.5683724
"np.mean(8.153681645054636+array_x-array_x*np.cos(2*np.pi*10*(np.cos(2*np.pi*array_x))), axis=1)",0.14316109,0.8621664,0.7999803,0.47365317,0.8598033,0.4704637,0.7976646,0.3259758,0.5023173,0.15387906,0.56543905,0.93690693,0.45363694,0.5555951,0.3048163,0.38192904,0.6271485,0.3797389,0.31991485,0.33329886,0.3329658,0.4504504,0.32056236,0.5683724
"np.mean(8.159258562482261+np.sin(2*np.pi*np.exp(np.sqrt(abs(np.sqrt(abs(array_x))))+np.round(4.758161139444207))), axis=1)+np.sin(2*np.pi*np.mean(2.9125972195699497+np.sin(2*np.pi*np.exp(np.sqrt(abs(np.sqrt(abs(array_x))))+np.round(5.549962981776783))), axis=1))",0.47102728,0.57686317,0.040079392,0.29525086,0.38653746,0.6546777,0.82663614,0.57679206,0.6306352,0.5227633,0.62153965,0.32913387,0.45363694,0.5555951,0.3048163,0.38192904,0.6271485,0.3797389,0.31991485,0.33329886,0.3329658,0.4504504,0.32056236,0.5683724
"np.mean(8.251777786806343/6.644617065184267-6.212551765690688/array_x, axis=1)+np.sin(2*np.pi*np.mean(8.038879155574335/3.3592118814878966-5.551372321868609/array_x, axis=1))",1.0,0.9918639,0.0,1.0,0.99879897,1.0,0.9999975,0.9999999,0.9999998,1.0,0.9999864,0.9966766,0.45363694,0.5555951,0.3048163,0.38192904,0.6271485,0.3797389,0.31991485,0.33329886,0.3329658,0.4504504,0.32056236,0.5683724
"np.mean(8.375126297343222+10*(array_x), axis=1)+np.sin(2*np.pi*np.mean(4.9450587470838805+10*(array_x), axis=1))",4.19096e-14,0.9999997,0.6643496,0.004914361,0.9211773,0.004914154,0.0050989734,0.0047381,0.0049141636,0.0,0.0050973217,0.9292928,0.45363694,0.5555951,0.3048163,0.38192904,0.6271485,0.3797389,0.31991485,0.33329886,0.3329658,0.4504504,0.32056236,0.5683724
"np.mean(8.3874457694835/np.square(array_x+2.1798404320823894*np.sin(2*np.pi*2.54199831799103)+np.sqrt(abs(array_x+1.8860877864922545))), axis=1)",3.0964333e-15,0.9540693,0.25650516,0.060175233,0.7797984,2.0305819e-12,5.7828826e-09,0.080712505,0.060175233,0.080712505,0.08071251,0.8044881,0.45363694,0.5555951,0.3048163,0.38192904,0.6271485,0.3797389,0.31991485,0.33329886,0.3329658,0.4504504,0.32056236,0.5683724
"np.mean(8.41661367831539-array_x-1/(array_x), axis=1)",1.0,0.98240757,0.12534194,1.0,0.9997176,1.0,0.9999993,1.0,1.0,1.0,0.9999993,0.84245443,0.45363694,0.5555951,0.3048163,0.38192904,0.6271485,0.3797389,0.31991485,0.33329886,0.3329658,0.4504504,0.32056236,0.5683724
"np.mean(8.438643831383862/np.log(abs(np.sin(2*np.pi*9.461755622972355-np.sin(2*np.pi*array_x)-2.98741286464813)-np.cos(2*np.pi*np.log(abs(array_x))-5.1609548258058595))), axis=1)+10*(np.sin(2*np.pi*np.mean(8.753570209799495/np.log(abs(np.sin(2*np.pi*2.8681438859021906-np.sin(2*np.pi*array_x)-8.053068507482957)-np.cos(2*np.pi*np.log(abs(array_x))-3.5291409949372436))), axis=1)))",0.99999315,0.99988085,0.0,0.9999833,0.9998395,0.99995273,0.9999973,0.99997616,0.9999985,0.99999905,0.9999841,0.9981532,0.45363694,0.5555951,0.3048163,0.38192904,0.6271485,0.3797389,0.31991485,0.33329886,0.3329658,0.4504504,0.32056236,0.5683724
"np.mean(8.440288282708336*np.exp(array_x*2.7460974038571835), axis=1)",3.1801134e-19,0.39127338,0.0145187415,5.727338e-19,0.8818063,9.087629e-19,6.246913e-11,1.9901958e-19,2.8748057e-19,0.0,1.237681e-10,0.8647941,0.45363694,0.5555951,0.3048163,0.38192904,0.6271485,0.3797389,0.31991485,0.33329886,0.3329658,0.4504504,0.32056236,0.5683724
"np.mean(8.560909648784467+np.sqrt(abs(array_x))-1/(np.cos(2*np.pi*array_x+2.827352024545904)), axis=1)+np.sin(2*np.pi*np.mean(9.09237372584247+np.sqrt(abs(array_x))-1/(np.cos(2*np.pi*array_x+2.3845533752537103)), axis=1))",0.999941,0.9998548,0.0,0.9998874,0.9981562,0.99999535,0.9999944,0.99974453,0.9999095,0.999958,0.99993926,0.99962795,0.45363694,0.5555951,0.3048163,0.38192904,0.6271485,0.3797389,0.31991485,0.33329886,0.3329658,0.4504504,0.32056236,0.5683724
"np.mean(8.594011109561723+array_x-abs(-(2.0124822291701308)*array_x), axis=1)",0.18503436,0.87221134,0.50043935,0.33300725,0.904401,0.2474065,0.5088287,0.28932992,0.33300725,0.28622788,0.18771724,0.9767189,0.45363694,0.5555951,0.3048163,0.38192904,0.6271485,0.3797389,0.31991485,0.33329886,0.3329658,0.4504504,0.32056236,0.5683724
"np.mean(8.602590092770939/array_x+9.746439821256612-np.sqrt(abs(np.exp(array_x))), axis=1)",1.0,0.9991578,0.0,1.0,0.99995834,0.99999994,0.9999998,1.0,0.9999999,1.0,0.9999997,0.9983645,0.45363694,0.5555951,0.3048163,0.38192904,0.6271485,0.3797389,0.31991485,0.33329886,0.3329658,0.4504504,0.32056236,0.5683724
"np.mean(8.688530288343221-(np.array(range(1, array_x.shape[1]+1)))*array_x-9.301906032679502/8.510656615213254+(np.array(range(1, array_x.shape[1]+1)))*array_x+8.01742670242155-np.square(np.exp(5.811168757463896))/-((np.array(range(1, array_x.shape[1]+1)))*array_x), axis=1)",1.0,0.7397961,0.5980692,1.0,0.9995748,1.0,0.9999987,0.99999994,1.0,1.0,0.99999976,0.95109206,0.45363694,0.5555951,0.3048163,0.38192904,0.6271485,0.3797389,0.31991485,0.33329886,0.3329658,0.4504504,0.32056236,0.5683724
"np.mean(8.727129896295017/(np.array(range(1, array_x.shape[1]+1)))-np.cos(2*np.pi*array_x/9.646484292711882), axis=1)",0.9954284,0.13651423,0.0065044463,0.14814998,0.20029446,0.12393946,0.0,0.022052422,0.01246773,0.9098057,0.00022750214,0.16926429,0.45363694,0.5555951,0.3048163,0.38192904,0.6271485,0.3797389,0.31991485,0.33329886,0.3329658,0.4504504,0.32056236,0.5683724
"np.mean(8.817699791415382/np.log(abs(array_x-8.3918128766074/array_x+array_x)), axis=1)",1.0,0.99967086,0.0,1.0,0.99990475,0.9999998,0.9999963,0.99999976,0.9999998,1.0,0.999995,0.99804085,0.45363694,0.5555951,0.3048163,0.38192904,0.6271485,0.3797389,0.31991485,0.33329886,0.3329658,0.4504504,0.32056236,0.5683724
"np.mean(8.83100768250318*array_x*np.sin(2*np.pi*array_x)+np.log(abs(9.523882707111138))/(np.array(range(1, array_x.shape[1]+1))), axis=1)",0.7473696,0.6550644,0.582027,0.54290634,0.8456136,0.56144106,0.32842058,0.33940282,0.1455819,0.5646397,0.4665689,0.88757,0.45363694,0.5555951,0.3048163,0.38192904,0.6271485,0.3797389,0.31991485,0.33329886,0.3329658,0.4504504,0.32056236,0.5683724
"np.mean(8.846284130461537+np.square(2.5371157004156712+array_x)-1/(np.sin(2*np.pi*np.exp(9.3470294785319)/array_x-8.476313174993379)), axis=1)+10*(np.sin(2*np.pi*np.mean(8.949785588251146+np.square(4.965539844783672+array_x)-1/(np.sin(2*np.pi*np.exp(8.758533628163503)/array_x-1.330475203665928)), axis=1)))",0.86335665,0.9735523,0.8894917,0.9488415,0.85216963,0.79311824,0.9458331,0.9352841,0.94844645,0.9179724,0.8596903,0.87609947,0.45363694,0.5555951,0.3048163,0.38192904,0.6271485,0.3797389,0.31991485,0.33329886,0.3329658,0.4504504,0.32056236,0.5683724
"np.mean(8.911195980272364-np.sin(2*np.pi*np.log(abs(3.3320242959199864))+array_x-np.sin(2*np.pi*np.sin(2*np.pi*array_x-1.586298747093))), axis=1)",0.75895727,0.015561443,0.10820308,0.34550482,0.19257441,0.5366385,0.31324565,0.3343329,0.24928948,0.7353989,0.23452844,0.10144818,0.45363694,0.5555951,0.3048163,0.38192904,0.6271485,0.3797389,0.31991485,0.33329886,0.3329658,0.4504504,0.32056236,0.5683724
"np.mean(8.990300564815431-np.sqrt(abs(4.713632903150822))+np.round(3.468436201816052-np.square(7.284689470193233-array_x)), axis=1)",0.0,0.95740587,0.3406258,0.0,0.9150887,0.0,0.0,0.0,0.0,0.0,0.0,0.9530166,0.45363694,0.5555951,0.3048163,0.38192904,0.6271485,0.3797389,0.31991485,0.33329886,0.3329658,0.4504504,0.32056236,0.5683724
"np.mean(8.994731421087234/array_x-array_x+np.square(np.round(np.square(array_x/array_x))), axis=1)+10*(np.sin(2*np.pi*np.mean(3.717871341142861/array_x-array_x+np.square(np.round(np.square(array_x/array_x))), axis=1)))",1.0,0.9972862,0.0,0.99999994,0.99970657,1.0,0.9999997,0.9999999,0.99999994,1.0,0.99999976,0.9703527,0.45363694,0.5555951,0.3048163,0.38192904,0.6271485,0.3797389,0.31991485,0.33329886,0.3329658,0.4504504,0.32056236,0.5683724
"np.mean(9.073614487605127*np.cumsum(7.761496529893088+abs((np.array(range(1, array_x.shape[1]+1)))*array_x), axis=1), axis=1)",0.94323736,0.36039722,0.02289144,0.32338023,0.357824,0.23582885,0.00979602,0.15448828,0.10299794,0.80666363,0.0082276305,0.38943446,0.45363694,0.5555951,0.3048163,0.38192904,0.6271485,0.3797389,0.31991485,0.33329886,0.3329658,0.4504504,0.32056236,0.5683724
"np.mean(9.079068653802912/9.20366743497073-np.log(abs(array_x)), axis=1)+10*(np.sin(2*np.pi*np.mean(2.133599969586287/8.529534794103412-np.log(abs(array_x)), axis=1)))",0.14975233,8.149111e-07,0.0,0.09689865,6.727747e-05,0.018599939,0.0044270568,0.18954489,0.012863918,0.087440506,0.043938942,5.025256e-07,0.45363694,0.5555951,0.3048163,0.38192904,0.6271485,0.3797389,0.31991485,0.33329886,0.3329658,0.4504504,0.32056236,0.5683724
"np.mean(9.098807138479394+np.square(1/(array_x-9.577806372439648)), axis=1)+10*(np.sin(2*np.pi*np.mean(9.12174644537981+np.square(1/(array_x-1.5726430193523395)), axis=1)))",0.71182096,0.39276162,0.50051075,0.1309223,0.5541141,0.31426567,0.41535878,0.841187,0.50034666,0.25466225,0.5722199,0.2979461,0.45363694,0.5555951,0.3048163,0.38192904,0.6271485,0.3797389,0.31991485,0.33329886,0.3329658,0.4504504,0.32056236,0.5683724
"np.mean(9.11677919603845/8.31919607201074+(np.array(range(1, array_x.shape[1]+1)))+4.714109210417256-np.sqrt(abs(np.sin(2*np.pi*array_x+3.7702579694170173/5.8774228831884745))), axis=1)",0.6868295,0.07230343,0.0,0.6089802,0.22537461,0.8028024,0.4103797,0.52308476,0.42591122,0.70057875,0.3371428,0.035306383,0.45363694,0.5555951,0.3048163,0.38192904,0.6271485,0.3797389,0.31991485,0.33329886,0.3329658,0.4504504,0.32056236,0.5683724
"np.mean(9.128934793015034+np.log(abs(4.603258723867556-np.exp(np.sqrt(abs(array_x))))), axis=1)",1.0,0.067304194,0.23500574,0.84403354,0.61042905,0.85289073,0.6417218,0.72608924,0.65197146,0.9562575,0.5669885,0.026129797,0.45363694,0.5555951,0.3048163,0.38192904,0.6271485,0.3797389,0.31991485,0.33329886,0.3329658,0.4504504,0.32056236,0.5683724
"np.mean(9.159865011488039+array_x+np.log(abs(array_x)), axis=1)",1.0,0.00567497,0.22109537,0.8968645,0.532516,0.8261215,0.72777414,0.8197804,0.7875736,0.97216076,0.6874596,0.2868788,0.45363694,0.5555951,0.3048163,0.38192904,0.6271485,0.3797389,0.31991485,0.33329886,0.3329658,0.4504504,0.32056236,0.5683724
"np.mean(9.171265801341615+np.square(8.537946316231867+(np.array(range(1, array_x.shape[1]+1)))*array_x), axis=1)",0.226305,0.63941914,0.09738277,0.027398627,0.96286607,0.030956835,8.831775e-06,0.006096767,0.003823228,0.24936786,2.2800794e-05,0.5932328,0.45363694,0.5555951,0.3048163,0.38192904,0.6271485,0.3797389,0.31991485,0.33329886,0.3329658,0.4504504,0.32056236,0.5683724
"np.mean(9.201889545762802-np.cos(2*np.pi*array_x*array_x-3.1030282081203886*2.9492388822677382), axis=1)",0.76712555,0.04712512,0.0,0.54430693,0.20189922,0.8240745,0.44496208,0.549918,0.50515056,0.6971346,0.4993821,0.0742367,0.45363694,0.5555951,0.3048163,0.38192904,0.6271485,0.3797389,0.31991485,0.33329886,0.3329658,0.4504504,0.32056236,0.5683724
"np.mean(9.299882092346026*array_x-9.17330575311431-6.5280355090160125, axis=1)+10*(np.sin(2*np.pi*np.mean(2.192768864003724*array_x-7.004774185310026-4.1922687307203805, axis=1)))",8.478023e-07,1.0,1.0,0.16666742,1.0,0.14285707,0.46429703,0.28684923,0.2083335,1.6905108e-08,0.57142866,1.0,0.45363694,0.5555951,0.3048163,0.38192904,0.6271485,0.3797389,0.31991485,0.33329886,0.3329658,0.4504504,0.32056236,0.5683724
"np.mean(9.315963912812746*array_x-2.4114168629063313-array_x, axis=1)+np.sin(2*np.pi*np.mean(3.9020084896139466*array_x-9.165361207157376-array_x, axis=1))",3.7174552e-09,1.0,0.7638889,1.1874198e-09,0.89444447,1.7954193e-09,0.05000001,2.9185019e-09,3.688964e-10,2.0892866e-08,0.11111112,0.9444444,0.45363694,0.5555951,0.3048163,0.38192904,0.6271485,0.3797389,0.31991485,0.33329886,0.3329658,0.4504504,0.32056236,0.5683724
"np.mean(9.410186060261646-(np.array(range(1, array_x.shape[1]+1)))/array_x, axis=1)",1.0,0.9988974,0.0,1.0,0.9996191,0.99999994,0.9999997,0.99999994,0.99999994,1.0,0.9999983,0.9851107,0.45363694,0.5555951,0.3048163,0.38192904,0.6271485,0.3797389,0.31991485,0.33329886,0.3329658,0.4504504,0.32056236,0.5683724
"np.mean(9.421504407008792-np.sqrt(abs(10*(array_x)))+np.round(1.0278389455883317), axis=1)+10*(np.sin(2*np.pi*np.mean(1.0024173295355903-np.sqrt(abs(10*(array_x)))+np.round(8.099429653382085), axis=1)))",0.37000275,0.49993742,0.49818942,0.19106688,0.0020076137,0.06899846,0.13235886,0.7893793,0.6168559,0.58339053,0.11964328,0.49838114,0.45363694,0.5555951,0.3048163,0.38192904,0.6271485,0.3797389,0.31991485,0.33329886,0.3329658,0.4504504,0.32056236,0.5683724
"np.mean(9.466431581527011*(np.array(range(1, array_x.shape[1]+1)))*array_x*(np.array(range(1, array_x.shape[1]+1)))*array_x-(np.array(range(1, array_x.shape[1]+1)))*array_x-4.955020955347885/(np.array(range(1, array_x.shape[1]+1)))*array_x/np.square(np.sin(2*np.pi*np.cos(2*np.pi*8.229505655361354+(np.array(range(1, array_x.shape[1]+1)))*array_x)/np.cos(2*np.pi*1.5956305392713588))), axis=1)",1.0,0.9999999,0.93104696,1.0,1.0,1.0,1.0,1.0,1.0,1.0,1.0,0.49979657,0.45363694,0.5555951,0.3048163,0.38192904,0.6271485,0.3797389,0.31991485,0.33329886,0.3329658,0.4504504,0.32056236,0.5683724
"np.mean(9.486463714919978-1.5434227020823228/array_x, axis=1)+np.sin(2*np.pi*np.mean(3.0919902785443187-6.961891517888889/array_x, axis=1))",1.0,0.99998844,0.38191965,1.0,0.9952915,1.0,0.9999998,0.99999994,0.99999994,1.0,0.9999997,0.28501832,0.45363694,0.5555951,0.3048163,0.38192904,0.6271485,0.3797389,0.31991485,0.33329886,0.3329658,0.4504504,0.32056236,0.5683724
"np.mean(9.496182668831363+np.sqrt(abs(np.sqrt(abs(2.8508853554157563/array_x)))), axis=1)",0.0,0.81078917,0.051691294,0.0,0.5157524,0.0,1.8604103e-09,0.0,0.0,0.0,4.388645e-09,0.86687744,0.45363694,0.5555951,0.3048163,0.38192904,0.6271485,0.3797389,0.31991485,0.33329886,0.3329658,0.4504504,0.32056236,0.5683724
"np.mean(9.499377159805725+np.sqrt(abs(np.sin(2*np.pi*array_x))), axis=1)",0.8151593,0.23634492,0.0,0.8761775,0.5277202,0.851181,0.54698575,0.6727713,0.78655034,0.82530826,0.70581484,0.1429268,0.45363694,0.5555951,0.3048163,0.38192904,0.6271485,0.3797389,0.31991485,0.33329886,0.3329658,0.4504504,0.32056236,0.5683724
"np.mean(9.617106307118574*array_x, axis=1)+10*(np.sin(2*np.pi*np.mean(4.578909011317589*array_x, axis=1)))",1.3992019e-07,0.92820513,0.9059818,0.0015373587,1.0,3.957617e-06,0.19122003,0.06292481,0.118056536,5.1437787e-08,0.13075763,0.9393382,0.45363694,0.5555951,0.3048163,0.38192904,0.6271485,0.3797389,0.31991485,0.33329886,0.3329658,0.4504504,0.32056236,0.5683724
"np.mean(9.660700177680955*array_x-9.329630487964414*abs(9.627909315195298*array_x-9.115442538433495)*np.cumsum(np.sqrt(abs(array_x*array_x)), axis=1), axis=1)+10*(np.sin(2*np.pi*np.mean(4.642723002511017*array_x-2.823425254652742*abs(9.70931117814645*array_x-8.98709660400027)*np.cumsum(np.sqrt(abs(array_x*array_x)), axis=1), axis=1)))",0.028057154,0.9239025,0.27884603,0.09374674,0.7111465,0.098256126,0.115155056,0.09825624,0.11448001,0.06253997,2.0738123e-07,1.0,0.45363694,0.5555951,0.3048163,0.38192904,0.6271485,0.3797389,0.31991485,0.33329886,0.3329658,0.4504504,0.32056236,0.5683724
"np.mean(9.662059893340802/array_x-np.square(4.424159847600731+array_x)+10*(8.265057069038544), axis=1)+np.sin(2*np.pi*np.mean(8.958316827313137/array_x-np.square(2.8293554721511374+array_x)+10*(5.285665737587329), axis=1))",1.0,0.9025326,0.0,1.0,0.99996406,1.0,0.999999,0.99999976,0.99999994,1.0,0.99999934,0.99891156,0.45363694,0.5555951,0.3048163,0.38192904,0.6271485,0.3797389,0.31991485,0.33329886,0.3329658,0.4504504,0.32056236,0.5683724
"np.mean(9.667346675980681*array_x/array_x/np.sin(2*np.pi*np.log(abs(np.square(7.0065166650208255*array_x)))), axis=1)",0.99958116,0.96382445,0.11910618,0.99993247,0.99983996,0.99921566,0.999174,0.9999764,0.9998402,0.99959296,0.9999679,0.98374885,0.45363694,0.5555951,0.3048163,0.38192904,0.6271485,0.3797389,0.31991485,0.33329886,0.3329658,0.4504504,0.32056236,0.5683724
"np.mean(9.870726556525597-np.cos(2*np.pi*array_x)*(np.array(range(1, array_x.shape[1]+1)))*array_x/array_x+5.549161569049778, axis=1)+10*(np.sin(2*np.pi*np.mean(6.9820258351852305-np.cos(2*np.pi*array_x)*(np.array(range(1, array_x.shape[1]+1)))*array_x/array_x+8.66029065958246, axis=1)))",0.55712533,0.49635413,0.49488917,0.54372144,0.85096705,0.5704099,0.27859193,0.32948515,0.25113365,0.5402044,0.50066006,0.5367722,0.45363694,0.5555951,0.3048163,0.38192904,0.6271485,0.3797389,0.31991485,0.33329886,0.3329658,0.4504504,0.32056236,0.5683724
"np.mean(9.879790875810194+np.cos(2*np.pi*1/(array_x))+5.334259627440994, axis=1)+np.sin(2*np.pi*np.mean(4.096950617547803+np.cos(2*np.pi*1/(array_x))+8.842899004182971, axis=1))",0.1154999,0.02046586,0.017160304,0.06986797,0.09448107,0.19683217,0.21995482,0.056771886,0.110496365,0.06208413,0.041288625,0.0396586,0.45363694,0.5555951,0.3048163,0.38192904,0.6271485,0.3797389,0.31991485,0.33329886,0.3329658,0.4504504,0.32056236,0.5683724
"np.mean(9.985426013913054-np.cos(2*np.pi*np.sqrt(abs((np.array(range(1, array_x.shape[1]+1)))*array_x))+4.593605609939271), axis=1)",0.9449061,0.049698785,0.0,0.72180575,0.08249636,0.63504696,0.1294729,0.27203092,0.16959025,0.7982728,0.18611835,0.04503316,0.45363694,0.5555951,0.3048163,0.38192904,0.6271485,0.3797389,0.31991485,0.33329886,0.3329658,0.4504504,0.32056236,0.5683724
"np.mean(abs(-(np.square(9.700774514470371+array_x+7.931649057131966*9.57018755806534+array_x))), axis=1)",0.0,0.89413923,0.2956487,0.0,0.9216463,0.0,9.247846e-09,0.0,0.0,0.0,2.7897435e-08,0.93825567,0.45363694,0.5555951,0.3048163,0.38192904,0.6271485,0.3797389,0.31991485,0.33329886,0.3329658,0.4504504,0.32056236,0.5683724
"np.mean(abs(1.8501729753936966/array_x), axis=1)+np.sin(2*np.pi*np.mean(abs(9.195233508077793/array_x), axis=1))",5.1022303e-06,0.9999569,0.9999569,3.8306956e-05,0.99999493,1.0189064e-05,0.99979585,7.3614495e-07,7.680228e-06,2.7440572e-05,0.49999872,0.9999569,0.45363694,0.5555951,0.3048163,0.38192904,0.6271485,0.3797389,0.31991485,0.33329886,0.3329658,0.4504504,0.32056236,0.5683724
"np.mean(abs(10*(3.254435609037936)-9.77929040352844/-(array_x)), axis=1)",0.93320376,0.5168383,0.40518707,0.62980175,0.6343893,0.7124127,0.15272233,0.40034086,0.36083493,1.0,0.20388933,0.53354436,0.45363694,0.5555951,0.3048163,0.38192904,0.6271485,0.3797389,0.31991485,0.33329886,0.3329658,0.4504504,0.32056236,0.5683724
"np.mean(abs(10*(array_x)/3.719925453110607*array_x-np.cos(2*np.pi*np.exp(3.6632982340934928))), axis=1)+10*(np.sin(2*np.pi*np.mean(abs(10*(array_x)/7.9996542785340585*array_x-np.cos(2*np.pi*np.exp(9.058796629816964))), axis=1)))",0.4118108,0.3255428,0.40953374,0.32033992,0.78224367,0.33261785,0.14652266,0.018976502,0.1108016,0.63222724,0.38853228,0.0423724,0.45363694,0.5555951,0.3048163,0.38192904,0.6271485,0.3797389,0.31991485,0.33329886,0.3329658,0.4504504,0.32056236,0.5683724
"np.mean(abs(10*(np.sin(2*np.pi*10*(4.74277076982494/array_x)))), axis=1)",0.7625822,0.45614362,0.1042676,0.57561857,0.48564193,0.60034704,0.6509953,0.6383777,0.41192818,0.37016746,0.7500214,0.56282675,0.45363694,0.5555951,0.3048163,0.38192904,0.6271485,0.3797389,0.31991485,0.33329886,0.3329658,0.4504504,0.32056236,0.5683724
"np.mean(abs(2.4849786722835985/array_x)/np.sin(2*np.pi*4.387206716151337/np.exp((np.array(range(1, array_x.shape[1]+1))))), axis=1)",1.0,0.99535537,0.99839324,1.0,0.99999464,1.0,0.99999994,1.0,1.0,1.0,0.9999999,0.0,0.45363694,0.5555951,0.3048163,0.38192904,0.6271485,0.3797389,0.31991485,0.33329886,0.3329658,0.4504504,0.32056236,0.5683724
"np.mean(abs(2.5079867561327065-array_x*3.6186783833574685), axis=1)",0.9052961,0.2515756,0.0012068653,0.40030867,0.2585025,0.3837735,0.0313496,0.15323116,0.13126977,0.910803,0.02948388,0.363621,0.45363694,0.5555951,0.3048163,0.38192904,0.6271485,0.3797389,0.31991485,0.33329886,0.3329658,0.4504504,0.32056236,0.5683724
"np.mean(abs(2.6386300146977035+array_x)-1.6826616373271697, axis=1)",0.22886771,0.5813583,0.02945588,0.102031626,1.0,0.10677977,0.0042593777,0.042719364,0.03375184,0.2546607,0.0,0.5520194,0.45363694,0.5555951,0.3048163,0.38192904,0.6271485,0.3797389,0.31991485,0.33329886,0.3329658,0.4504504,0.32056236,0.5683724
"np.mean(abs(3.0003211091543123)*array_x*np.exp((np.array(range(1, array_x.shape[1]+1))))/np.log(abs(8.675202740507824))/abs(array_x-np.log(abs(2.851428635608629)))*array_x-10*(array_x), axis=1)",0.5164252,0.33548495,0.2180751,0.17647968,0.5583994,0.11900267,0.05595967,0.15937608,0.076404154,0.5572479,0.0013768042,0.27377892,0.45363694,0.5555951,0.3048163,0.38192904,0.6271485,0.3797389,0.31991485,0.33329886,0.3329658,0.4504504,0.32056236,0.5683724
"np.mean(abs(3.288120671523073)-np.round(-(2.272713713988541*array_x)), axis=1)",0.0,0.9895833,0.43541667,0.0,0.91473925,0.0,0.0,0.0,0.0,0.0,0.0,0.93279856,0.45363694,0.5555951,0.3048163,0.38192904,0.6271485,0.3797389,0.31991485,0.33329886,0.3329658,0.4504504,0.32056236,0.5683724
"np.mean(abs(3.4234376648138216-array_x), axis=1)",0.25583607,1.0,0.29030183,0.15739058,0.6977634,0.101469725,0.0048355297,0.03860893,0.039840482,0.38956815,0.0,0.7751064,0.45363694,0.5555951,0.3048163,0.38192904,0.6271485,0.3797389,0.31991485,0.33329886,0.3329658,0.4504504,0.32056236,0.5683724
"np.mean(abs(4.462004503841275-np.square(array_x)), axis=1)+10*(np.sin(2*np.pi*np.mean(abs(2.25343880060219-np.square(array_x)), axis=1)))",0.8678164,0.5287486,0.38334104,0.5315373,0.767802,0.3630687,0.20332824,0.054308124,0.09038735,0.6249469,0.16487707,0.82255536,0.45363694,0.5555951,0.3048163,0.38192904,0.6271485,0.3797389,0.31991485,0.33329886,0.3329658,0.4504504,0.32056236,0.5683724
"np.mean(abs(4.6994604222308025)-8.358216370210297/np.cos(2*np.pi*array_x)/-(np.exp(np.sqrt(abs(array_x))-2.901958562604099)), axis=1)+np.sin(2*np.pi*np.mean(abs(3.0497871078305536)-4.52993910476723/np.cos(2*np.pi*array_x)/-(np.exp(np.sqrt(abs(array_x))-6.31973975983723)), axis=1))",0.99999815,0.9999557,0.0,0.99999547,0.9997663,0.9999951,0.99998987,0.9999987,0.9999785,0.99999875,0.9999862,0.99990946,0.45363694,0.5555951,0.3048163,0.38192904,0.6271485,0.3797389,0.31991485,0.33329886,0.3329658,0.4504504,0.32056236,0.5683724
"np.mean(abs(4.788228937572767-array_x*8.71462642257552)-np.round(array_x), axis=1)",0.93545026,0.2115875,0.0,0.32836556,0.47453433,0.3633694,0.010110749,0.14716887,0.110453375,1.0,0.032070618,0.30498457,0.45363694,0.5555951,0.3048163,0.38192904,0.6271485,0.3797389,0.31991485,0.33329886,0.3329658,0.4504504,0.32056236,0.5683724
"np.mean(abs(7.222544958257975)/np.log(abs(array_x+array_x+3.7888237903350266)), axis=1)",0.99999994,0.99975187,0.22648059,0.99999976,0.99808496,0.99999845,0.9999971,0.9999999,0.99999815,0.9999999,0.99996316,0.9954814,0.45363694,0.5555951,0.3048163,0.38192904,0.6271485,0.3797389,0.31991485,0.33329886,0.3329658,0.4504504,0.32056236,0.5683724
"np.mean(abs(8.457661024815012)+(np.array(range(1, array_x.shape[1]+1)))*array_x*2.9772152846025133*np.log(abs((np.array(range(1, array_x.shape[1]+1)))*array_x))/8.994427118025207, axis=1)",2.2606896e-14,0.8690786,0.36968747,1.840109e-15,0.92065746,2.6257265e-15,0.020365601,8.396746e-14,3.1774014e-13,2.5753576e-16,0.008370777,1.0,0.45363694,0.5555951,0.3048163,0.38192904,0.6271485,0.3797389,0.31991485,0.33329886,0.3329658,0.4504504,0.32056236,0.5683724
"np.mean(abs(8.477267158416456)+array_x/array_x+abs(array_x-7.134148779417086+4.4861721381583965*array_x), axis=1)",0.78269124,0.44568852,0.014060077,0.2688676,0.38178745,0.34740224,0.0079037035,0.11942418,0.13256107,1.0,0.031937484,0.25470743,0.45363694,0.5555951,0.3048163,0.38192904,0.6271485,0.3797389,0.31991485,0.33329886,0.3329658,0.4504504,0.32056236,0.5683724
"np.mean(abs(8.724447793657859*array_x+7.255585581852825)/array_x, axis=1)",1.0,0.99998695,0.47483498,1.0,0.9999736,1.0,0.9999999,1.0,1.0,1.0,0.9999995,0.75563705,0.45363694,0.5555951,0.3048163,0.38192904,0.6271485,0.3797389,0.31991485,0.33329886,0.3329658,0.4504504,0.32056236,0.5683724
"np.mean(abs(8.796357866038397*array_x-7.081458793897386)-9.353534073247827, axis=1)",1.0,0.33228096,0.00090478006,0.44768402,0.3568277,0.3685109,0.019269386,0.16525604,0.11965939,0.9011017,0.010877044,0.39634037,0.45363694,0.5555951,0.3048163,0.38192904,0.6271485,0.3797389,0.31991485,0.33329886,0.3329658,0.4504504,0.32056236,0.5683724
"np.mean(abs(abs(-(abs(9.441738155193393)))*np.cos(2*np.pi*array_x)+1/(7.695911786832834)), axis=1)+np.sin(2*np.pi*np.mean(abs(abs(-(abs(2.130471084718117)))*np.cos(2*np.pi*array_x)+1/(5.736932590149463)), axis=1))",0.7867329,0.24569085,0.0,0.6764363,0.30543393,0.6509609,0.3513469,0.56531256,0.38995922,0.9658343,0.25575903,0.18456092,0.45363694,0.5555951,0.3048163,0.38192904,0.6271485,0.3797389,0.31991485,0.33329886,0.3329658,0.4504504,0.32056236,0.5683724
"np.mean(abs(abs(7.473677017499849)+array_x)-np.sqrt(abs(array_x*array_x))/array_x+9.759828124796696, axis=1)+np.sin(2*np.pi*np.mean(abs(abs(9.712920412739717)+array_x)-np.sqrt(abs(array_x*array_x))/array_x+1.7002411801507802, axis=1))",0.011524838,0.9999985,0.9999985,0.999998,0.9999985,0.9999967,0.9999982,0.99999785,0.9999985,2.3717332e-06,0.9999986,0.9999985,0.45363694,0.5555951,0.3048163,0.38192904,0.6271485,0.3797389,0.31991485,0.33329886,0.3329658,0.4504504,0.32056236,0.5683724
"np.mean(abs(array_x)+9.988864312693806-array_x, axis=1)+np.sin(2*np.pi*np.mean(abs(array_x)+1.8832228917795266-array_x, axis=1))",0.0,0.99999565,0.99999565,0.0,0.0,0.0,0.0,0.4999967,0.0,0.0,0.0,0.49999896,0.45363694,0.5555951,0.3048163,0.38192904,0.6271485,0.3797389,0.31991485,0.33329886,0.3329658,0.4504504,0.32056236,0.5683724
"np.mean(abs(array_x)-4.504934407004283/np.round(7.9885156245828925-array_x), axis=1)+np.sin(2*np.pi*np.mean(abs(array_x)-4.218907492087274/np.round(9.414228248050339-array_x), axis=1))",0.6460992,0.9464227,0.9291102,0.5816445,0.6951724,0.4405109,0.7285968,0.33809188,0.26319686,0.46531075,0.31083745,0.9150256,0.45363694,0.5555951,0.3048163,0.38192904,0.6271485,0.3797389,0.31991485,0.33329886,0.3329658,0.4504504,0.32056236,0.5683724
"np.mean(abs(array_x*10*(7.719139413944114)), axis=1)+np.sin(2*np.pi*np.mean(abs(array_x*10*(5.238001132136999)), axis=1))",0.83362174,0.52653635,0.21393359,0.2764182,0.654827,0.34751552,2.1436863e-06,0.10486035,0.044398528,0.6110876,1.0530171e-06,0.7243885,0.45363694,0.5555951,0.3048163,0.38192904,0.6271485,0.3797389,0.31991485,0.33329886,0.3329658,0.4504504,0.32056236,0.5683724
"np.mean(abs(array_x+1.921624776806396), axis=1)+10*(np.sin(2*np.pi*np.mean(abs(array_x+1.659664434260152), axis=1)))",0.8373883,0.9392788,0.95779777,0.8224607,0.97997516,0.79395133,0.60135674,0.5099887,0.83355325,0.47303492,0.8455825,0.91996825,0.45363694,0.5555951,0.3048163,0.38192904,0.6271485,0.3797389,0.31991485,0.33329886,0.3329658,0.4504504,0.32056236,0.5683724
"np.mean(abs(array_x+2.9074116290656242), axis=1)",0.23897749,0.57465494,0.13295323,0.087150104,1.0,0.072568,0.0014481007,0.02968951,0.043177325,0.22100025,0.00021241957,0.7317245,0.45363694,0.5555951,0.3048163,0.38192904,0.6271485,0.3797389,0.31991485,0.33329886,0.3329658,0.4504504,0.32056236,0.5683724
"np.mean(abs(array_x-1.1023425366340378*5.456589023561589+np.square(array_x)), axis=1)",0.99909645,0.20150827,0.0011945163,0.28954574,0.60793114,0.33113644,0.021798996,0.1161903,0.12823449,0.8690419,0.029627142,0.508648,0.45363694,0.5555951,0.3048163,0.38192904,0.6271485,0.3797389,0.31991485,0.33329886,0.3329658,0.4504504,0.32056236,0.5683724
"np.mean(abs(array_x-np.exp((np.array(range(1, array_x.shape[1]+1))))-5.857728742176936)*4.964859115271846, axis=1)+np.sin(2*np.pi*np.mean(abs(array_x-np.exp((np.array(range(1, array_x.shape[1]+1))))-4.559354992843655)*4.518270717405395, axis=1))",6.347385e-08,1.0,0.83190536,2.427942e-08,0.87762237,9.406573e-09,0.09833542,4.090684e-11,1.0005968e-09,2.2671518e-08,0.098335005,0.97328603,0.45363694,0.5555951,0.3048163,0.38192904,0.6271485,0.3797389,0.31991485,0.33329886,0.3329658,0.4504504,0.32056236,0.5683724
"np.mean(abs(array_x-np.exp(5.9732685308322475)), axis=1)*np.square(3.415763478302393)+10*(np.sin(2*np.pi*np.mean(abs(array_x-np.exp(3.9292745276790493)), axis=1)*np.square(7.1816081650190675)))",0.0017928587,0.9566004,0.8520917,0.008698735,0.9300747,0.0053875865,0.11596269,0.017385952,0.0038437778,0.0,0.043762866,0.9904426,0.45363694,0.5555951,0.3048163,0.38192904,0.6271485,0.3797389,0.31991485,0.33329886,0.3329658,0.4504504,0.32056236,0.5683724
"np.mean(abs(array_x/1.635223378231879-np.sqrt(abs(np.cos(2*np.pi*7.991901177299555-(np.array(range(1, array_x.shape[1]+1))))))), axis=1)",0.95092404,0.5337,0.020826971,0.35672268,0.5370999,0.3752336,0.031416886,0.13793366,0.08518848,0.8486751,0.0020759879,0.40359807,0.45363694,0.5555951,0.3048163,0.38192904,0.6271485,0.3797389,0.31991485,0.33329886,0.3329658,0.4504504,0.32056236,0.5683724
"np.mean(abs(array_x/2.175495948867412)*np.log(abs(np.sqrt(abs(np.cumsum(array_x, axis=1)-4.500292285785156))))*np.cos(2*np.pi*2.0989004114470573/2.976307497236868-(np.array(range(1, array_x.shape[1]+1))))+10*(array_x+9.021118804317316), axis=1)",2.847192e-16,0.89363676,0.3367572,1.1254428e-15,1.0,1.5999294e-15,2.1291477e-08,2.9849637e-16,9.564495e-16,2.847192e-16,3.1112858e-08,0.93852437,0.45363694,0.5555951,0.3048163,0.38192904,0.6271485,0.3797389,0.31991485,0.33329886,0.3329658,0.4504504,0.32056236,0.5683724
"np.mean(abs(array_x/7.192909377777734)-7.696636305309544-array_x, axis=1)",0.0,0.92703694,0.27304232,0.0,0.8384991,0.0,1.4116272e-08,0.0,0.0,0.0,8.42525e-09,0.964313,0.45363694,0.5555951,0.3048163,0.38192904,0.6271485,0.3797389,0.31991485,0.33329886,0.3329658,0.4504504,0.32056236,0.5683724
"np.mean(abs(array_x/np.exp(np.square(array_x/1.092621033848448))-np.sin(2*np.pi*6.394044392070504-array_x)/4.414955945025491-1.925709967965884*array_x), axis=1)+np.sin(2*np.pi*np.mean(abs(array_x/np.exp(np.square(array_x/9.874157726636255))-np.sin(2*np.pi*3.04146496310117-array_x)/1.54233173831591-3.14286683685295*array_x), axis=1))",0.05011877,0.034019053,0.9120126,0.021760084,0.048676696,0.021020489,0.011459327,0.011744941,0.012740555,0.03769135,0.0032604707,0.018700626,0.45363694,0.5555951,0.3048163,0.38192904,0.6271485,0.3797389,0.31991485,0.33329886,0.3329658,0.4504504,0.32056236,0.5683724
"np.mean(abs(np.cos(2*np.pi*abs(5.391760965583991*array_x))), axis=1)",0.80692726,0.5655077,0.0,0.7724663,0.55470455,0.7170016,0.6536102,0.71775186,0.62889,0.8094507,0.7400908,0.44639665,0.45363694,0.5555951,0.3048163,0.38192904,0.6271485,0.3797389,0.31991485,0.33329886,0.3329658,0.4504504,0.32056236,0.5683724
"np.mean(abs(np.cos(2*np.pi*array_x+array_x*3.984985028430538+array_x/5.862323457434941))/np.cos(2*np.pi*8.595405877437443)/7.206972739899646-array_x*2.075078247671711, axis=1)+np.sin(2*np.pi*np.mean(abs(np.cos(2*np.pi*array_x+array_x*2.2093765891364416+array_x/9.083385428177653))/np.cos(2*np.pi*7.47501635468451)/2.7626407212125326-array_x*3.9419520510004205, axis=1))",0.007474859,0.9987856,0.8237677,0.00082816306,0.8672839,0.0008466993,0.098327115,0.0066963774,0.006359198,0.007776829,0.08690326,0.9581042,0.45363694,0.5555951,0.3048163,0.38192904,0.6271485,0.3797389,0.31991485,0.33329886,0.3329658,0.4504504,0.32056236,0.5683724
"np.mean(abs(np.cos(2*np.pi*np.cos(2*np.pi*4.545052490437605/array_x))), axis=1)+10*(np.sin(2*np.pi*np.mean(abs(np.cos(2*np.pi*np.cos(2*np.pi*2.079402948882879/array_x))), axis=1)))",0.534603,0.5104056,0.05476458,0.61062145,0.9187626,0.71516144,0.5893771,0.7825022,0.54711384,0.66640973,0.53109103,0.49213696,0.45363694,0.5555951,0.3048163,0.38192904,0.6271485,0.3797389,0.31991485,0.33329886,0.3329658,0.4504504,0.32056236,0.5683724
"np.mean(abs(np.cumsum(2.8677821743009044-array_x+np.square(9.695572629722282+array_x), axis=1)), axis=1)",0.0,0.77737415,0.24737252,4.9134295e-16,0.8731088,4.772282e-16,1.0053882e-08,3.9678822e-16,5.0164907e-16,1.1600181e-16,2.0778497e-08,1.0,0.45363694,0.5555951,0.3048163,0.38192904,0.6271485,0.3797389,0.31991485,0.33329886,0.3329658,0.4504504,0.32056236,0.5683724
"np.mean(abs(np.cumsum(5.2648191517870115-array_x, axis=1)+5.837863510052011)-np.square(2.568941600620394), axis=1)",0.0,0.99892974,0.36546206,1.3416897e-15,0.91235316,5.240265e-16,3.6630692e-07,1.1816286e-16,7.843339e-16,4.8748864e-17,1.622724e-08,0.8934241,0.45363694,0.5555951,0.3048163,0.38192904,0.6271485,0.3797389,0.31991485,0.33329886,0.3329658,0.4504504,0.32056236,0.5683724
"np.mean(abs(np.cumsum(array_x, axis=1)+7.197402755836434)+2.461100673653881, axis=1)",0.37123534,0.9955241,0.5808611,0.21546106,0.8470764,0.1154684,0.020406716,0.03957045,0.16039672,0.42998564,0.08342524,0.6347909,0.45363694,0.5555951,0.3048163,0.38192904,0.6271485,0.3797389,0.31991485,0.33329886,0.3329658,0.4504504,0.32056236,0.5683724
"np.mean(abs(np.exp(1.0874681628088343))-abs(array_x-np.square(np.square(array_x))), axis=1)+np.sin(2*np.pi*np.mean(abs(np.exp(7.5647702118988285))-abs(array_x-np.square(np.square(array_x))), axis=1))",0.0015330511,0.9297176,0.5281239,0.0031304457,0.856064,0.0039365226,0.0056918687,0.0037689167,0.004856759,0.0046058474,0.21241044,1.0,0.45363694,0.5555951,0.3048163,0.38192904,0.6271485,0.3797389,0.31991485,0.33329886,0.3329658,0.4504504,0.32056236,0.5683724
"np.mean(abs(np.exp(2.063753288641157*(np.array(range(1, array_x.shape[1]+1)))*array_x)), axis=1)",0.0,0.00818887,2.918353e-06,0.0,1.0,0.0,9.14128e-18,0.0,0.0,0.0,6.1031007e-18,0.01170529,0.45363694,0.5555951,0.3048163,0.38192904,0.6271485,0.3797389,0.31991485,0.33329886,0.3329658,0.4504504,0.32056236,0.5683724
"np.mean(abs(np.exp(3.9114611667939174*3.627795850848453+np.exp(array_x))), axis=1)",0.0,0.65333277,0.07742567,0.0,0.97554207,5.879277e-16,6.5562418e-09,2.8776293e-16,1.280077e-16,0.0,1.3743664e-08,0.7968817,0.45363694,0.5555951,0.3048163,0.38192904,0.6271485,0.3797389,0.31991485,0.33329886,0.3329658,0.4504504,0.32056236,0.5683724
"np.mean(abs(np.exp(9.468921057187988))+np.cos(2*np.pi*np.sqrt(abs(array_x))), axis=1)",0.8350441,0.035753574,0.0,0.37694174,0.043404553,0.29561839,0.0122317495,0.074568994,0.075919844,0.9617166,0.023156786,0.061758034,0.45363694,0.5555951,0.3048163,0.38192904,0.6271485,0.3797389,0.31991485,0.33329886,0.3329658,0.4504504,0.32056236,0.5683724
"np.mean(abs(np.exp(array_x)*np.sin(2*np.pi*array_x)+np.exp(np.sqrt(abs(1.4192496718311787)))), axis=1)",0.8493993,0.44688863,0.594322,0.7681073,0.39962626,0.6708074,0.5705668,0.4275047,0.48080024,0.9014489,0.26593825,0.35514176,0.45363694,0.5555951,0.3048163,0.38192904,0.6271485,0.3797389,0.31991485,0.33329886,0.3329658,0.4504504,0.32056236,0.5683724
"np.mean(abs(np.log(abs(4.229080167355195+8.475871933252922/array_x))-np.square(10*(2.6764409646114764))-2.3217135988544633+array_x+array_x), axis=1)",0.27608573,0.5654285,0.51254123,0.27608573,0.974005,0.27608573,0.21302372,0.27608573,0.27608573,0.27608573,0.16384691,0.7066218,0.45363694,0.5555951,0.3048163,0.38192904,0.6271485,0.3797389,0.31991485,0.33329886,0.3329658,0.4504504,0.32056236,0.5683724
"np.mean(abs(np.round((np.array(range(1, array_x.shape[1]+1)))*array_x)+6.348433164845626-9.118563898481792), axis=1)",0.9529225,0.46050414,0.2731677,0.25996384,0.69866145,0.20395859,0.0,0.044425577,0.091503076,0.78419507,0.0,0.39447024,0.45363694,0.5555951,0.3048163,0.38192904,0.6271485,0.3797389,0.31991485,0.33329886,0.3329658,0.4504504,0.32056236,0.5683724
"np.mean(abs(np.round(1.6798417317450867)-array_x)-9.928453966053592, axis=1)",0.7145951,0.75865334,0.19646528,0.3175149,0.36956653,0.23816907,0.022431022,0.10520898,0.10841934,0.7333341,0.007907281,0.40725163,0.45363694,0.5555951,0.3048163,0.38192904,0.6271485,0.3797389,0.31991485,0.33329886,0.3329658,0.4504504,0.32056236,0.5683724
"np.mean(abs(np.round(6.05582427265549-array_x+-(array_x)-7.5833178703245485*np.round(array_x-4.299261032254137))), axis=1)",0.02906336,0.9672131,0.45,0.0040983604,0.71481484,0.0078020645,0.0,0.010122457,0.008505599,0.021910466,0.0,1.0,0.45363694,0.5555951,0.3048163,0.38192904,0.6271485,0.3797389,0.31991485,0.33329886,0.3329658,0.4504504,0.32056236,0.5683724
"np.mean(abs(np.sin(2*np.pi*2.785474964840405-array_x-array_x*9.883673305681024+np.cos(2*np.pi*array_x+7.634485887081171)+9.130781160818026)), axis=1)",0.830614,0.26335225,0.0,0.8047592,0.39605302,0.9180588,0.67785025,0.7272397,0.66965073,0.7477341,0.6721698,0.24561381,0.45363694,0.5555951,0.3048163,0.38192904,0.6271485,0.3797389,0.31991485,0.33329886,0.3329658,0.4504504,0.32056236,0.5683724
"np.mean(abs(np.sqrt(abs(array_x))-array_x), axis=1)",0.96194714,0.20349085,0.019787777,0.3847117,0.5097264,0.34682107,0.049665354,0.19863996,0.12790793,0.88971055,0.041568615,0.2740347,0.45363694,0.5555951,0.3048163,0.38192904,0.6271485,0.3797389,0.31991485,0.33329886,0.3329658,0.4504504,0.32056236,0.5683724
"np.mean(abs(np.square(3.0006649803230934+array_x)), axis=1)",0.042633586,0.6411976,0.027456725,0.0080337,1.0,0.008640447,0.000308861,0.0017880301,0.0028588362,0.04661448,0.0,0.7245064,0.45363694,0.5555951,0.3048163,0.38192904,0.6271485,0.3797389,0.31991485,0.33329886,0.3329658,0.4504504,0.32056236,0.5683724
"np.mean(abs(np.square(8.75915685635222)-np.sqrt(abs(np.exp(array_x))))+1/(np.square(8.620923007852028)), axis=1)",1.5528605e-15,0.8661512,0.51141745,0.00023989227,0.9657083,1.5029197e-13,0.00023596022,7.0463696e-12,3.7112716e-11,4.5465198e-14,0.00016478928,0.95448667,0.45363694,0.5555951,0.3048163,0.38192904,0.6271485,0.3797389,0.31991485,0.33329886,0.3329658,0.4504504,0.32056236,0.5683724
"np.mean(abs(np.square(array_x))/7.080928034808303+array_x/9.977510339602352+np.sin(2*np.pi*abs(6.611357915584093)), axis=1)",0.68991464,0.09839659,0.0011699941,0.12951764,0.609439,0.073865496,0.005014961,0.020909036,0.02163502,0.8406296,0.00035537782,0.10782159,0.45363694,0.5555951,0.3048163,0.38192904,0.6271485,0.3797389,0.31991485,0.33329886,0.3329658,0.4504504,0.32056236,0.5683724
"np.mean(abs(np.square(np.square(array_x)-10*(7.750981352981324)))-np.sin(2*np.pi*1.8231465781717102), axis=1)+np.sin(2*np.pi*np.mean(abs(np.square(np.square(array_x)-10*(7.215377601303473)))-np.sin(2*np.pi*7.1218253034269825), axis=1))",0.0,0.94097126,0.16458292,1.064709e-14,0.7690703,7.607925e-15,0.0012683694,0.0,4.2072287e-15,0.0,0.0012683742,0.8603884,0.45363694,0.5555951,0.3048163,0.38192904,0.6271485,0.3797389,0.31991485,0.33329886,0.3329658,0.4504504,0.32056236,0.5683724
"np.mean(array_x*1.476249186604063-8.150818916506458*np.round(8.814372512898332)-np.exp(2.175251090279728)*abs(array_x), axis=1)",6.5312754e-15,0.9926192,0.09457357,0.16119319,0.6967915,0.0,0.18707354,7.760462e-16,0.060097758,5.3543265e-15,0.13096513,0.8516124,0.45363694,0.5555951,0.3048163,0.38192904,0.6271485,0.3797389,0.31991485,0.33329886,0.3329658,0.4504504,0.32056236,0.5683724
"np.mean(array_x*1.5401883149784403-10*(np.log(abs(5.319188401859227)))+9.936208368930863-abs(2.0084949831249697/array_x), axis=1)+10*(np.sin(2*np.pi*np.mean(array_x*2.996479106410807-10*(np.log(abs(6.252167888668818)))+6.598297465433889-abs(2.2552595423497293/array_x), axis=1)))",1.0,0.66264844,0.9998204,1.0,0.9999989,1.0,1.0,1.0,1.0,1.0,1.0,0.0,0.45363694,0.5555951,0.3048163,0.38192904,0.6271485,0.3797389,0.31991485,0.33329886,0.3329658,0.4504504,0.32056236,0.5683724
"np.mean(array_x*2.4370143133694064-np.square(array_x-1/(3.0068997185140156)), axis=1)-4.340212402495215",0.08848322,0.87905806,0.4153501,0.08848322,0.8704893,0.24060771,0.19728431,0.22289822,0.23899713,0.0,0.21921276,1.0,0.45363694,0.5555951,0.3048163,0.38192904,0.6271485,0.3797389,0.31991485,0.33329886,0.3329658,0.4504504,0.32056236,0.5683724
"np.mean(array_x*3.9211046052084724, axis=1)+np.sin(2*np.pi*np.mean(array_x*3.0013147619145943, axis=1))",4.276779e-08,1.0,0.81666666,1.9248436e-08,1.0,1.3618218e-07,0.11805559,8.566026e-10,2.8105193e-08,4.324696e-08,0.21111111,1.0,0.45363694,0.5555951,0.3048163,0.38192904,0.6271485,0.3797389,0.31991485,0.33329886,0.3329658,0.4504504,0.32056236,0.5683724
"np.mean(array_x*3.9586023890076496, axis=1)+10*(np.sin(2*np.pi*np.mean(array_x*5.605097119511383, axis=1)))",0.004875486,0.9166491,0.8605768,0.088478036,0.97619045,0.16925314,0.2594302,0.1396195,0.11663407,0.0,0.27379262,0.99999833,0.45363694,0.5555951,0.3048163,0.38192904,0.6271485,0.3797389,0.31991485,0.33329886,0.3329658,0.4504504,0.32056236,0.5683724
"np.mean(array_x*3.9616420408737247, axis=1)+np.sin(2*np.pi*np.mean(array_x*1.3267222888020012, axis=1))",1.5956552e-08,1.0,0.9,0.19999999,1.0,0.1,0.5500005,0.1,0.09999998,6.276191e-09,0.50000006,1.0,0.45363694,0.5555951,0.3048163,0.38192904,0.6271485,0.3797389,0.31991485,0.33329886,0.3329658,0.4504504,0.32056236,0.5683724
"np.mean(array_x*4.804305440808207-array_x-np.cos(2*np.pi*2.204031790605453+array_x)*6.684651277593918, axis=1)",0.13560918,0.26347736,0.123429455,0.060438216,0.5982966,0.07820907,0.101899914,0.028504362,0.07101219,0.15766314,0.16103245,0.54659975,0.45363694,0.5555951,0.3048163,0.38192904,0.6271485,0.3797389,0.31991485,0.33329886,0.3329658,0.4504504,0.32056236,0.5683724
"np.mean(array_x*4.874016917037823*np.log(abs(9.835210404851892+np.cumsum(array_x, axis=1))), axis=1)",1.0296943e-07,0.81891906,0.41650066,0.006297458,0.7113688,0.048494156,0.0010162634,0.0069654444,3.1433212e-10,2.3273178e-07,0.008322615,0.77969706,0.45363694,0.5555951,0.3048163,0.38192904,0.6271485,0.3797389,0.31991485,0.33329886,0.3329658,0.4504504,0.32056236,0.5683724
"np.mean(array_x*6.0106074997951815, axis=1)+np.sin(2*np.pi*np.mean(array_x*7.128564861267062, axis=1))",5.547863e-08,0.97619045,0.7320514,1.6363284e-09,0.90570176,1.2917656e-08,0.046536896,1.6164969e-09,3.395414e-11,3.42947e-08,0.050000906,1.0,0.45363694,0.5555951,0.3048163,0.38192904,0.6271485,0.3797389,0.31991485,0.33329886,0.3329658,0.4504504,0.32056236,0.5683724
"np.mean(array_x*6.346736371954186, axis=1)+np.sin(2*np.pi*np.mean(array_x*5.409072295119582, axis=1))",4.990322e-12,0.96907425,0.71488416,0.010312327,0.8894652,0.010722566,0.012462187,0.010722565,0.01038037,4.21203e-13,0.012429289,1.0,0.45363694,0.5555951,0.3048163,0.38192904,0.6271485,0.3797389,0.31991485,0.33329886,0.3329658,0.4504504,0.32056236,0.5683724
"np.mean(array_x*6.354211540703787+9.871817040634857/np.exp(np.sqrt(abs(6.7216044868731))), axis=1)+np.sin(2*np.pi*np.mean(array_x*3.0435875969875057+7.253782508424447/np.exp(np.sqrt(abs(2.534803729486952))), axis=1))",1.8467679e-08,1.0,0.84444445,8.747188e-09,0.8888889,8.920493e-09,0.05009996,3.8075137e-11,1.068491e-08,8.633296e-09,0.111182354,1.0,0.45363694,0.5555951,0.3048163,0.38192904,0.6271485,0.3797389,0.31991485,0.33329886,0.3329658,0.4504504,0.32056236,0.5683724
"np.mean(array_x*7.265837821258455-3.4611394840127923/array_x, axis=1)",1.0,0.41123098,0.9708773,1.0,0.99997866,1.0,0.9999998,1.0,1.0,1.0,1.0,0.30401024,0.45363694,0.5555951,0.3048163,0.38192904,0.6271485,0.3797389,0.31991485,0.33329886,0.3329658,0.4504504,0.32056236,0.5683724
"np.mean(array_x*7.684888810627966/array_x-array_x+np.round((np.array(range(1, array_x.shape[1]+1)))*6.051845335433578), axis=1)+10*(np.sin(2*np.pi*np.mean(array_x*6.258307950475736/array_x-array_x+np.round((np.array(range(1, array_x.shape[1]+1)))*3.9246163857270453), axis=1)))",0.25206327,0.8332375,0.9999431,0.5832991,0.58327365,0.8332535,0.81791764,0.99987835,0.9998799,0.0013597667,0.9999459,0.99987704,0.45363694,0.5555951,0.3048163,0.38192904,0.6271485,0.3797389,0.31991485,0.33329886,0.3329658,0.4504504,0.32056236,0.5683724
"np.mean(array_x*8.667764562903082/1.9932176271434188*5.37251961599349/10*(4.509484268926322), axis=1)+10*(np.sin(2*np.pi*np.mean(array_x*4.30439603563167/3.4448287091289473*2.283530104016235/10*(4.125993749634954), axis=1)))",4.2255454e-07,0.99999976,0.9999998,0.33333278,0.9999998,0.5789084,0.99999994,0.70833325,0.5,6.84996e-05,0.99999976,0.9999998,0.45363694,0.5555951,0.3048163,0.38192904,0.6271485,0.3797389,0.31991485,0.33329886,0.3329658,0.4504504,0.32056236,0.5683724
"np.mean(array_x*8.681140128518692, axis=1)+np.sin(2*np.pi*np.mean(array_x*5.394789938650757, axis=1))",2.9847907e-08,1.0,0.63392866,1.747846e-08,0.9027118,6.9199635e-10,3.1312072e-07,2.586814e-09,3.5076662e-09,6.873553e-08,3.3099194e-08,0.9474326,0.45363694,0.5555951,0.3048163,0.38192904,0.6271485,0.3797389,0.31991485,0.33329886,0.3329658,0.4504504,0.32056236,0.5683724
"np.mean(array_x*9.461508290604668, axis=1)+10*(np.sin(2*np.pi*np.mean(array_x*9.825549001718137, axis=1)))",8.583598e-07,0.9363636,0.83558553,1.7181881e-05,0.99999386,0.015186717,0.060897116,0.015146536,5.8763186e-07,7.3309834e-06,0.081298456,0.96969676,0.45363694,0.5555951,0.3048163,0.38192904,0.6271485,0.3797389,0.31991485,0.33329886,0.3329658,0.4504504,0.32056236,0.5683724
"np.mean(array_x*9.477629257974677+np.sin(2*np.pi*abs(array_x))+np.round(6.840036438549591), axis=1)",0.0,0.9965083,0.27536243,0.0,0.9746655,0.0,2.0217367e-08,0.0,0.0,0.0,4.9417888e-09,0.8472456,0.45363694,0.5555951,0.3048163,0.38192904,0.6271485,0.3797389,0.31991485,0.33329886,0.3329658,0.4504504,0.32056236,0.5683724
"np.mean(array_x*array_x+7.843790582460789-4.468054702897541, axis=1)+np.sin(2*np.pi*np.mean(array_x*array_x+4.787293773977586-8.79080264452651, axis=1))",0.1311681,4.8738148e-08,1.3322676e-15,0.00768982,5.0268164e-07,0.08142181,0.008347198,0.007730281,0.0046069217,0.21733634,0.0070781596,1.3680668e-08,0.45363694,0.5555951,0.3048163,0.38192904,0.6271485,0.3797389,0.31991485,0.33329886,0.3329658,0.4504504,0.32056236,0.5683724
"np.mean(array_x*np.cos(2*np.pi*2.9415055990746364)*np.sqrt(abs(4.832885793579949)), axis=1)+np.sin(2*np.pi*np.mean(array_x*np.cos(2*np.pi*8.398986138990653)*np.sqrt(abs(2.866079514642826)), axis=1))",6.105738e-10,1.0,0.99999994,0.20000012,1.0,0.29166678,0.60000896,0.2916667,0.36666667,9.634355e-09,0.7500001,1.0,0.45363694,0.5555951,0.3048163,0.38192904,0.6271485,0.3797389,0.31991485,0.33329886,0.3329658,0.4504504,0.32056236,0.5683724
"np.mean(array_x+(np.array(range(1, array_x.shape[1]+1))), axis=1)-2.842406366784445*np.mean(np.square(array_x), axis=1)",0.0,1.0,0.18350698,0.053909067,0.77846324,0.051643513,1.7665532e-07,1.2354616e-15,0.053909067,0.05730691,0.049980193,0.9235471,0.45363694,0.5555951,0.3048163,0.38192904,0.6271485,0.3797389,0.31991485,0.33329886,0.3329658,0.4504504,0.32056236,0.5683724
"np.mean(array_x+1.4521436815279758, axis=1)+np.sin(2*np.pi*np.mean(array_x+2.4710319763721116, axis=1))",4.895833e-07,0.99999964,0.9999985,0.8333333,0.99999964,0.50000167,0.9999998,0.4999997,0.83333164,0.16670093,0.99999815,0.9999992,0.45363694,0.5555951,0.3048163,0.38192904,0.6271485,0.3797389,0.31991485,0.33329886,0.3329658,0.4504504,0.32056236,0.5683724
"np.mean(array_x+1.5912201441420906-np.sqrt(abs(6.543443068652492)), axis=1)+10*(np.sin(2*np.pi*np.mean(array_x+1.7922127515032873-np.sqrt(abs(5.571164544907289)), axis=1)))",0.0040562707,0.9999533,0.9999533,0.74961835,0.99996877,0.99998975,0.99994737,0.9999562,0.99994093,0.0010152452,0.9999812,0.999954,0.45363694,0.5555951,0.3048163,0.38192904,0.6271485,0.3797389,0.31991485,0.33329886,0.3329658,0.4504504,0.32056236,0.5683724
"np.mean(array_x+2.103070770002673-2.774067487283421, axis=1)+np.sin(2*np.pi*np.mean(array_x+5.079465672066138-2.619542044830589, axis=1))",1.5925126e-08,0.9999993,0.9999993,0.50000006,0.9999998,0.5833332,0.99999684,0.50000006,0.6666661,2.9674348e-07,0.9999998,0.99999964,0.45363694,0.5555951,0.3048163,0.38192904,0.6271485,0.3797389,0.31991485,0.33329886,0.3329658,0.4504504,0.32056236,0.5683724
"np.mean(array_x+2.3164445324765772-1/(array_x)+(np.array(range(1, array_x.shape[1]+1)))*array_x, axis=1)",1.0,0.9900245,0.9646813,1.0,0.9999632,1.0,0.99999964,1.0,1.0,1.0,0.9999992,0.40413025,0.45363694,0.5555951,0.3048163,0.38192904,0.6271485,0.3797389,0.31991485,0.33329886,0.3329658,0.4504504,0.32056236,0.5683724
"np.mean(array_x+2.3734059800841845/4.05368298107365+array_x, axis=1)+np.sin(2*np.pi*np.mean(array_x+3.205818526204373/5.166871465520507+array_x, axis=1))",0.14285713,1.0,1.0,0.1547627,1.0,0.2250003,0.5714286,0.36666653,0.22619061,0.0,0.38095382,1.0,0.45363694,0.5555951,0.3048163,0.38192904,0.6271485,0.3797389,0.31991485,0.33329886,0.3329658,0.4504504,0.32056236,0.5683724
"np.mean(array_x+3.4864762232257283+5.388202639502227-10*(5.922886673921693)+np.cos(2*np.pi*np.cumsum(np.square(np.log(abs(7.3375040309290664+array_x/8.41274740405032))), axis=1))-7.666470239670055, axis=1)",0.0,0.8844922,0.39958158,0.0,0.9292238,0.0,9.89549e-08,0.0,0.0,0.0,2.0019887e-07,0.9838791,0.45363694,0.5555951,0.3048163,0.38192904,0.6271485,0.3797389,0.31991485,0.33329886,0.3329658,0.4504504,0.32056236,0.5683724
"np.mean(array_x+4.51712073222536*array_x+np.sin(2*np.pi*np.sin(2*np.pi*1.5567247787883252)/array_x), axis=1)+np.sin(2*np.pi*np.mean(array_x+2.1708363162352784*array_x+np.sin(2*np.pi*np.sin(2*np.pi*7.312957920619681)/array_x), axis=1))",8.234752e-07,0.99286634,0.74495894,5.26458e-05,0.9552326,6.345545e-05,0.04124786,2.3511105e-07,1.9970366e-06,6.4245337e-06,0.09573605,0.9162991,0.45363694,0.5555951,0.3048163,0.38192904,0.6271485,0.3797389,0.31991485,0.33329886,0.3329658,0.4504504,0.32056236,0.5683724
"np.mean(array_x+5.760671826599857+5.0630226621224095, axis=1)+np.sin(2*np.pi*np.mean(array_x+3.560241638465963+3.5291757072370253, axis=1))",0.3333332,0.9999995,0.9999995,1.0,0.99999964,0.49999982,0.99999607,0.9999959,0.9999998,0.0,0.999996,0.9999995,0.45363694,0.5555951,0.3048163,0.38192904,0.6271485,0.3797389,0.31991485,0.33329886,0.3329658,0.4504504,0.32056236,0.5683724
"np.mean(array_x+6.5337808241210285+6.009359060612401/7.8239439531492625*array_x, axis=1)+10*(np.sin(2*np.pi*np.mean(array_x+9.552180485825057+7.953704758568973/7.368050860303633*array_x, axis=1)))",0.13808036,0.99997824,0.99999815,0.30709374,1.0,0.34127092,0.7083719,0.61243993,0.5822529,0.0,0.79111874,0.9999895,0.45363694,0.5555951,0.3048163,0.38192904,0.6271485,0.3797389,0.31991485,0.33329886,0.3329658,0.4504504,0.32056236,0.5683724
"np.mean(array_x+6.892328013792476+array_x/1.8634817920070121, axis=1)-6.12746355925933+np.sin(2*np.pi*np.mean(array_x+8.94476916661945+array_x/8.19285962519691, axis=1)-2.716565783603185)",3.162067e-06,0.99999976,0.99999976,0.33333328,0.9999999,0.4166663,0.7083333,0.6666664,0.4166662,4.2193727e-07,0.7083337,0.99999976,0.45363694,0.5555951,0.3048163,0.38192904,0.6271485,0.3797389,0.31991485,0.33329886,0.3329658,0.4504504,0.32056236,0.5683724
"np.mean(array_x+8.363651243152152, axis=1)+np.sin(2*np.pi*np.mean(array_x+9.572074545137404, axis=1))",1.4221061e-05,0.99999917,0.99999714,0.41665977,0.99999917,0.5833334,0.9999969,0.9999993,0.83332646,0.0,0.9999999,0.99999917,0.45363694,0.5555951,0.3048163,0.38192904,0.6271485,0.3797389,0.31991485,0.33329886,0.3329658,0.4504504,0.32056236,0.5683724
"np.mean(array_x+9.067247555824057*3.812756402341024, axis=1)+10*(np.sin(2*np.pi*np.mean(array_x+2.756523526359214*4.683854356420934, axis=1)))",1.2223711e-06,0.7499645,0.9999515,0.75001776,0.9999673,0.74996847,0.99995595,0.9999478,0.9999481,0.001547944,0.9999414,0.99995184,0.45363694,0.5555951,0.3048163,0.38192904,0.6271485,0.3797389,0.31991485,0.33329886,0.3329658,0.4504504,0.32056236,0.5683724
"np.mean(array_x+9.532800982879204*6.467555819195552/np.cumsum(np.square(array_x), axis=1), axis=1)",9.514579e-16,0.81917006,0.3883301,8.169055e-16,1.0,1.6636909e-15,1.8671878e-07,2.0250565e-15,3.6986594e-16,3.729491e-16,6.6062086e-08,0.9550103,0.45363694,0.5555951,0.3048163,0.38192904,0.6271485,0.3797389,0.31991485,0.33329886,0.3329658,0.4504504,0.32056236,0.5683724
"np.mean(array_x+array_x*np.sqrt(abs(4.1266249862292455))*np.round(np.cos(2*np.pi*4.2290028549594085)), axis=1)+10*(np.sin(2*np.pi*np.mean(array_x+array_x*np.sqrt(abs(4.390327633012518))*np.round(np.cos(2*np.pi*8.948629465778254)), axis=1)))",0.11332005,0.88182586,0.8823619,0.31252936,0.99999976,0.31439823,0.3894599,0.35691157,0.2621597,0.0,0.5777119,0.99999225,0.45363694,0.5555951,0.3048163,0.38192904,0.6271485,0.3797389,0.31991485,0.33329886,0.3329658,0.4504504,0.32056236,0.5683724
"np.mean(array_x+array_x+6.844060096674313*np.sqrt(abs(5.910396318269889)), axis=1)+np.sin(2*np.pi*np.mean(array_x+array_x+5.834121054035309*np.sqrt(abs(4.489903003290733)), axis=1))",1.1849085e-07,1.0,0.9285714,0.14285748,1.0,0.0010822929,0.42857143,0.16666675,0.18333398,0.07142804,0.6666667,1.0,0.45363694,0.5555951,0.3048163,0.38192904,0.6271485,0.3797389,0.31991485,0.33329886,0.3329658,0.4504504,0.32056236,0.5683724
"np.mean(array_x+np.log(abs(7.996645941022647)), axis=1)+10*(np.sin(2*np.pi*np.mean(array_x+np.log(abs(3.1237258413224867)), axis=1)))",0.032969523,0.7499786,0.99996275,0.75006175,0.99999243,0.4999906,0.7542449,0.9999811,0.9999817,0.5000248,0.999978,0.99996275,0.45363694,0.5555951,0.3048163,0.38192904,0.6271485,0.3797389,0.31991485,0.33329886,0.3329658,0.4504504,0.32056236,0.5683724
"np.mean(array_x+np.sin(2*np.pi*3.9512288200341215-np.sin(2*np.pi*array_x)*np.cos(2*np.pi*np.sin(2*np.pi*5.235717545385318))), axis=1)",0.02661491,0.9903411,0.75917333,0.0065717204,0.8695159,0.01247102,0.0408627,0.020716967,0.0055529512,0.0468931,0.003569829,0.95018977,0.45363694,0.5555951,0.3048163,0.38192904,0.6271485,0.3797389,0.31991485,0.33329886,0.3329658,0.4504504,0.32056236,0.5683724
"np.mean(array_x+np.sqrt(abs(6.601974312243558))/6.366097162645519, axis=1)+np.sin(2*np.pi*np.mean(array_x+np.sqrt(abs(7.737313571215227))/6.84085372453648, axis=1))",2.387942e-08,0.9999998,0.9999996,0.5000001,0.9999999,0.5832579,0.9999994,0.7499249,0.6666657,1.0722364e-06,0.9999999,0.9999997,0.45363694,0.5555951,0.3048163,0.38192904,0.6271485,0.3797389,0.31991485,0.33329886,0.3329658,0.4504504,0.32056236,0.5683724
"np.mean(array_x+np.sqrt(abs(array_x)), axis=1)",0.0,0.89064145,0.3108641,7.26516e-16,0.9862246,7.1970526e-16,1.2059964e-07,4.954664e-16,0.0,0.0,4.442916e-09,0.91125244,0.45363694,0.5555951,0.3048163,0.38192904,0.6271485,0.3797389,0.31991485,0.33329886,0.3329658,0.4504504,0.32056236,0.5683724
"np.mean(array_x+np.square(6.01084134706696), axis=1)+10*(np.sin(2*np.pi*np.mean(array_x+np.square(7.222053225324686), axis=1)))",0.42916712,0.49998996,0.9995446,0.716197,0.9998366,0.8333124,0.58332103,0.5833183,0.9999783,0.5003211,0.9996991,0.9998366,0.45363694,0.5555951,0.3048163,0.38192904,0.6271485,0.3797389,0.31991485,0.33329886,0.3329658,0.4504504,0.32056236,0.5683724
"np.mean(array_x+np.square(8.053324730160906)/np.square(np.square(array_x+abs(9.52750567819698)))*array_x/3.957391280546442, axis=1)+np.sin(2*np.pi*np.mean(array_x+np.square(8.035166411398603)/np.square(np.square(array_x+abs(6.834242891197844)))*array_x/3.885979418600594, axis=1))",0.0011640356,0.98864776,0.88017815,0.021668183,0.9704327,0.020492071,0.1179169,0.03275077,0.03196018,0.00091464346,0.080083676,0.9666881,0.45363694,0.5555951,0.3048163,0.38192904,0.6271485,0.3797389,0.31991485,0.33329886,0.3329658,0.4504504,0.32056236,0.5683724
"np.mean(array_x, axis=1)-np.log(abs(np.prod(3.448130332888482*array_x, axis=1)))",0.0,0.93962216,0.04376976,1.7023318e-15,0.5357841,9.272851e-16,2.2345784e-08,0.0,2.1658912e-15,0.0,9.860941e-09,0.9979171,0.45363694,0.5555951,0.3048163,0.38192904,0.6271485,0.3797389,0.31991485,0.33329886,0.3329658,0.4504504,0.32056236,0.5683724
"np.mean(array_x, axis=1)-np.sqrt(abs(4.793903101744281))-3.4450228289781366+np.sin(2*np.pi*np.mean(array_x, axis=1)-np.sqrt(abs(6.767528771481802))-4.000212541961652)",0.16666822,0.99999917,0.99999917,0.5000496,0.99999917,0.5000004,0.9999995,0.99999917,0.50000095,0.0,0.9999998,0.99999917,0.45363694,0.5555951,0.3048163,0.38192904,0.6271485,0.3797389,0.31991485,0.33329886,0.3329658,0.4504504,0.32056236,0.5683724
"np.mean(array_x-1.701854313118269-np.round(np.square(np.cos(2*np.pi*array_x*array_x)))*np.sqrt(abs(1.5726414284476167/3.9221290193680973-array_x)), axis=1)",9.494178e-16,1.0,0.70581454,0.00015352639,0.8796944,0.010150018,0.35906658,9.949111e-08,8.25692e-06,2.1523336e-16,0.43174678,0.8339132,0.45363694,0.5555951,0.3048163,0.38192904,0.6271485,0.3797389,0.31991485,0.33329886,0.3329658,0.4504504,0.32056236,0.5683724
"np.mean(array_x-1.97799534945523/array_x-abs(8.434812323504863), axis=1)+np.sin(2*np.pi*np.mean(array_x-7.883524545929315/array_x-abs(4.338520879863575), axis=1))",1.0,0.9963102,0.52666193,1.0,0.999332,1.0,0.9999998,1.0,1.0,1.0,0.9999998,0.994306,0.45363694,0.5555951,0.3048163,0.38192904,0.6271485,0.3797389,0.31991485,0.33329886,0.3329658,0.4504504,0.32056236,0.5683724
"np.mean(array_x-2.176647066119663/6.716967315522241, axis=1)+np.sin(2*np.pi*np.mean(array_x-8.302771548659468/7.418229082011335, axis=1))",8.636613e-07,0.9999995,0.9999995,0.83333135,0.9999995,0.49999866,0.99999994,0.6666661,0.99999744,0.0,0.9999995,0.9999995,0.45363694,0.5555951,0.3048163,0.38192904,0.6271485,0.3797389,0.31991485,0.33329886,0.3329658,0.4504504,0.32056236,0.5683724
"np.mean(array_x-2.3277064170292947*array_x*1.0912945806621381, axis=1)+np.sin(2*np.pi*np.mean(array_x-5.568337887035332*array_x*6.7049920027284475, axis=1))",1.4308149e-06,0.9604759,0.81942147,4.3512046e-05,0.9070731,0.0056892578,0.028776422,3.2784505e-06,0.0103223035,1.8353987e-06,0.05238522,1.0,0.45363694,0.5555951,0.3048163,0.38192904,0.6271485,0.3797389,0.31991485,0.33329886,0.3329658,0.4504504,0.32056236,0.5683724
"np.mean(array_x-2.7120374485603573*array_x/7.34991337557848*np.square(array_x*array_x), axis=1)",2.3320777e-14,0.97954446,0.66392756,1.3359985e-10,0.86928004,1.3726788e-08,0.45568764,0.15052168,0.06786256,0.0,0.59798485,0.8828632,0.45363694,0.5555951,0.3048163,0.38192904,0.6271485,0.3797389,0.31991485,0.33329886,0.3329658,0.4504504,0.32056236,0.5683724
"np.mean(array_x-3.065426935348804+np.log(abs(4.283884589258292)), axis=1)-6.241798678362253-array_x[:,0]/2.2192249101698103+np.sin(2*np.pi*np.mean(array_x-5.435670184241058+np.log(abs(6.274172819203846)), axis=1)-1.9677084031301184-array_x[:,0]/3.3946140101941418)",0.16661792,0.9328689,0.86589766,0.66662735,0.8780564,0.5833837,0.6993244,0.8659186,0.99985707,0.0,0.999958,0.9999513,0.45363694,0.5555951,0.3048163,0.38192904,0.6271485,0.3797389,0.31991485,0.33329886,0.3329658,0.4504504,0.32056236,0.5683724
"np.mean(array_x-3.272455328266376/array_x/1.059648339453153*np.exp(np.sqrt(abs(np.sin(2*np.pi*array_x*8.536709125945169)))), axis=1)",1.0,0.95645076,0.0,0.99999994,0.9999507,1.0,0.9999977,0.99999994,0.99999994,1.0,0.99999917,0.99661994,0.45363694,0.5555951,0.3048163,0.38192904,0.6271485,0.3797389,0.31991485,0.33329886,0.3329658,0.4504504,0.32056236,0.5683724
"np.mean(array_x-4.748642930144653/-(10*(5.735092428972199))/np.exp(1.2941408619206682), axis=1)+np.sin(2*np.pi*np.mean(array_x-5.634668188937476/-(10*(5.160354773304659))/np.exp(4.091257556239775), axis=1))",2.8951774e-06,0.99999803,0.99999803,0.41666782,0.99999803,0.58333176,0.99999756,0.99999803,0.4999996,7.974262e-09,0.99999726,0.99999803,0.45363694,0.5555951,0.3048163,0.38192904,0.6271485,0.3797389,0.31991485,0.33329886,0.3329658,0.4504504,0.32056236,0.5683724
"np.mean(array_x-4.960211359726495, axis=1)+np.sin(2*np.pi*np.mean(array_x-5.422284304360263, axis=1))",0.12500288,0.99999964,0.9999995,0.5833301,0.99999964,0.50000036,0.9999989,0.9999975,0.9999991,0.16666657,0.99999726,0.99999964,0.45363694,0.5555951,0.3048163,0.38192904,0.6271485,0.3797389,0.31991485,0.33329886,0.3329658,0.4504504,0.32056236,0.5683724
"np.mean(array_x-5.00186130138152+np.log(abs(np.square(array_x-5.976948289556609))), axis=1)",0.2833174,0.89533013,0.38316664,1.6160061e-15,0.9993613,1.676478e-15,1.748144e-07,5.393149e-16,0.0,0.0,7.497223e-09,0.9576258,0.45363694,0.5555951,0.3048163,0.38192904,0.6271485,0.3797389,0.31991485,0.33329886,0.3329658,0.4504504,0.32056236,0.5683724
"np.mean(array_x-5.591425960472224/7.681105978026698-np.sqrt(abs(array_x))/8.192692910576913, axis=1)",0.0,0.9389687,0.22479092,6.599189e-16,1.0,0.0,3.0459855e-08,0.0,0.0,0.0,4.52373e-08,0.9278076,0.45363694,0.5555951,0.3048163,0.38192904,0.6271485,0.3797389,0.31991485,0.33329886,0.3329658,0.4504504,0.32056236,0.5683724
"np.mean(array_x-7.333236039033779/9.96163459343902+array_x*(np.array(range(1, array_x.shape[1]+1))), axis=1)",0.0,0.89629334,0.37167537,0.0,0.9102076,3.365935e-16,3.7774292e-08,0.0,0.0,0.0,4.937757e-07,0.98599523,0.45363694,0.5555951,0.3048163,0.38192904,0.6271485,0.3797389,0.31991485,0.33329886,0.3329658,0.4504504,0.32056236,0.5683724
"np.mean(array_x-7.556079411955466-7.633526951366272/3.1951496097204446+np.sin(2*np.pi*array_x)*8.50759666575439*array_x-4.974157608708764+abs(array_x-np.sqrt(abs(5.572551882125875))), axis=1)",0.6365999,0.54916745,0.42044428,0.6182341,0.59692436,0.6006782,0.11416449,0.36115485,0.06501276,0.74822766,0.39167517,0.83583933,0.45363694,0.5555951,0.3048163,0.38192904,0.6271485,0.3797389,0.31991485,0.33329886,0.3329658,0.4504504,0.32056236,0.5683724
"np.mean(array_x-9.706865363290328-1/(np.sin(2*np.pi*4.22676339768111-array_x)), axis=1)+np.sin(2*np.pi*np.mean(array_x-5.848694905571911-1/(np.sin(2*np.pi*6.729710482880755-array_x)), axis=1))",1.0,0.9990722,0.0,0.99999994,0.999992,1.0,0.9999995,0.99999994,1.0,1.0,0.9999991,0.9987088,0.45363694,0.5555951,0.3048163,0.38192904,0.6271485,0.3797389,0.31991485,0.33329886,0.3329658,0.4504504,0.32056236,0.5683724
"np.mean(array_x-array_x, axis=1)-np.exp(7.477635647492603)+array_x[:,0]-np.sqrt(abs(10*(np.mean(array_x, axis=1))/8.781030994376174))+np.sin(2*np.pi*np.mean(array_x-array_x, axis=1)-np.exp(7.820176761913951)+array_x[:,0]-np.sqrt(abs(10*(np.mean(array_x, axis=1))/4.00077305148578)))",0.119244576,0.0,0.0,0.036750663,0.0,0.011946286,0.5278662,0.0024534944,0.0015690107,0.026287833,0.15881278,0.0,0.45363694,0.5555951,0.3048163,0.38192904,0.6271485,0.3797389,0.31991485,0.33329886,0.3329658,0.4504504,0.32056236,0.5683724
"np.mean(array_x-array_x-(np.array(range(1, array_x.shape[1]+1)))/1.783528107569348*np.square(8.956244305098664-np.sin(2*np.pi*array_x)), axis=1)",0.9493119,0.059209954,0.0,0.6663298,0.09116085,0.5326125,0.16732441,0.204131,0.2266272,0.8989443,0.13267693,0.047924273,0.45363694,0.5555951,0.3048163,0.38192904,0.6271485,0.3797389,0.31991485,0.33329886,0.3329658,0.4504504,0.32056236,0.5683724
"np.mean(array_x-array_x-5.292580280400849, axis=1)-abs(-(np.mean(np.log(abs(np.square(1/(4.507593106971208)/array_x+4.669383976746984))), axis=1)))",0.95620453,0.087166496,0.17760868,0.89958924,0.40754572,0.9387802,0.6912654,0.9163625,0.8273386,0.9461185,0.7044391,0.08515685,0.45363694,0.5555951,0.3048163,0.38192904,0.6271485,0.3797389,0.31991485,0.33329886,0.3329658,0.4504504,0.32056236,0.5683724
"np.mean(array_x-array_x-9.493652635322398+7.362134576628424-array_x/np.sin(2*np.pi*np.cos(2*np.pi*5.606113045498311)), axis=1)+np.sin(2*np.pi*np.mean(array_x-array_x-3.7850895708551064+7.522411077802269-array_x/np.sin(2*np.pi*np.cos(2*np.pi*2.277966514879112)), axis=1))",2.0193286e-07,0.9999999,0.9999999,0.6666665,0.99999875,0.4166667,0.9999989,0.4999992,0.5000003,8.0679674e-10,0.70833313,0.9999999,0.45363694,0.5555951,0.3048163,0.38192904,0.6271485,0.3797389,0.31991485,0.33329886,0.3329658,0.4504504,0.32056236,0.5683724
"np.mean(array_x-array_x/1.4835180002400796, axis=1)+np.sin(2*np.pi*np.mean(array_x-array_x/5.632732703573448, axis=1))",0.040531952,0.25041842,0.4999956,0.5234168,0.25249532,0.1311601,0.044023726,0.53053546,0.99999183,0.9999949,0.00845878,7.767e-07,0.45363694,0.5555951,0.3048163,0.38192904,0.6271485,0.3797389,0.31991485,0.33329886,0.3329658,0.4504504,0.32056236,0.5683724
"np.mean(array_x-array_x/6.992026221039124/np.exp(array_x), axis=1)",0.4386541,0.21649458,0.0039351983,0.08056756,0.7515467,0.058253054,0.0,0.015594791,0.012786991,0.29866415,0.00054241484,0.77012396,0.45363694,0.5555951,0.3048163,0.38192904,0.6271485,0.3797389,0.31991485,0.33329886,0.3329658,0.4504504,0.32056236,0.5683724
"np.mean(array_x-np.cumsum(array_x-6.323223099563378, axis=1), axis=1)+np.sin(2*np.pi*np.mean(array_x-np.cumsum(array_x-9.159398994937437, axis=1), axis=1))",5.933717e-13,0.9203834,0.5846977,0.071989805,0.7611494,0.05352389,0.16319609,0.07198971,0.07198972,0.0012360142,0.071989946,1.0,0.45363694,0.5555951,0.3048163,0.38192904,0.6271485,0.3797389,0.31991485,0.33329886,0.3329658,0.4504504,0.32056236,0.5683724
"np.mean(array_x-np.exp(abs(array_x)), axis=1)+10*(np.sin(2*np.pi*np.mean(array_x-np.exp(abs(array_x)), axis=1)))",0.010282474,0.93163663,0.51810366,0.011212313,0.857142,0.016184615,0.042909898,0.010870834,0.0053763324,0.011829088,0.053737994,1.0,0.45363694,0.5555951,0.3048163,0.38192904,0.6271485,0.3797389,0.31991485,0.33329886,0.3329658,0.4504504,0.32056236,0.5683724
"np.mean(array_x-np.log(abs(5.397631577666056))-1.3843846043994579-array_x+np.square(2.0799828777058664)+array_x+9.958656954759713-np.sin(2*np.pi*array_x), axis=1)",0.058680855,0.90066576,0.7283504,0.0078197615,0.8702075,0.028279364,0.030379314,0.03746055,0.021200212,0.072055615,0.051545255,1.0,0.45363694,0.5555951,0.3048163,0.38192904,0.6271485,0.3797389,0.31991485,0.33329886,0.3329658,0.4504504,0.32056236,0.5683724
"np.mean(array_x-np.sin(2*np.pi*1.140266250612914)/array_x/np.cos(2*np.pi*np.sqrt(abs(5.913262822873293)))/(np.array(range(1, array_x.shape[1]+1))), axis=1)",1.0,0.6871291,0.7552617,1.0,0.9995261,1.0,0.9999979,1.0,1.0,1.0,0.9999995,0.34792045,0.45363694,0.5555951,0.3048163,0.38192904,0.6271485,0.3797389,0.31991485,0.33329886,0.3329658,0.4504504,0.32056236,0.5683724
"np.mean(array_x-np.sqrt(abs(1.341436337900674)), axis=1)+10*(np.sin(2*np.pi*np.mean(array_x-np.sqrt(abs(2.1985269052895413)), axis=1)))",0.2930794,0.99998504,0.99990505,0.9998476,0.99998987,0.74990445,0.99985814,0.99995345,0.9999055,5.1946945e-06,0.99995404,0.9999531,0.45363694,0.5555951,0.3048163,0.38192904,0.6271485,0.3797389,0.31991485,0.33329886,0.3329658,0.4504504,0.32056236,0.5683724
"np.mean(array_x-np.sqrt(abs(2.0449377904636723))-9.412065479244108/abs(array_x)*5.695985548613803, axis=1)",1.0,0.0,0.99973774,1.0,0.9999932,1.0,1.0,1.0,1.0,1.0,1.0,0.9227723,0.45363694,0.5555951,0.3048163,0.38192904,0.6271485,0.3797389,0.31991485,0.33329886,0.3329658,0.4504504,0.32056236,0.5683724
"np.mean(array_x-np.sqrt(abs(7.2545647867130425/array_x))-np.sqrt(abs(1.6068831992143684))*4.516837665806845-array_x*(np.array(range(1, array_x.shape[1]+1)))-3.0940935035521213, axis=1)",0.9999998,0.1310757,0.99289703,0.9999996,0.9972866,0.9999993,0.9999853,0.99999887,0.99999887,1.0,0.999983,0.0,0.45363694,0.5555951,0.3048163,0.38192904,0.6271485,0.3797389,0.31991485,0.33329886,0.3329658,0.4504504,0.32056236,0.5683724
"np.mean(array_x-np.sqrt(abs(8.958712950845985))/array_x+array_x/np.sin(2*np.pi*np.square(7.510365576103396-array_x)), axis=1)",0.9999998,0.9829464,0.981835,0.9997096,0.99643797,0.99913615,0.999461,0.9998534,0.99999964,0.999945,0.9980433,0.9673747,0.45363694,0.5555951,0.3048163,0.38192904,0.6271485,0.3797389,0.31991485,0.33329886,0.3329658,0.4504504,0.32056236,0.5683724
"np.mean(array_x-np.sqrt(abs(array_x/np.round(9.635544180646926)))*np.cos(2*np.pi*array_x), axis=1)",1.4661514e-16,0.99355364,0.66336143,6.2367375e-16,0.89891475,8.705512e-16,0.033367556,1.2362309e-15,7.380255e-16,0.0,0.0011490323,0.93668777,0.45363694,0.5555951,0.3048163,0.38192904,0.6271485,0.3797389,0.31991485,0.33329886,0.3329658,0.4504504,0.32056236,0.5683724
"np.mean(array_x-np.square(array_x)-2.0802932648262913, axis=1)",0.044179212,0.9916262,0.14456537,0.08587042,0.8190324,0.07722758,4.848557e-06,0.044179212,0.0903662,2.5596307e-15,0.107942045,1.0,0.45363694,0.5555951,0.3048163,0.38192904,0.6271485,0.3797389,0.31991485,0.33329886,0.3329658,0.4504504,0.32056236,0.5683724
"np.mean(array_x/1.836080159376321/np.exp(array_x*4.093645603990263)+2.572324349720038-array_x, axis=1)",0.2390934,0.9939857,0.72310925,0.33338335,0.9124625,0.33363053,0.50008345,0.24333128,0.2678424,0.16678451,0.5358616,1.0,0.45363694,0.5555951,0.3048163,0.38192904,0.6271485,0.3797389,0.31991485,0.33329886,0.3329658,0.4504504,0.32056236,0.5683724
"np.mean(array_x/2.0701983812713074, axis=1)+10*(np.sin(2*np.pi*np.mean(array_x/3.3699092377471183, axis=1)))",0.6584251,1.2785627e-07,2.8846374e-09,0.16488114,4.416033e-07,0.2640728,0.121543996,0.16892856,0.012957459,0.092513785,0.04899658,1.6380834e-06,0.45363694,0.5555951,0.3048163,0.38192904,0.6271485,0.3797389,0.31991485,0.33329886,0.3329658,0.4504504,0.32056236,0.5683724
"np.mean(array_x/2.1564509763149102-np.sin(2*np.pi*np.cos(2*np.pi*array_x))/np.log(abs(4.806588081618915)), axis=1)",0.04558749,0.9342594,0.7090378,0.06913431,1.0,0.1017396,0.4256122,0.030266594,0.18147342,0.04223647,0.33271763,0.9247628,0.45363694,0.5555951,0.3048163,0.38192904,0.6271485,0.3797389,0.31991485,0.33329886,0.3329658,0.4504504,0.32056236,0.5683724
"np.mean(array_x/4.470420127855068+array_x+9.660466475934117+abs(np.sqrt(abs(1.515739916563232))/array_x-array_x), axis=1)",4.8332602e-11,0.40079468,0.62274766,0.045172963,1.0,0.014144015,0.030913211,0.020268014,0.026668023,1.0369798e-13,0.37745976,0.64175236,0.45363694,0.5555951,0.3048163,0.38192904,0.6271485,0.3797389,0.31991485,0.33329886,0.3329658,0.4504504,0.32056236,0.5683724
"np.mean(array_x/7.974994121492397+5.142111905841886/8.506473195265842+array_x-array_x-1.814155909508984/np.sqrt(abs(3.7466890656978937)), axis=1)+np.sin(2*np.pi*np.mean(array_x/6.583173583885646+1.3858456793607055/2.322490206294815+array_x-array_x-3.9538374894619364/np.sqrt(abs(7.0702003897449215)), axis=1))",0.25829372,1.13955325e-08,3.1550567e-08,0.06498584,1.5793943e-07,0.2725667,0.03554145,0.25444183,0.022070281,0.7022264,0.0043520764,6.988038e-09,0.45363694,0.5555951,0.3048163,0.38192904,0.6271485,0.3797389,0.31991485,0.33329886,0.3329658,0.4504504,0.32056236,0.5683724
"np.mean(array_x/9.135958578892755, axis=1)+np.sin(2*np.pi*np.mean(array_x/2.5205715468688985, axis=1))",0.17042093,4.4981794e-06,0.0,0.25909084,1.0552115e-05,0.3579809,0.1331205,0.050405767,0.060170136,0.10716418,0.036715645,8.7154643e-07,0.45363694,0.5555951,0.3048163,0.38192904,0.6271485,0.3797389,0.31991485,0.33329886,0.3329658,0.4504504,0.32056236,0.5683724
"np.mean(array_x/9.6264540894007*np.sqrt(abs(abs(6.033663989318278-(np.array(range(1, array_x.shape[1]+1))))-2.32945659721462)), axis=1)+10*(np.sin(2*np.pi*np.mean(array_x/8.631517982722757*np.sqrt(abs(abs(2.6448741789498738-(np.array(range(1, array_x.shape[1]+1))))-4.141699640966223)), axis=1)))",0.023871044,0.8635561,0.7789116,0.04224452,0.9452057,0.06127163,0.09230939,0.0054074186,0.023199778,0.04321743,0.08528303,0.9251252,0.45363694,0.5555951,0.3048163,0.38192904,0.6271485,0.3797389,0.31991485,0.33329886,0.3329658,0.4504504,0.32056236,0.5683724
"np.mean(array_x/array_x/np.sqrt(abs(3.9359026653440488+array_x))+2.6487848204578013-array_x*2.5648163771692554, axis=1)",0.0,0.95754886,0.36906222,3.6162894e-16,0.72093034,0.0,1.4259344e-08,1.5882025e-16,4.238699e-16,2.0280867e-16,2.2227837e-09,0.979002,0.45363694,0.5555951,0.3048163,0.38192904,0.6271485,0.3797389,0.31991485,0.33329886,0.3329658,0.4504504,0.32056236,0.5683724
"np.mean(array_x/np.exp(8.83632213630898-array_x), axis=1)",0.70555854,0.43822178,0.052498575,0.06858489,0.7787145,0.08934326,0.0022844977,0.01725589,0.022723926,0.8627724,0.000220273,0.7837202,0.45363694,0.5555951,0.3048163,0.38192904,0.6271485,0.3797389,0.31991485,0.33329886,0.3329658,0.4504504,0.32056236,0.5683724
"np.mean(array_x/np.log(abs(array_x)), axis=1)",1.0,0.96704996,0.0,1.0,0.99997574,1.0,0.99999976,1.0,1.0,1.0,0.99999964,0.9904826,0.45363694,0.5555951,0.3048163,0.38192904,0.6271485,0.3797389,0.31991485,0.33329886,0.3329658,0.4504504,0.32056236,0.5683724
"np.mean(np.cos(2*np.pi*(np.array(range(1, array_x.shape[1]+1)))*(np.array(range(1, array_x.shape[1]+1)))+4.678133804262711/np.cos(2*np.pi*array_x)+np.exp(np.round(np.exp(1.2457166611422759)))), axis=1)",0.5678645,0.1840028,0.0,0.6529466,0.1994043,0.4887453,0.3796236,0.36142927,0.60498625,0.6104846,0.44861096,0.27205235,0.45363694,0.5555951,0.3048163,0.38192904,0.6271485,0.3797389,0.31991485,0.33329886,0.3329658,0.4504504,0.32056236,0.5683724
"np.mean(np.cos(2*np.pi*(np.array(range(1, array_x.shape[1]+1)))*array_x+array_x*7.7463397666167175), axis=1)+10*(np.sin(2*np.pi*np.mean(np.cos(2*np.pi*(np.array(range(1, array_x.shape[1]+1)))*array_x+array_x*6.589964119432279), axis=1)))",0.7482633,0.54649454,0.040060584,0.7904499,0.5823994,0.72272235,0.5976383,0.5696709,0.7822647,0.7239788,0.62934685,0.53207994,0.45363694,0.5555951,0.3048163,0.38192904,0.6271485,0.3797389,0.31991485,0.33329886,0.3329658,0.4504504,0.32056236,0.5683724
"np.mean(np.cos(2*np.pi*(np.array(range(1, array_x.shape[1]+1)))/6.468005628354722)/4.291448192943016-1.415221974179957*array_x*array_x, axis=1)+10*(np.sin(2*np.pi*np.mean(np.cos(2*np.pi*(np.array(range(1, array_x.shape[1]+1)))/6.278897570367091)/7.26577375242313-4.142647706111331*array_x*array_x, axis=1)))",0.0,0.98162043,0.8905454,0.02578588,0.9506566,0.03411197,0.22721636,0.017541502,0.017340146,2.4445035e-06,0.15308605,1.0,0.45363694,0.5555951,0.3048163,0.38192904,0.6271485,0.3797389,0.31991485,0.33329886,0.3329658,0.4504504,0.32056236,0.5683724
"np.mean(np.cos(2*np.pi*-(array_x)), axis=1)+np.sin(2*np.pi*np.mean(np.cos(2*np.pi*-(array_x)), axis=1))",0.16948794,0.0015935906,0.0,0.11863425,0.005421206,0.021161707,0.09550448,0.039794434,0.019618468,0.15122323,0.093937084,0.0015926175,0.45363694,0.5555951,0.3048163,0.38192904,0.6271485,0.3797389,0.31991485,0.33329886,0.3329658,0.4504504,0.32056236,0.5683724
"np.mean(np.cos(2*np.pi*-(array_x*array_x)-8.530262481390157), axis=1)",0.72955686,0.09771453,0.007939276,0.5900405,0.38557944,0.6861201,0.43093503,0.48968172,0.46195757,0.8436672,0.3836577,0.055420246,0.45363694,0.5555951,0.3048163,0.38192904,0.6271485,0.3797389,0.31991485,0.33329886,0.3329658,0.4504504,0.32056236,0.5683724
"np.mean(np.cos(2*np.pi*-(np.sin(2*np.pi*-(8.64831764348274))-array_x/(np.array(range(1, array_x.shape[1]+1)))*np.log(abs(array_x))+8.754265083013+4.309697714521421)), axis=1)",0.68017,0.7353911,0.2843365,0.24971822,0.744253,0.35413042,0.027241476,0.14697169,0.048363246,0.73624694,0.06605304,0.41908357,0.45363694,0.5555951,0.3048163,0.38192904,0.6271485,0.3797389,0.31991485,0.33329886,0.3329658,0.4504504,0.32056236,0.5683724
"np.mean(np.cos(2*np.pi*-(np.sqrt(abs(5.8856837865212865/(np.array(range(1, array_x.shape[1]+1)))*array_x)))), axis=1)",1.0,0.034015227,0.0,0.3634718,0.06711044,0.36814615,0.023094993,0.09681247,0.10097072,0.9046188,0.08887821,0.07056619,0.45363694,0.5555951,0.3048163,0.38192904,0.6271485,0.3797389,0.31991485,0.33329886,0.3329658,0.4504504,0.32056236,0.5683724
"np.mean(np.cos(2*np.pi*1.767954077719479-np.sqrt(abs(array_x))), axis=1)",0.95630133,0.41348928,0.013189577,0.17784452,0.42021573,0.17026748,0.0054904707,0.018479178,0.013302958,0.8591504,0.00028631126,0.24562573,0.45363694,0.5555951,0.3048163,0.38192904,0.6271485,0.3797389,0.31991485,0.33329886,0.3329658,0.4504504,0.32056236,0.5683724
"np.mean(np.cos(2*np.pi*1/(1.8128024375491685))+5.839854424536533/np.sqrt(abs(array_x+(np.array(range(1, array_x.shape[1]+1))))), axis=1)",0.0,0.9582917,0.25955108,0.0,0.73585117,0.0,2.7100867e-08,7.6042425e-16,0.0,0.0,1.4720861e-08,0.9042001,0.45363694,0.5555951,0.3048163,0.38192904,0.6271485,0.3797389,0.31991485,0.33329886,0.3329658,0.4504504,0.32056236,0.5683724
"np.mean(np.cos(2*np.pi*1/(9.589992347916667-np.sin(2*np.pi*array_x)+array_x+np.round(8.917222167059029))), axis=1)",0.06984822,0.98848325,0.8814873,0.02644771,0.93760306,0.018617691,0.116565205,0.06299412,0.043197315,0.12196976,0.12946014,0.9712646,0.45363694,0.5555951,0.3048163,0.38192904,0.6271485,0.3797389,0.31991485,0.33329886,0.3329658,0.4504504,0.32056236,0.5683724
"np.mean(np.cos(2*np.pi*1/(array_x)-1.260063398125524-array_x*9.976379748608828), axis=1)",0.70810384,0.23207043,0.0,0.6578262,0.33285314,0.7672144,0.71426105,0.6067222,0.47384188,0.53969675,0.52111274,0.14706247,0.45363694,0.5555951,0.3048163,0.38192904,0.6271485,0.3797389,0.31991485,0.33329886,0.3329658,0.4504504,0.32056236,0.5683724
"np.mean(np.cos(2*np.pi*1/(array_x-np.cos(2*np.pi*9.903964570454503)+array_x+1.5703752691420123)/10*(1.2387651548059795+np.sqrt(abs(array_x)))), axis=1)",0.88838655,0.46562728,0.40045974,0.6229047,0.91584617,0.5173031,0.011555363,0.40130037,0.44439262,0.96963716,0.29525036,0.44967362,0.45363694,0.5555951,0.3048163,0.38192904,0.6271485,0.3797389,0.31991485,0.33329886,0.3329658,0.4504504,0.32056236,0.5683724
"np.mean(np.cos(2*np.pi*1/(np.exp(array_x-7.036565222874282)))*np.sin(2*np.pi*6.003275950265166)+array_x/4.190626094745223, axis=1)",0.0038799203,0.96173286,0.532394,0.006579015,0.9786802,0.0029193938,0.007078161,0.0059214947,0.0068652993,0.0081125675,0.008815514,0.90285873,0.45363694,0.5555951,0.3048163,0.38192904,0.6271485,0.3797389,0.31991485,0.33329886,0.3329658,0.4504504,0.32056236,0.5683724
"np.mean(np.cos(2*np.pi*1/(np.log(abs(1.7291430614628118-np.round(array_x)+2.7096309116060535/np.log(abs(array_x-7.704193304275947+5.992941119291174)))))), axis=1)",0.31926844,0.52434224,0.345485,0.07133807,0.62856436,0.36049974,0.07254098,0.20292829,0.08110488,0.30077398,0.024577431,0.5678083,0.45363694,0.5555951,0.3048163,0.38192904,0.6271485,0.3797389,0.31991485,0.33329886,0.3329658,0.4504504,0.32056236,0.5683724
"np.mean(np.cos(2*np.pi*10*(1/(np.log(abs(5.762983938068679))+array_x*np.cos(2*np.pi*np.log(abs(array_x))))))*4.335650410094587, axis=1)",0.53615737,0.55477107,0.08017122,0.5195063,0.5140656,0.44839007,0.45788392,0.43692955,0.39574736,0.50130767,0.6471821,0.69975656,0.45363694,0.5555951,0.3048163,0.38192904,0.6271485,0.3797389,0.31991485,0.33329886,0.3329658,0.4504504,0.32056236,0.5683724
"np.mean(np.cos(2*np.pi*10*(array_x*np.square(array_x)-8.06572040756993-2.662408175661863)), axis=1)",0.46024016,0.43552417,0.22627747,0.6199843,0.45111814,0.6049598,0.5887424,0.6632832,0.6521923,0.581662,0.27646938,0.5241774,0.45363694,0.5555951,0.3048163,0.38192904,0.6271485,0.3797389,0.31991485,0.33329886,0.3329658,0.4504504,0.32056236,0.5683724
"np.mean(np.cos(2*np.pi*10*(np.sqrt(abs(np.cos(2*np.pi*2.987759456055946-(np.array(range(1, array_x.shape[1]+1)))*array_x)))*8.091446908640972)), axis=1)",0.73786396,0.5820812,0.5213804,0.47160703,0.46691403,0.55277437,0.45308316,0.52676916,0.31827343,0.6464849,0.42736888,0.3610265,0.45363694,0.5555951,0.3048163,0.38192904,0.6271485,0.3797389,0.31991485,0.33329886,0.3329658,0.4504504,0.32056236,0.5683724
"np.mean(np.cos(2*np.pi*2.2575011422670235*array_x-1/(5.1771118757181815)), axis=1)",0.53828114,0.08014593,0.0,0.6912658,0.20250323,0.74240184,0.6134392,0.48362768,0.6179795,0.7705839,0.5134825,0.11478625,0.45363694,0.5555951,0.3048163,0.38192904,0.6271485,0.3797389,0.31991485,0.33329886,0.3329658,0.4504504,0.32056236,0.5683724
"np.mean(np.cos(2*np.pi*2.477851079982664)/array_x+10*(np.cos(2*np.pi*6.078108656022465)), axis=1)+np.sin(2*np.pi*np.mean(np.cos(2*np.pi*1.8133469413126853)/array_x+10*(np.cos(2*np.pi*6.84740948321982)), axis=1))",1.0,0.6755431,0.864699,1.0,0.99992585,1.0,0.99999994,0.99999994,0.9999999,1.0,0.9999976,0.99549,0.45363694,0.5555951,0.3048163,0.38192904,0.6271485,0.3797389,0.31991485,0.33329886,0.3329658,0.4504504,0.32056236,0.5683724
"np.mean(np.cos(2*np.pi*2.518004404043235/array_x+array_x+8.327567489934633), axis=1)",0.5007304,0.05818177,0.1094791,0.5054538,0.38453016,0.72109354,0.22459786,0.45744824,0.34959745,0.7503519,0.32552615,0.30189672,0.45363694,0.5555951,0.3048163,0.38192904,0.6271485,0.3797389,0.31991485,0.33329886,0.3329658,0.4504504,0.32056236,0.5683724
"np.mean(np.cos(2*np.pi*2.551242097640345/abs(6.307070497171804*array_x)-6.9578166458955675), axis=1)",0.7944617,0.057469867,0.22506347,0.5003912,0.47803476,0.43978938,0.16757536,0.24325278,0.28700313,0.96007466,0.28262433,0.19362025,0.45363694,0.5555951,0.3048163,0.38192904,0.6271485,0.3797389,0.31991485,0.33329886,0.3329658,0.4504504,0.32056236,0.5683724
"np.mean(np.cos(2*np.pi*2.9950587897948453-array_x), axis=1)",0.8030839,0.22457114,0.0,0.17881727,0.24211802,0.16049956,0.009835193,0.01813444,0.023071375,0.6999592,0.0049651815,0.6751556,0.45363694,0.5555951,0.3048163,0.38192904,0.6271485,0.3797389,0.31991485,0.33329886,0.3329658,0.4504504,0.32056236,0.5683724
"np.mean(np.cos(2*np.pi*3.2772648606797223)+np.sin(2*np.pi*2.986071795534108-array_x), axis=1)",0.7867672,0.3010616,0.021043424,0.11158837,0.8692718,0.117697574,0.003912778,0.036471505,0.047598407,0.4468915,0.0007897151,0.66645753,0.45363694,0.5555951,0.3048163,0.38192904,0.6271485,0.3797389,0.31991485,0.33329886,0.3329658,0.4504504,0.32056236,0.5683724
"np.mean(np.cos(2*np.pi*3.847716200138919/array_x/np.exp(6.8548692918687015))+(np.array(range(1, array_x.shape[1]+1)))*1.2478014442012313+6.699656091974527*4.34171028987358*np.square(np.square(4.291155378334753))*np.sin(2*np.pi*(np.array(range(1, array_x.shape[1]+1))))/array_x, axis=1)",0.9007344,0.020517321,0.28772908,0.86502004,0.46042818,0.8613545,0.3720387,0.61817425,0.70740247,1.0,0.38791096,0.4514891,0.45363694,0.5555951,0.3048163,0.38192904,0.6271485,0.3797389,0.31991485,0.33329886,0.3329658,0.4504504,0.32056236,0.5683724
"np.mean(np.cos(2*np.pi*3.875327535311068-np.sin(2*np.pi*array_x)), axis=1)",0.867738,0.025878614,0.0,0.59020317,0.08258506,0.6751592,0.082388625,0.28030485,0.30863258,0.8355629,0.08036385,0.015586714,0.45363694,0.5555951,0.3048163,0.38192904,0.6271485,0.3797389,0.31991485,0.33329886,0.3329658,0.4504504,0.32056236,0.5683724
"np.mean(np.cos(2*np.pi*4.0931521593998355)*np.log(abs(9.611582164942371-array_x))*np.log(abs(3.9475150935584593/array_x*array_x-1.6536526798496378)), axis=1)",0.0,0.99973774,0.30997187,1.0230804e-15,0.91460246,5.7881266e-16,1.3381222e-07,0.0,9.156114e-16,0.0,2.0718732e-08,0.8978637,0.45363694,0.5555951,0.3048163,0.38192904,0.6271485,0.3797389,0.31991485,0.33329886,0.3329658,0.4504504,0.32056236,0.5683724
"np.mean(np.cos(2*np.pi*4.330960719584222/array_x), axis=1)",0.6265854,0.08798774,0.11225471,0.70914966,0.3490182,0.6339789,0.38452366,0.57550794,0.494112,0.8649893,0.3246556,0.111799866,0.45363694,0.5555951,0.3048163,0.38192904,0.6271485,0.3797389,0.31991485,0.33329886,0.3329658,0.4504504,0.32056236,0.5683724
"np.mean(np.cos(2*np.pi*4.652176134424724/array_x), axis=1)",0.5978747,0.17166524,0.051875625,0.4925867,0.28327465,0.4717164,0.49968463,0.42995042,0.5187454,0.68854105,0.5162489,0.23744224,0.45363694,0.5555951,0.3048163,0.38192904,0.6271485,0.3797389,0.31991485,0.33329886,0.3329658,0.4504504,0.32056236,0.5683724
"np.mean(np.cos(2*np.pi*4.98452938980817+10*(np.sqrt(abs(5.079634852750822))+np.sin(2*np.pi*(np.array(range(1, array_x.shape[1]+1))))))+9.398420992392282-np.cos(2*np.pi*np.exp(np.square(array_x))), axis=1)+10*(np.sin(2*np.pi*np.mean(np.cos(2*np.pi*6.123201219841075+10*(np.sqrt(abs(2.808330059494212))+np.sin(2*np.pi*(np.array(range(1, array_x.shape[1]+1))))))+6.428903376625772-np.cos(2*np.pi*np.exp(np.square(array_x))), axis=1)))",0.99991435,0.5530103,0.16600938,0.83702815,0.5215263,0.99920434,0.10917844,0.18998484,0.9384277,0.99982315,0.66628337,0.49992827,0.45363694,0.5555951,0.3048163,0.38192904,0.6271485,0.3797389,0.31991485,0.33329886,0.3329658,0.4504504,0.32056236,0.5683724
"np.mean(np.cos(2*np.pi*5.467227356806774)/np.log(abs(1.7327884138985672-array_x*array_x+2.4002571678744156+array_x-8.841184379367188)), axis=1)",0.60024035,0.22156507,0.0038294732,0.15713134,0.13423292,0.150228,0.0005798394,0.027553981,0.02771028,0.85679996,0.0015582435,0.14091824,0.45363694,0.5555951,0.3048163,0.38192904,0.6271485,0.3797389,0.31991485,0.33329886,0.3329658,0.4504504,0.32056236,0.5683724
"np.mean(np.cos(2*np.pi*5.502915612137325-array_x+np.square(5.448241208691361))+array_x-9.99110359842049, axis=1)",0.0,0.69515026,0.3058762,0.0,1.0,1.3099159e-15,3.9416256e-05,2.5579283e-15,2.086423e-15,0.0,3.880877e-05,0.80336154,0.45363694,0.5555951,0.3048163,0.38192904,0.6271485,0.3797389,0.31991485,0.33329886,0.3329658,0.4504504,0.32056236,0.5683724
"np.mean(np.cos(2*np.pi*6.199772684249298+np.exp(np.cos(2*np.pi*array_x))), axis=1)",0.6574346,0.035802178,0.0,0.6421496,0.14257227,0.6359782,0.43652973,0.40700614,0.33710828,0.88141775,0.3599824,0.054640062,0.45363694,0.5555951,0.3048163,0.38192904,0.6271485,0.3797389,0.31991485,0.33329886,0.3329658,0.4504504,0.32056236,0.5683724
"np.mean(np.cos(2*np.pi*6.323328204550066-array_x), axis=1)",0.36501023,0.41120344,0.004644843,0.15016574,0.3515208,0.107980296,0.0024992947,0.032652967,0.019553553,0.5752209,0.01540885,0.78499705,0.45363694,0.5555951,0.3048163,0.38192904,0.6271485,0.3797389,0.31991485,0.33329886,0.3329658,0.4504504,0.32056236,0.5683724
"np.mean(np.cos(2*np.pi*6.4589709448988035-array_x*2.7487243980346947)-8.188987310189454, axis=1)",0.98032415,0.039200127,0.0,0.35285068,0.052596457,0.4623466,0.008131068,0.054857533,0.032233674,0.66993254,0.009149191,0.0179306,0.45363694,0.5555951,0.3048163,0.38192904,0.6271485,0.3797389,0.31991485,0.33329886,0.3329658,0.4504504,0.32056236,0.5683724
"np.mean(np.cos(2*np.pi*6.473398545746223)+np.cos(2*np.pi*np.sqrt(abs(1/(array_x*9.280505442517578)))), axis=1)",0.8617235,0.07639516,0.0051926607,0.43976462,0.44285423,0.56931907,0.07156745,0.1607687,0.299847,0.8796921,0.07935308,0.14007954,0.45363694,0.5555951,0.3048163,0.38192904,0.6271485,0.3797389,0.31991485,0.33329886,0.3329658,0.4504504,0.32056236,0.5683724
"np.mean(np.cos(2*np.pi*6.475215299940245-abs(10*((np.array(range(1, array_x.shape[1]+1)))*array_x))), axis=1)",0.6437654,0.34499192,0.0,0.8418915,0.45704207,0.5825152,0.5833488,0.63477445,0.6409388,0.58250636,0.6211173,0.19401199,0.45363694,0.5555951,0.3048163,0.38192904,0.6271485,0.3797389,0.31991485,0.33329886,0.3329658,0.4504504,0.32056236,0.5683724
"np.mean(np.cos(2*np.pi*6.740025520213638)*np.sqrt(abs(array_x))+9.04788081622919-np.square(array_x-5.3037144050323235)+array_x*7.044430784176691+array_x, axis=1)",5.0353467e-16,0.9470808,0.34218326,1.0937394e-15,0.9365332,8.070671e-16,1.0312142e-07,6.2698903e-16,2.6224196e-16,0.0,2.3052763e-08,0.93695587,0.45363694,0.5555951,0.3048163,0.38192904,0.6271485,0.3797389,0.31991485,0.33329886,0.3329658,0.4504504,0.32056236,0.5683724
"np.mean(np.cos(2*np.pi*6.788465823768532)/np.square(np.square(array_x+6.203442788593826)-5.080490759727777), axis=1)",0.0,0.96868765,0.22498618,2.0331374e-16,0.66702074,2.3579753e-16,4.3489084e-08,0.0,2.8604178e-16,0.0,1.3173083e-08,0.90339583,0.45363694,0.5555951,0.3048163,0.38192904,0.6271485,0.3797389,0.31991485,0.33329886,0.3329658,0.4504504,0.32056236,0.5683724
"np.mean(np.cos(2*np.pi*6.827091271656935)*np.square(4.658604467995584+array_x), axis=1)",0.00234772,0.5381582,0.065452285,0.00024234597,1.0,0.00028788016,7.013985e-05,0.0001838994,0.00014808483,0.0014947761,4.9103357e-05,0.62158316,0.45363694,0.5555951,0.3048163,0.38192904,0.6271485,0.3797389,0.31991485,0.33329886,0.3329658,0.4504504,0.32056236,0.5683724
"np.mean(np.cos(2*np.pi*6.843248699812589*(np.array(range(1, array_x.shape[1]+1)))*array_x+2.966453770671464)+abs((np.array(range(1, array_x.shape[1]+1)))*array_x+9.097167769575915)*1.5507862921445126, axis=1)",0.586689,0.63142335,0.24686728,0.15355055,0.9389317,0.19041839,0.0,0.11477275,0.097963944,0.45153436,0.06860739,0.6228815,0.45363694,0.5555951,0.3048163,0.38192904,0.6271485,0.3797389,0.31991485,0.33329886,0.3329658,0.4504504,0.32056236,0.5683724
"np.mean(np.cos(2*np.pi*6.980490249402694)-np.log(abs(np.cos(2*np.pi*array_x)-4.545633632089933)), axis=1)",0.7797912,0.03856008,0.0,0.5184855,0.08744318,0.68357843,0.14745708,0.26628807,0.18020982,0.8639681,0.2110958,0.01703601,0.45363694,0.5555951,0.3048163,0.38192904,0.6271485,0.3797389,0.31991485,0.33329886,0.3329658,0.4504504,0.32056236,0.5683724
"np.mean(np.cos(2*np.pi*7.388034608883208+10*(array_x)), axis=1)",0.83795327,0.056310475,0.0,0.4887081,0.12804464,0.74056435,0.33805168,0.55773,0.41091853,0.71081436,0.3137402,0.032160312,0.45363694,0.5555951,0.3048163,0.38192904,0.6271485,0.3797389,0.31991485,0.33329886,0.3329658,0.4504504,0.32056236,0.5683724
"np.mean(np.cos(2*np.pi*7.6753414140377645+8.827171005470689*array_x), axis=1)",0.95194197,0.07909656,0.0,0.67140335,0.13316084,0.604692,0.23919235,0.32765463,0.5636554,0.8589078,0.3704402,0.04513243,0.45363694,0.5555951,0.3048163,0.38192904,0.6271485,0.3797389,0.31991485,0.33329886,0.3329658,0.4504504,0.32056236,0.5683724
"np.mean(np.cos(2*np.pi*8.040595918104067-array_x), axis=1)",0.5891311,0.26126915,0.0061506936,0.14457169,0.24435258,0.15380998,0.0024881444,0.009387673,0.015268783,0.6188342,0.007513095,0.39753446,0.45363694,0.5555951,0.3048163,0.38192904,0.6271485,0.3797389,0.31991485,0.33329886,0.3329658,0.4504504,0.32056236,0.5683724
"np.mean(np.cos(2*np.pi*8.36220832329344+np.round(array_x)), axis=1)",0.32035556,0.25644556,0.40717876,0.0,0.95270216,0.0,0.0,0.0,0.0,0.31184047,0.023655452,0.3054167,0.45363694,0.5555951,0.3048163,0.38192904,0.6271485,0.3797389,0.31991485,0.33329886,0.3329658,0.4504504,0.32056236,0.5683724
"np.mean(np.cos(2*np.pi*8.54246579234382)/array_x/np.square(1.8385456043441906-array_x/6.725930660915885), axis=1)+10*(np.sin(2*np.pi*np.mean(np.cos(2*np.pi*4.846231425509708)/array_x/np.square(6.1435014865618935-array_x/3.8085111428811294), axis=1)))",1.0,0.9995843,0.0,0.9999999,0.9999888,0.9999998,0.9999639,0.9999999,0.9999999,1.0,0.9999998,0.99996823,0.45363694,0.5555951,0.3048163,0.38192904,0.6271485,0.3797389,0.31991485,0.33329886,0.3329658,0.4504504,0.32056236,0.5683724
"np.mean(np.cos(2*np.pi*9.238754520662669)+array_x, axis=1)+np.sin(2*np.pi*np.mean(np.cos(2*np.pi*6.7932046042235195)+array_x, axis=1))",0.16668223,0.9999991,0.9999989,0.41666618,0.9999992,0.583331,0.99999917,0.99999917,0.99999905,3.047384e-08,1.0,0.9999991,0.45363694,0.5555951,0.3048163,0.38192904,0.6271485,0.3797389,0.31991485,0.33329886,0.3329658,0.4504504,0.32056236,0.5683724
"np.mean(np.cos(2*np.pi*9.327237136327154*array_x), axis=1)+np.sin(2*np.pi*np.mean(np.cos(2*np.pi*8.535445852589739*array_x), axis=1))",0.8578637,0.42064178,0.0,0.79432195,0.5782199,0.7007727,0.67819494,0.8100627,0.7836328,0.606277,0.63017255,0.46815097,0.45363694,0.5555951,0.3048163,0.38192904,0.6271485,0.3797389,0.31991485,0.33329886,0.3329658,0.4504504,0.32056236,0.5683724
"np.mean(np.cos(2*np.pi*9.978036193992253-array_x/8.543662235354684)/3.4100017636884994+7.325176349663198, axis=1)",0.0,0.9894626,0.44585243,0.21616381,0.8873243,0.2105203,0.20332359,2.0813448e-14,0.20201689,0.21346413,0.17994484,0.9685783,0.45363694,0.5555951,0.3048163,0.38192904,0.6271485,0.3797389,0.31991485,0.33329886,0.3329658,0.4504504,0.32056236,0.5683724
"np.mean(np.cos(2*np.pi*abs(5.150932204934687+array_x)), axis=1)+np.sin(2*np.pi*np.mean(np.cos(2*np.pi*abs(2.6125853423882517+array_x)), axis=1))",0.13194533,0.07806577,0.0,0.21582653,0.14297363,0.11333093,0.122559376,0.10656977,0.15080757,0.19959919,0.1296592,0.07647234,0.45363694,0.5555951,0.3048163,0.38192904,0.6271485,0.3797389,0.31991485,0.33329886,0.3329658,0.4504504,0.32056236,0.5683724
"np.mean(np.cos(2*np.pi*abs(7.451990692161067*array_x+array_x+2.9007728789666194)), axis=1)",0.7807624,0.24960591,0.0,0.6586723,0.59605587,0.64996064,0.5743929,0.61511034,0.792436,0.7191622,0.5679,0.20539245,0.45363694,0.5555951,0.3048163,0.38192904,0.6271485,0.3797389,0.31991485,0.33329886,0.3329658,0.4504504,0.32056236,0.5683724
"np.mean(np.cos(2*np.pi*array_x)*array_x/1.9415446268593648-np.sin(2*np.pi*array_x)+1.0137028906200563+2.483847125175854*array_x-2.379651025660291, axis=1)",0.002301851,0.92625225,0.75564486,0.001255844,0.9024263,0.0011759222,0.039272532,0.0017785341,0.0014621642,0.0025056018,0.017405089,1.0,0.45363694,0.5555951,0.3048163,0.38192904,0.6271485,0.3797389,0.31991485,0.33329886,0.3329658,0.4504504,0.32056236,0.5683724
"np.mean(np.cos(2*np.pi*array_x)*np.square(array_x)*np.cumsum(array_x+2.2279512075290056, axis=1)+array_x*3.693355611636839, axis=1)",0.70784795,0.8647331,0.8403258,0.50884783,0.9119531,0.38799018,0.13261071,0.35386446,0.031662483,0.5346342,0.35083905,0.96826375,0.45363694,0.5555951,0.3048163,0.38192904,0.6271485,0.3797389,0.31991485,0.33329886,0.3329658,0.4504504,0.32056236,0.5683724
"np.mean(np.cos(2*np.pi*array_x)+2.702752510220859*2.580029471832061, axis=1)+np.sin(2*np.pi*np.mean(np.cos(2*np.pi*array_x)+4.397196089312645*8.941095287136358, axis=1))",0.30809364,8.762411e-08,0.0,0.2925196,4.4687454e-07,0.061818767,0.012605732,0.0045360723,0.012711943,0.13413823,0.010749552,5.072041e-07,0.45363694,0.5555951,0.3048163,0.38192904,0.6271485,0.3797389,0.31991485,0.33329886,0.3329658,0.4504504,0.32056236,0.5683724
"np.mean(np.cos(2*np.pi*array_x)+np.sqrt(abs(array_x-(np.array(range(1, array_x.shape[1]+1)))))*(np.array(range(1, array_x.shape[1]+1))), axis=1)",0.07829953,0.9449328,0.68875927,0.053701345,0.85902643,0.05081727,0.020481566,0.068360716,0.051532574,0.090950355,0.021474263,0.8975715,0.45363694,0.5555951,0.3048163,0.38192904,0.6271485,0.3797389,0.31991485,0.33329886,0.3329658,0.4504504,0.32056236,0.5683724
"np.mean(np.cos(2*np.pi*array_x)+np.square(array_x), axis=1)",0.84496087,0.55509305,0.15088156,0.41270688,0.24054857,0.3726324,0.07367346,0.13341346,0.040996622,0.81428814,0.04481512,0.05716325,0.45363694,0.5555951,0.3048163,0.38192904,0.6271485,0.3797389,0.31991485,0.33329886,0.3329658,0.4504504,0.32056236,0.5683724
"np.mean(np.cos(2*np.pi*array_x)-2.8579187363391476+np.sqrt(abs(np.sqrt(abs(8.677398916402616)))), axis=1)+10*(np.sin(2*np.pi*np.mean(np.cos(2*np.pi*array_x)-6.877636451926974+np.sqrt(abs(np.sqrt(abs(9.927170768564078)))), axis=1)))",0.27729917,0.03346132,3.5887115e-05,0.05238203,0.0036535892,0.03550683,0.051393904,0.09278588,0.040654305,0.050372142,0.0262269,0.0018937332,0.45363694,0.5555951,0.3048163,0.38192904,0.6271485,0.3797389,0.31991485,0.33329886,0.3329658,0.4504504,0.32056236,0.5683724
"np.mean(np.cos(2*np.pi*array_x)/4.279565936965472-4.749328100779102, axis=1)+10*(np.sin(2*np.pi*np.mean(np.cos(2*np.pi*array_x)/2.5440832123753765-3.0851899426715454, axis=1)))",0.1255597,7.1574555e-05,0.0,0.09867519,4.158479e-05,0.25608462,0.027738005,0.03152024,0.0112641165,0.08916904,0.09397955,2.2798396e-05,0.45363694,0.5555951,0.3048163,0.38192904,0.6271485,0.3797389,0.31991485,0.33329886,0.3329658,0.4504504,0.32056236,0.5683724
"np.mean(np.cos(2*np.pi*array_x)/array_x, axis=1)",1.0,0.96672434,0.0,0.99999994,0.9982318,0.99999964,0.9999994,0.9999999,0.9999998,0.99999994,0.9999981,0.99981695,0.45363694,0.5555951,0.3048163,0.38192904,0.6271485,0.3797389,0.31991485,0.33329886,0.3329658,0.4504504,0.32056236,0.5683724
"np.mean(np.cos(2*np.pi*array_x*1.4621672396550076+array_x), axis=1)",0.8343357,0.04047902,0.0,0.62268275,0.076953076,0.7758577,0.23882608,0.2702851,0.46799508,0.91843456,0.4068722,0.04420832,0.45363694,0.5555951,0.3048163,0.38192904,0.6271485,0.3797389,0.31991485,0.33329886,0.3329658,0.4504504,0.32056236,0.5683724
"np.mean(np.cos(2*np.pi*array_x*1.6015950050701075)/9.845072630612481, axis=1)+np.sin(2*np.pi*np.mean(np.cos(2*np.pi*array_x*3.9511319151534976)/5.611504398773659, axis=1))",0.81933135,0.012288769,0.032414928,0.3638604,0.2989904,0.70177585,0.5639182,0.43018764,0.4780227,0.54215467,0.49430707,0.068369895,0.45363694,0.5555951,0.3048163,0.38192904,0.6271485,0.3797389,0.31991485,0.33329886,0.3329658,0.4504504,0.32056236,0.5683724
"np.mean(np.cos(2*np.pi*array_x*5.589690327826936), axis=1)",0.6672062,0.08148815,0.0,0.4853912,0.47811866,0.62973285,0.5923924,0.5739063,0.61025107,0.80374223,0.5308696,0.32245815,0.45363694,0.5555951,0.3048163,0.38192904,0.6271485,0.3797389,0.31991485,0.33329886,0.3329658,0.4504504,0.32056236,0.5683724
"np.mean(np.cos(2*np.pi*array_x+7.797762869857059)*array_x-7.762690445732507, axis=1)",0.66943985,0.60515565,0.56343085,0.42009494,0.4356454,0.40978903,0.2419341,0.17793469,0.09034742,0.9320464,0.24892113,0.7715014,0.45363694,0.5555951,0.3048163,0.38192904,0.6271485,0.3797389,0.31991485,0.33329886,0.3329658,0.4504504,0.32056236,0.5683724
"np.mean(np.cos(2*np.pi*array_x+abs(6.89945794472998))/9.449208361716142, axis=1)",1.0,0.02661947,0.0,0.541704,0.121654935,0.6107756,0.15251602,0.12630947,0.33147386,0.79258525,0.11946541,0.017404297,0.45363694,0.5555951,0.3048163,0.38192904,0.6271485,0.3797389,0.31991485,0.33329886,0.3329658,0.4504504,0.32056236,0.5683724
"np.mean(np.cos(2*np.pi*array_x+array_x*1.308695783532308*array_x/np.round(np.sqrt(abs(np.log(abs(5.581381013587698))/array_x)))+np.round(np.cos(2*np.pi*7.455450984111415))), axis=1)",0.9748251,0.32481274,0.34694663,0.7361789,0.18243821,0.6993101,0.38071793,0.43568012,0.45062503,0.90574515,0.41664907,0.28846997,0.45363694,0.5555951,0.3048163,0.38192904,0.6271485,0.3797389,0.31991485,0.33329886,0.3329658,0.4504504,0.32056236,0.5683724
"np.mean(np.cos(2*np.pi*array_x+array_x+4.639480372815657/np.exp(10*(3.1299676156175114)))-9.42645425908616-array_x-array_x/array_x+7.7142482155901995, axis=1)",0.0927166,0.90399766,0.8812135,0.010161192,0.8798199,0.029549683,0.073407315,0.023827132,0.058007527,0.09867713,0.07333478,0.90531343,0.45363694,0.5555951,0.3048163,0.38192904,0.6271485,0.3797389,0.31991485,0.33329886,0.3329658,0.4504504,0.32056236,0.5683724
"np.mean(np.cos(2*np.pi*array_x-3.17067558294756*5.302586520787737)+np.sin(2*np.pi*7.724473666385589)+abs(np.sqrt(abs(array_x))+7.228186283561873), axis=1)",0.8691042,0.40092203,0.4802805,0.59882283,0.39670303,0.51391935,0.10833418,0.3822072,0.37046552,1.0,0.23176189,0.37239859,0.45363694,0.5555951,0.3048163,0.38192904,0.6271485,0.3797389,0.31991485,0.33329886,0.3329658,0.4504504,0.32056236,0.5683724
"np.mean(np.cos(2*np.pi*array_x-4.428616051836773/array_x), axis=1)",0.65953743,0.11636108,0.0,0.5581289,0.13968012,0.72538376,0.3153198,0.4584917,0.44329867,0.73134744,0.23726292,0.038852807,0.45363694,0.5555951,0.3048163,0.38192904,0.6271485,0.3797389,0.31991485,0.33329886,0.3329658,0.4504504,0.32056236,0.5683724
"np.mean(np.cos(2*np.pi*array_x-4.517039965937606/9.736858023285455*5.29190564073598+array_x), axis=1)",0.8850314,0.05397917,0.0,0.6743966,0.06296557,0.62717634,0.15549687,0.21282102,0.42866153,0.8104329,0.17352626,0.047240254,0.45363694,0.5555951,0.3048163,0.38192904,0.6271485,0.3797389,0.31991485,0.33329886,0.3329658,0.4504504,0.32056236,0.5683724
"np.mean(np.cos(2*np.pi*array_x-7.631323871626832/4.051768844666677), axis=1)",0.8388304,0.01383145,0.0,0.5971978,0.06501373,0.84766895,0.09939253,0.120660946,0.22423555,0.79186493,0.12510069,0.033421483,0.45363694,0.5555951,0.3048163,0.38192904,0.6271485,0.3797389,0.31991485,0.33329886,0.3329658,0.4504504,0.32056236,0.5683724
"np.mean(np.cos(2*np.pi*array_x-8.72904082149033), axis=1)",0.72929615,0.055744234,0.0,0.57536733,0.11135274,0.61056805,0.18215293,0.18725158,0.20851856,1.0,0.18896781,0.030222876,0.45363694,0.5555951,0.3048163,0.38192904,0.6271485,0.3797389,0.31991485,0.33329886,0.3329658,0.4504504,0.32056236,0.5683724
"np.mean(np.cos(2*np.pi*array_x-9.106330406112923), axis=1)",0.59850585,0.025949564,0.0,0.53787756,0.10327588,0.5849795,0.099803716,0.23262647,0.18131925,1.0,0.19045535,0.04660492,0.45363694,0.5555951,0.3048163,0.38192904,0.6271485,0.3797389,0.31991485,0.33329886,0.3329658,0.4504504,0.32056236,0.5683724
"np.mean(np.cos(2*np.pi*array_x/4.027617911511911), axis=1)+10*(np.sin(2*np.pi*np.mean(np.cos(2*np.pi*array_x/7.402098826064684), axis=1)))",0.84736025,0.28705326,0.14952208,0.45920828,0.7097673,0.34411085,0.11173219,0.03897059,0.05818279,0.7205745,0.056720626,0.5236814,0.45363694,0.5555951,0.3048163,0.38192904,0.6271485,0.3797389,0.31991485,0.33329886,0.3329658,0.4504504,0.32056236,0.5683724
"np.mean(np.cos(2*np.pi*array_x/array_x+3.434822116856389*9.516735980795108/array_x), axis=1)",0.7434532,0.17557353,0.0,0.8111132,0.23852818,0.39475107,0.4533254,0.36915383,0.2204351,0.8817385,0.23700672,0.19276321,0.45363694,0.5555951,0.3048163,0.38192904,0.6271485,0.3797389,0.31991485,0.33329886,0.3329658,0.4504504,0.32056236,0.5683724
"np.mean(np.cos(2*np.pi*np.cos(2*np.pi*1/(8.792185415955121)+np.sin(2*np.pi*array_x)-4.616466222452577-array_x-array_x)), axis=1)+10*(np.sin(2*np.pi*np.mean(np.cos(2*np.pi*np.cos(2*np.pi*1/(4.373104401171387)+np.sin(2*np.pi*array_x)-2.9468922127517487-array_x-array_x)), axis=1)))",0.56506944,0.22689542,0.03361217,0.59061825,0.44178057,0.5625397,0.43179163,0.49931112,0.44177124,0.556466,0.57609844,0.5997108,0.45363694,0.5555951,0.3048163,0.38192904,0.6271485,0.3797389,0.31991485,0.33329886,0.3329658,0.4504504,0.32056236,0.5683724
"np.mean(np.cos(2*np.pi*np.cos(2*np.pi*4.628744047858073)/array_x), axis=1)",0.6733413,0.082614325,0.012280742,0.5377276,0.35370854,0.40598124,0.08537715,0.1063734,0.1924297,0.7315906,0.08158593,0.16870122,0.45363694,0.5555951,0.3048163,0.38192904,0.6271485,0.3797389,0.31991485,0.33329886,0.3329658,0.4504504,0.32056236,0.5683724
"np.mean(np.cos(2*np.pi*np.cos(2*np.pi*array_x)*8.408646377063963-np.square(1.0315482182208418/(np.array(range(1, array_x.shape[1]+1))))), axis=1)",0.66440105,0.2649519,0.20830916,0.7499667,0.35731664,0.45695823,0.29973745,0.38238376,0.4450727,0.5205745,0.61076254,0.49965078,0.45363694,0.5555951,0.3048163,0.38192904,0.6271485,0.3797389,0.31991485,0.33329886,0.3329658,0.4504504,0.32056236,0.5683724
"np.mean(np.cos(2*np.pi*np.cos(2*np.pi*np.log(abs(8.942224813689155+abs(8.000188222966749/array_x)+np.log(abs(7.8947723193636135)))))), axis=1)+np.sin(2*np.pi*np.mean(np.cos(2*np.pi*np.cos(2*np.pi*np.log(abs(1.057950643921437+abs(8.512973571058977/array_x)+np.log(abs(1.4417535716532814)))))), axis=1))",0.68099844,0.23378792,0.0,0.48022595,0.7156682,0.7533094,0.40979105,0.59294856,0.52709705,0.7290954,0.41725254,0.15971051,0.45363694,0.5555951,0.3048163,0.38192904,0.6271485,0.3797389,0.31991485,0.33329886,0.3329658,0.4504504,0.32056236,0.5683724
"np.mean(np.cos(2*np.pi*np.cumsum(np.square(np.sin(2*np.pi*4.053392665145404)-np.cos(2*np.pi*abs(8.32212049830462)*np.cumsum(array_x, axis=1)*array_x)), axis=1)), axis=1)+np.sin(2*np.pi*np.mean(np.cos(2*np.pi*np.cumsum(np.square(np.sin(2*np.pi*5.408233692649955)-np.cos(2*np.pi*abs(8.22682830171808)*np.cumsum(array_x, axis=1)*array_x)), axis=1)), axis=1))",0.53342533,0.49941257,0.51058424,0.5312371,0.6003876,0.5543563,0.71147263,0.5373605,0.7230985,0.4555565,0.6301786,0.68808395,0.45363694,0.5555951,0.3048163,0.38192904,0.6271485,0.3797389,0.31991485,0.33329886,0.3329658,0.4504504,0.32056236,0.5683724
"np.mean(np.cos(2*np.pi*np.exp(3.231514636646855)-np.log(abs(2.926941500476441*array_x))), axis=1)",0.9686059,0.4120777,0.31744903,0.47519097,0.62205553,0.5459464,0.3284086,0.37986603,0.24911639,0.82567465,0.035545845,0.43469754,0.45363694,0.5555951,0.3048163,0.38192904,0.6271485,0.3797389,0.31991485,0.33329886,0.3329658,0.4504504,0.32056236,0.5683724
"np.mean(np.cos(2*np.pi*np.exp(4.235626780564302-array_x)-1/(array_x*5.357665378602727)), axis=1)",0.8589879,0.5831457,0.16074319,0.40217605,0.587775,0.52035797,0.56471854,0.38661772,0.48932403,0.19325997,0.4345227,0.24907039,0.45363694,0.5555951,0.3048163,0.38192904,0.6271485,0.3797389,0.31991485,0.33329886,0.3329658,0.4504504,0.32056236,0.5683724
"np.mean(np.cos(2*np.pi*np.exp(9.622835435475935+array_x))*array_x/array_x, axis=1)",0.27906153,0.6834661,0.5121054,0.21370983,0.5336944,0.47424957,0.34401196,0.56710947,0.44282955,0.4266777,0.4390569,0.35689783,0.45363694,0.5555951,0.3048163,0.38192904,0.6271485,0.3797389,0.31991485,0.33329886,0.3329658,0.4504504,0.32056236,0.5683724
"np.mean(np.cos(2*np.pi*np.exp(array_x)*2.4954105253997163)/3.670642580969233, axis=1)",0.9282713,0.23958738,0.0,0.61086696,0.38931555,0.77852935,0.5005475,0.65791315,0.45657563,0.5872698,0.46606657,0.10683261,0.45363694,0.5555951,0.3048163,0.38192904,0.6271485,0.3797389,0.31991485,0.33329886,0.3329658,0.4504504,0.32056236,0.5683724
"np.mean(np.cos(2*np.pi*np.exp(array_x-6.694842783213575/7.289908426453567)-np.sqrt(abs(np.log(abs(2.362322113864916))))/(np.array(range(1, array_x.shape[1]+1)))/2.00046561384189+array_x), axis=1)",0.8655358,0.13717246,0.005507021,0.5731414,0.18028593,0.77909315,0.34708476,0.31438023,0.35898715,0.6821973,0.30749914,0.041488826,0.45363694,0.5555951,0.3048163,0.38192904,0.6271485,0.3797389,0.31991485,0.33329886,0.3329658,0.4504504,0.32056236,0.5683724
"np.mean(np.cos(2*np.pi*np.exp(np.exp(7.210573614862947-np.sqrt(abs((np.array(range(1, array_x.shape[1]+1)))*array_x*7.201873051472852))*8.791583389935937))), axis=1)",0.968115,0.46694058,0.30161363,0.69851035,0.44556257,0.8357248,0.41948506,0.57703894,0.49231207,0.9835889,0.37382936,0.4498796,0.45363694,0.5555951,0.3048163,0.38192904,0.6271485,0.3797389,0.31991485,0.33329886,0.3329658,0.4504504,0.32056236,0.5683724
"np.mean(np.cos(2*np.pi*np.exp(np.sqrt(abs(np.exp(array_x))))), axis=1)",0.9381861,0.21420863,0.04601429,0.60416055,0.13500392,0.59650314,0.41700622,0.4464303,0.3619838,0.59280473,0.3725958,0.23015083,0.45363694,0.5555951,0.3048163,0.38192904,0.6271485,0.3797389,0.31991485,0.33329886,0.3329658,0.4504504,0.32056236,0.5683724
"np.mean(np.cos(2*np.pi*np.log(abs(array_x*5.926545327682939+3.8500300671698438))), axis=1)",0.98938924,0.15385869,0.0,0.48781028,0.15528622,0.6721078,0.08621171,0.07646936,0.21871108,0.8200864,0.13258524,0.5542442,0.45363694,0.5555951,0.3048163,0.38192904,0.6271485,0.3797389,0.31991485,0.33329886,0.3329658,0.4504504,0.32056236,0.5683724
"np.mean(np.cos(2*np.pi*np.log(abs(np.cos(2*np.pi*np.exp(10*(array_x))/9.115131241748143)))), axis=1)",0.50334316,0.46233392,0.776678,0.43257383,0.33060893,0.65401417,0.42914364,0.6186496,0.5472552,0.618619,0.3609118,0.56048924,0.45363694,0.5555951,0.3048163,0.38192904,0.6271485,0.3797389,0.31991485,0.33329886,0.3329658,0.4504504,0.32056236,0.5683724
"np.mean(np.cos(2*np.pi*np.round(5.823952953660127+(np.array(range(1, array_x.shape[1]+1)))+9.912393881688926/array_x)+np.sqrt(abs(2.290439830619391))-np.sqrt(abs(array_x-np.sqrt(abs(array_x))-1/(array_x)))), axis=1)",0.90013665,0.20037463,0.36539096,0.6000914,0.6217994,0.685911,0.37407765,0.5783326,0.4582408,0.8424623,0.20650397,0.47729334,0.45363694,0.5555951,0.3048163,0.38192904,0.6271485,0.3797389,0.31991485,0.33329886,0.3329658,0.4504504,0.32056236,0.5683724
"np.mean(np.cos(2*np.pi*np.sin(2*np.pi*1.763253053551244)-array_x)-np.square(7.332306750655762)-np.cos(2*np.pi*6.023122504775995), axis=1)",0.8248594,0.19626346,0.0,0.14646056,0.1640374,0.112558946,0.0034634909,0.01683366,0.023913339,0.63203347,0.007919406,0.70064914,0.45363694,0.5555951,0.3048163,0.38192904,0.6271485,0.3797389,0.31991485,0.33329886,0.3329658,0.4504504,0.32056236,0.5683724
"np.mean(np.cos(2*np.pi*np.sin(2*np.pi*9.00138628392881))-array_x/2.2659969176648564-3.4363324549892678/array_x, axis=1)",1.0,0.9730395,0.9388081,1.0,0.99998015,1.0,0.9999999,0.9999998,0.99999994,1.0,0.99999994,0.9949,0.45363694,0.5555951,0.3048163,0.38192904,0.6271485,0.3797389,0.31991485,0.33329886,0.3329658,0.4504504,0.32056236,0.5683724
"np.mean(np.cos(2*np.pi*np.sin(2*np.pi*array_x)+np.exp(3.5972047650784464)*1.0992255336687178*7.297564536652274-np.exp(abs(array_x))), axis=1)",0.6721541,0.29052284,0.0,0.85547364,0.2495252,0.7299667,0.67220956,0.5991488,0.48924965,0.5796105,0.59615856,0.30559614,0.45363694,0.5555951,0.3048163,0.38192904,0.6271485,0.3797389,0.31991485,0.33329886,0.3329658,0.4504504,0.32056236,0.5683724
"np.mean(np.cos(2*np.pi*np.sin(2*np.pi*np.cos(2*np.pi*1.389478862261668-array_x*2.6630362755822543-array_x))), axis=1)",0.7030239,0.25020373,0.0,0.88306546,0.46841782,0.7807137,0.58773476,0.6354468,0.5792101,0.7614307,0.6765156,0.18843822,0.45363694,0.5555951,0.3048163,0.38192904,0.6271485,0.3797389,0.31991485,0.33329886,0.3329658,0.4504504,0.32056236,0.5683724
"np.mean(np.cos(2*np.pi*np.sqrt(abs(1.1325644415306104+np.round(np.square(array_x))))), axis=1)",0.7219667,0.082660906,0.04626002,0.3492206,0.41643396,0.48181036,0.0247892,0.018250206,0.04731733,0.80093807,0.028407097,0.04049183,0.45363694,0.5555951,0.3048163,0.38192904,0.6271485,0.3797389,0.31991485,0.33329886,0.3329658,0.4504504,0.32056236,0.5683724
"np.mean(np.cos(2*np.pi*np.sqrt(abs(2.463378465415505))-array_x-(np.array(range(1, array_x.shape[1]+1)))-np.square(2.5393009093330763)*array_x), axis=1)+10*(np.sin(2*np.pi*np.mean(np.cos(2*np.pi*np.sqrt(abs(6.1330444933526))-array_x-(np.array(range(1, array_x.shape[1]+1)))-np.square(2.494708260391023)*array_x), axis=1)))",0.7784742,0.54391253,0.032678623,0.65062237,0.40599602,0.7399567,0.6980061,0.67504305,0.57435477,0.7380772,0.59691715,0.40785244,0.45363694,0.5555951,0.3048163,0.38192904,0.6271485,0.3797389,0.31991485,0.33329886,0.3329658,0.4504504,0.32056236,0.5683724
"np.mean(np.cos(2*np.pi*np.sqrt(abs(4.949436855854442-np.exp(np.log(abs(1.513951248541321))*np.log(abs(array_x)))))), axis=1)",1.8881578e-15,0.86678636,0.1778331,4.0523454e-15,0.5973874,1.0147303e-14,2.2485448e-08,3.7371837e-16,1.5793201e-15,3.0985948e-16,0.18370485,1.0,0.45363694,0.5555951,0.3048163,0.38192904,0.6271485,0.3797389,0.31991485,0.33329886,0.3329658,0.4504504,0.32056236,0.5683724
"np.mean(np.cos(2*np.pi*np.sqrt(abs(7.507971868474261))*array_x+1.8354438630646785), axis=1)",0.58854926,0.2046283,0.0,0.5562831,0.17382397,0.7133401,0.63314235,0.73246825,0.58032215,0.9256913,0.56609404,0.055965044,0.45363694,0.5555951,0.3048163,0.38192904,0.6271485,0.3797389,0.31991485,0.33329886,0.3329658,0.4504504,0.32056236,0.5683724
"np.mean(np.cos(2*np.pi*np.sqrt(abs(9.163979642491698)))/np.cos(2*np.pi*(np.array(range(1, array_x.shape[1]+1)))*array_x-4.286373923766871/7.404551651970824), axis=1)",0.9997408,0.99944234,0.27365023,0.9989633,0.99280435,0.99969053,0.9993244,0.9995083,0.99971,0.9996747,0.99885577,0.9931679,0.45363694,0.5555951,0.3048163,0.38192904,0.6271485,0.3797389,0.31991485,0.33329886,0.3329658,0.4504504,0.32056236,0.5683724
"np.mean(np.cos(2*np.pi*np.sqrt(abs(abs(array_x-8.652212393336796)-1.8466962904240498))), axis=1)",0.6626916,0.35201457,0.04723204,0.22522537,0.51015526,0.18413283,0.003004257,0.14214757,0.13469175,0.88726133,0.061567117,0.5592639,0.45363694,0.5555951,0.3048163,0.38192904,0.6271485,0.3797389,0.31991485,0.33329886,0.3329658,0.4504504,0.32056236,0.5683724
"np.mean(np.cos(2*np.pi*np.sqrt(abs(array_x/3.5782369171932094+7.627367594179778/array_x))), axis=1)",0.70617294,0.053906243,0.0,0.80937487,0.37171227,0.5452703,0.3393146,0.47207075,0.5731797,1.0,0.55745226,0.30415082,0.45363694,0.5555951,0.3048163,0.38192904,0.6271485,0.3797389,0.31991485,0.33329886,0.3329658,0.4504504,0.32056236,0.5683724
"np.mean(np.cos(2*np.pi*np.sqrt(abs(np.cos(2*np.pi*array_x)))), axis=1)",0.7719984,0.04103817,0.0,0.75215024,0.27223295,0.7784115,0.41630608,0.73398834,0.62297374,0.8863829,0.5962913,0.080257595,0.45363694,0.5555951,0.3048163,0.38192904,0.6271485,0.3797389,0.31991485,0.33329886,0.3329658,0.4504504,0.32056236,0.5683724
"np.mean(np.cos(2*np.pi*np.sqrt(abs(np.exp(array_x+3.0905740996258495)-4.536758102127758))), axis=1)",0.7755809,0.09278117,0.0,0.6706503,0.35568947,0.72828394,0.53758144,0.77235806,0.5130062,0.716769,0.57720935,0.06622701,0.45363694,0.5555951,0.3048163,0.38192904,0.6271485,0.3797389,0.31991485,0.33329886,0.3329658,0.4504504,0.32056236,0.5683724
"np.mean(np.cos(2*np.pi*np.sqrt(abs(np.sin(2*np.pi*array_x+1.9917903803047383+np.sqrt(abs(2.659600347073577)))))), axis=1)",0.87744224,0.10213114,0.0,0.70768374,0.08714407,0.7439859,0.5704354,0.56895983,0.5619231,0.79942703,0.5598898,0.0737887,0.45363694,0.5555951,0.3048163,0.38192904,0.6271485,0.3797389,0.31991485,0.33329886,0.3329658,0.4504504,0.32056236,0.5683724
"np.mean(np.cos(2*np.pi*np.square(10*(array_x-7.965174443131094-array_x)*9.20668474487612-(np.array(range(1, array_x.shape[1]+1)))+3.1125921451875196+np.sqrt(abs(array_x/2.5504272592350135)))), axis=1)",0.5435545,0.5223311,0.18122731,0.5178426,0.46611536,0.35263008,0.6083794,0.49719232,0.46603137,0.3881601,0.425606,0.44710416,0.45363694,0.5555951,0.3048163,0.38192904,0.6271485,0.3797389,0.31991485,0.33329886,0.3329658,0.4504504,0.32056236,0.5683724
"np.mean(np.cos(2*np.pi*np.square(3.2884279457480843-5.157160958881492-array_x*array_x+np.sin(2*np.pi*2.147047911843448)+np.log(abs(array_x+np.cos(2*np.pi*7.093766587510704))))), axis=1)",0.4946895,0.5047407,0.17452052,0.43606132,0.6301785,0.6625783,0.5618161,0.6565887,0.7674741,0.31860107,0.4787888,0.43932346,0.45363694,0.5555951,0.3048163,0.38192904,0.6271485,0.3797389,0.31991485,0.33329886,0.3329658,0.4504504,0.32056236,0.5683724
"np.mean(np.cos(2*np.pi*np.square(5.642804144155772-np.round(array_x)+array_x/3.29526505832503)), axis=1)",0.85657763,0.17428373,0.0,0.7494961,0.18346381,0.6128264,0.6041571,0.55750763,0.5494888,0.63411665,0.6306849,0.094284855,0.45363694,0.5555951,0.3048163,0.38192904,0.6271485,0.3797389,0.31991485,0.33329886,0.3329658,0.4504504,0.32056236,0.5683724
"np.mean(np.cos(2*np.pi*np.square(abs(array_x)/6.9678176625243005-1.4998153623804247)), axis=1)+np.sin(2*np.pi*np.mean(np.cos(2*np.pi*np.square(abs(array_x)/3.1131230269193217-3.152628546646269)), axis=1))",0.9077988,0.30881524,0.22111826,0.45491064,0.746631,0.3844033,0.11064019,0.19475,0.18010592,0.73869413,0.1325933,0.5574857,0.45363694,0.5555951,0.3048163,0.38192904,0.6271485,0.3797389,0.31991485,0.33329886,0.3329658,0.4504504,0.32056236,0.5683724
"np.mean(np.cos(2*np.pi*np.square(array_x)-6.941314777847258*9.717453748017455), axis=1)",0.69995785,0.19696912,0.0,0.69468045,0.28779164,0.81389564,0.59936404,0.4987281,0.7640846,0.90302217,0.5511195,0.19384964,0.45363694,0.5555951,0.3048163,0.38192904,0.6271485,0.3797389,0.31991485,0.33329886,0.3329658,0.4504504,0.32056236,0.5683724
"np.mean(np.cumsum((np.array(range(1, array_x.shape[1]+1)))*array_x+np.square(3.129734187607786), axis=1), axis=1)",0.0,0.8731198,0.27306327,8.5942107e-16,1.0,7.0418116e-16,1.695085e-08,1.917832e-15,8.576618e-16,5.7640735e-16,1.860496e-08,0.9206628,0.45363694,0.5555951,0.3048163,0.38192904,0.6271485,0.3797389,0.31991485,0.33329886,0.3329658,0.4504504,0.32056236,0.5683724
"np.mean(np.cumsum(-(np.square(5.2964701114138455*array_x*array_x*np.sqrt(abs(7.97947153559185)))), axis=1)+np.round(abs(10*(8.938686730246864))), axis=1)",1.6435898e-15,0.8400395,0.32232353,3.1354123e-15,0.750697,2.00421e-14,6.096794e-06,3.4319613e-15,2.4597555e-15,1.8625873e-15,2.0620532e-06,0.8843269,0.45363694,0.5555951,0.3048163,0.38192904,0.6271485,0.3797389,0.31991485,0.33329886,0.3329658,0.4504504,0.32056236,0.5683724
"np.mean(np.cumsum(1/(2.676235318659112-array_x), axis=1), axis=1)+np.sin(2*np.pi*np.mean(np.cumsum(1/(9.18204613128465-array_x), axis=1), axis=1))",1.0,0.9434305,0.8348277,1.0,0.9999118,1.0,0.99999887,0.99999994,0.9999999,1.0,0.99999964,0.9995286,0.45363694,0.5555951,0.3048163,0.38192904,0.6271485,0.3797389,0.31991485,0.33329886,0.3329658,0.4504504,0.32056236,0.5683724
"np.mean(np.cumsum(1/(4.144424717438012+array_x), axis=1), axis=1)",1.0,0.9999991,0.0,0.99999994,0.99998033,0.99999994,0.9999899,0.99999976,0.9999998,1.0,0.9999932,0.9999909,0.45363694,0.5555951,0.3048163,0.38192904,0.6271485,0.3797389,0.31991485,0.33329886,0.3329658,0.4504504,0.32056236,0.5683724
"np.mean(np.cumsum(1/(np.sqrt(abs(array_x))+7.867050677547712), axis=1), axis=1)+np.sin(2*np.pi*np.mean(np.cumsum(1/(np.sqrt(abs(array_x))+4.118643432718485), axis=1), axis=1))",0.0,0.9180591,0.076747544,0.0,0.7654698,0.0,1.5842422e-08,0.0,0.0,0.0,3.121356e-09,0.9274236,0.45363694,0.5555951,0.3048163,0.38192904,0.6271485,0.3797389,0.31991485,0.33329886,0.3329658,0.4504504,0.32056236,0.5683724
"np.mean(np.cumsum(2.7189406904721416+np.square(array_x)-array_x, axis=1), axis=1)",0.79882365,0.18404455,0.00708703,0.12527746,0.1812101,0.17367825,0.0013945707,0.01638017,0.026766,0.57562876,0.0074130436,0.23701984,0.45363694,0.5555951,0.3048163,0.38192904,0.6271485,0.3797389,0.31991485,0.33329886,0.3329658,0.4504504,0.32056236,0.5683724
"np.mean(np.cumsum(7.265646691812161+np.sin(2*np.pi*10*(np.sqrt(abs(array_x)))), axis=1)+2.8357021141091483, axis=1)+np.sin(2*np.pi*np.mean(np.cumsum(8.45637990200297+np.sin(2*np.pi*10*(np.sqrt(abs(array_x)))), axis=1)+9.415930663706481, axis=1))",0.7315912,0.009649962,0.0,0.46882752,0.5000598,0.34574273,0.18648654,0.49995136,0.42490533,0.33066303,0.89034873,0.07571807,0.45363694,0.5555951,0.3048163,0.38192904,0.6271485,0.3797389,0.31991485,0.33329886,0.3329658,0.4504504,0.32056236,0.5683724
"np.mean(np.cumsum(7.394465574631374/np.log(abs(array_x))+2.0311671007779086-2.781942560931418, axis=1)-3.5424787074550994/np.cos(2*np.pi*np.square(np.square(5.815262334247925-array_x))), axis=1)",0.99999994,0.9937018,0.22587566,0.99999994,0.99970627,1.0,0.9999996,0.9999997,0.9999999,1.0,0.99999213,0.9088348,0.45363694,0.5555951,0.3048163,0.38192904,0.6271485,0.3797389,0.31991485,0.33329886,0.3329658,0.4504504,0.32056236,0.5683724
"np.mean(np.cumsum(array_x*array_x/5.167566456050971, axis=1), axis=1)+10*(np.sin(2*np.pi*np.mean(np.cumsum(array_x*array_x/7.6284391598724675, axis=1), axis=1)))",0.16797921,1.8517131e-09,0.0,0.020446124,1.6035422e-06,0.027133122,0.003476776,0.073595256,0.0022342529,0.092676766,0.03451364,4.6761255e-07,0.45363694,0.5555951,0.3048163,0.38192904,0.6271485,0.3797389,0.31991485,0.33329886,0.3329658,0.4504504,0.32056236,0.5683724
"np.mean(np.cumsum(array_x+6.6604904073447555-array_x-4.210086903731916+np.round(np.square(array_x)), axis=1), axis=1)+10*(np.sin(2*np.pi*np.mean(np.cumsum(array_x+6.056227567061497-array_x-3.2524979534981844+np.round(np.square(array_x)), axis=1), axis=1)))",0.11179462,0.16666667,0.47358924,4.440892e-16,0.9471785,1.4802973e-15,4.440892e-16,0.0,0.0,0.33333334,0.0,0.5139418,0.45363694,0.5555951,0.3048163,0.38192904,0.6271485,0.3797389,0.31991485,0.33329886,0.3329658,0.4504504,0.32056236,0.5683724
"np.mean(np.cumsum(array_x+array_x*array_x+10*(np.log(abs(np.square(4.808991506867844)))), axis=1), axis=1)",0.77401674,0.13804694,0.0024095469,0.13350928,0.80792207,0.13880564,0.0009760269,0.02864027,0.017613003,0.89503103,0.0009371398,0.2116514,0.45363694,0.5555951,0.3048163,0.38192904,0.6271485,0.3797389,0.31991485,0.33329886,0.3329658,0.4504504,0.32056236,0.5683724
"np.mean(np.cumsum(array_x+np.round(8.9235758604102), axis=1), axis=1)+np.sin(2*np.pi*np.mean(np.cumsum(array_x+np.round(3.3191042656448495), axis=1), axis=1))",1.4175092e-07,0.8819449,0.72836536,0.031251553,0.92582417,1.9421089e-08,0.14835165,0.03571441,0.1269845,3.528027e-07,0.0769231,0.91723794,0.45363694,0.5555951,0.3048163,0.38192904,0.6271485,0.3797389,0.31991485,0.33329886,0.3329658,0.4504504,0.32056236,0.5683724
"np.mean(np.cumsum(array_x, axis=1)*6.388421169502289+np.square(np.square(9.223384642703484+array_x))/3.582689100498065, axis=1)",1.0719401e-17,0.82124245,0.19891392,6.484758e-17,0.9777644,8.664739e-17,9.010923e-09,2.6921095e-16,9.739992e-17,3.6913848e-17,5.043831e-09,0.87609637,0.45363694,0.5555951,0.3048163,0.38192904,0.6271485,0.3797389,0.31991485,0.33329886,0.3329658,0.4504504,0.32056236,0.5683724
"np.mean(np.cumsum(array_x, axis=1), axis=1)+np.sin(2*np.pi*np.mean(np.cumsum(array_x, axis=1), axis=1))",4.2670578e-08,0.9230769,0.69047624,0.076923124,0.92857236,2.4656773e-08,0.14285721,0.071428575,0.07417583,3.403237e-08,0.10427808,1.0,0.45363694,0.5555951,0.3048163,0.38192904,0.6271485,0.3797389,0.31991485,0.33329886,0.3329658,0.4504504,0.32056236,0.5683724
"np.mean(np.cumsum(array_x-3.850087071817563, axis=1)-np.log(abs(8.415050968408622)), axis=1)+10*(np.sin(2*np.pi*np.mean(np.cumsum(array_x-4.3366216138181315, axis=1)-np.log(abs(6.421449054529966)), axis=1)))",0.03923819,0.9412843,0.8989894,0.10123537,0.99844974,0.101084776,0.21828629,0.107629955,0.08487034,0.0,0.24867813,0.97221965,0.45363694,0.5555951,0.3048163,0.38192904,0.6271485,0.3797389,0.31991485,0.33329886,0.3329658,0.4504504,0.32056236,0.5683724
"np.mean(np.cumsum(array_x-8.823212610253325+np.sqrt(abs(2.451960878711907))-1.594210568766228*np.square(array_x), axis=1), axis=1)",0.042116992,0.9063689,0.12227094,0.044196505,0.78483886,0.020318273,0.035336513,0.028277684,0.020040035,0.072875366,0.06627723,0.998583,0.45363694,0.5555951,0.3048163,0.38192904,0.6271485,0.3797389,0.31991485,0.33329886,0.3329658,0.4504504,0.32056236,0.5683724
"np.mean(np.cumsum(np.cos(2*np.pi*abs(array_x))+9.374068141774746, axis=1), axis=1)",0.8338644,0.033297334,0.0,0.4927986,0.035826694,0.61159134,0.14582682,0.18752728,0.17505553,1.0,0.17105672,0.022513863,0.45363694,0.5555951,0.3048163,0.38192904,0.6271485,0.3797389,0.31991485,0.33329886,0.3329658,0.4504504,0.32056236,0.5683724
"np.mean(np.cumsum(np.cos(2*np.pi*array_x), axis=1)-4.317990314897609, axis=1)+np.sin(2*np.pi*np.mean(np.cumsum(np.cos(2*np.pi*array_x), axis=1)-4.684493987765945, axis=1))",0.99527717,1.3688412e-09,6.178045e-10,0.66188323,0.99259245,0.009773046,0.0015848444,0.00024078527,0.006180953,0.9968909,0.0010216641,7.4349527e-09,0.45363694,0.5555951,0.3048163,0.38192904,0.6271485,0.3797389,0.31991485,0.33329886,0.3329658,0.4504504,0.32056236,0.5683724
"np.mean(np.cumsum(np.exp(8.87593209850999)+np.exp(array_x)*np.cos(2*np.pi*-(array_x)/7.545443112146065*-(5.466493332624009)*array_x), axis=1), axis=1)+10*(np.sin(2*np.pi*np.mean(np.cumsum(np.exp(6.777811492109284)+np.exp(array_x)*np.cos(2*np.pi*-(array_x)/1.454626151825213*-(3.059649652988327)*array_x), axis=1), axis=1)))",0.33885688,0.8943289,0.879892,0.19335812,0.9325639,0.30059654,0.34027225,0.43556464,0.03926525,0.343745,0.4330741,0.90814894,0.45363694,0.5555951,0.3048163,0.38192904,0.6271485,0.3797389,0.31991485,0.33329886,0.3329658,0.4504504,0.32056236,0.5683724
"np.mean(np.cumsum(np.exp(array_x+array_x)/5.249772905314402, axis=1), axis=1)",1.6936754e-19,0.27380794,0.02899432,9.019585e-18,0.84207904,3.3247193e-18,2.214797e-10,5.956773e-18,1.1397266e-17,7.036802e-19,1.6584698e-09,0.9354379,0.45363694,0.5555951,0.3048163,0.38192904,0.6271485,0.3797389,0.31991485,0.33329886,0.3329658,0.4504504,0.32056236,0.5683724
"np.mean(np.cumsum(np.round(8.857517425445604+array_x)*np.sqrt(abs(8.816338819828223)), axis=1), axis=1)+10*(np.sin(2*np.pi*np.mean(np.cumsum(np.round(7.081158700462724+array_x)*np.sqrt(abs(9.323658409127718)), axis=1), axis=1)))",7.1340074e-16,0.860984,0.8242826,0.040210035,0.9733983,0.032698363,0.05373021,0.074576735,0.04220954,4.468685e-16,0.04690698,0.8932978,0.45363694,0.5555951,0.3048163,0.38192904,0.6271485,0.3797389,0.31991485,0.33329886,0.3329658,0.4504504,0.32056236,0.5683724
"np.mean(np.cumsum(np.sin(2*np.pi*np.round(array_x)+array_x), axis=1)+2.4423698032186936/array_x-np.exp(array_x), axis=1)+np.sin(2*np.pi*np.mean(np.cumsum(np.sin(2*np.pi*np.round(array_x)+array_x), axis=1)+3.0467646483878843/array_x-np.exp(array_x), axis=1))",1.0,0.99999726,0.0,0.9999999,0.9995563,1.0,0.99999523,0.99999994,0.9999999,1.0,0.9999976,0.99940234,0.45363694,0.5555951,0.3048163,0.38192904,0.6271485,0.3797389,0.31991485,0.33329886,0.3329658,0.4504504,0.32056236,0.5683724
"np.mean(np.cumsum(np.sin(2*np.pi*np.sqrt(abs(-(np.round(array_x))))-np.cos(2*np.pi*9.406935220481406)-9.803014100981501-array_x-array_x), axis=1), axis=1)",0.74953204,0.22544245,0.19798964,0.3656177,0.60585445,0.3981332,0.0960336,0.30224484,0.099744916,0.6068347,0.0028568995,0.26470786,0.45363694,0.5555951,0.3048163,0.38192904,0.6271485,0.3797389,0.31991485,0.33329886,0.3329658,0.4504504,0.32056236,0.5683724
"np.mean(np.cumsum(np.sqrt(abs(7.608638741064147-array_x)), axis=1), axis=1)",0.0,0.94857174,0.23459683,3.144299e-16,0.8215089,3.8544258e-16,1.4777297e-07,1.252987e-15,1.072853e-15,0.0,7.825512e-09,0.95343363,0.45363694,0.5555951,0.3048163,0.38192904,0.6271485,0.3797389,0.31991485,0.33329886,0.3329658,0.4504504,0.32056236,0.5683724
"np.mean(np.cumsum(np.sqrt(abs(9.912806348834886))+np.sin(2*np.pi*1/(array_x)-np.log(abs(2.096306453540157)))-8.365489371549526+1/(array_x), axis=1), axis=1)",1.0,0.9760022,0.51041466,1.0,0.99135655,1.0,0.99999964,0.99999994,1.0,1.0,0.9999933,0.99734753,0.45363694,0.5555951,0.3048163,0.38192904,0.6271485,0.3797389,0.31991485,0.33329886,0.3329658,0.4504504,0.32056236,0.5683724
"np.mean(np.cumsum(np.sqrt(abs(array_x*4.367794644819181/np.sqrt(abs(2.29302134159473)))), axis=1), axis=1)",0.96239734,0.4120282,0.120853886,0.5043461,0.5061007,0.5472911,0.10561293,0.29647365,0.28316832,0.91548955,0.0163243,0.4063101,0.45363694,0.5555951,0.3048163,0.38192904,0.6271485,0.3797389,0.31991485,0.33329886,0.3329658,0.4504504,0.32056236,0.5683724
"np.mean(np.cumsum(np.square(3.6913435304553768+np.cos(2*np.pi*np.cos(2*np.pi*np.exp(np.sin(2*np.pi*array_x))))), axis=1), axis=1)",0.69403213,0.35243064,0.0,0.75885224,0.4202744,0.7949766,0.7557549,0.6793506,0.7593417,0.74737436,0.62460905,0.5875798,0.45363694,0.5555951,0.3048163,0.38192904,0.6271485,0.3797389,0.31991485,0.33329886,0.3329658,0.4504504,0.32056236,0.5683724
"np.mean(np.cumsum(np.square(9.69383936057031)+10*(np.round(array_x)), axis=1), axis=1)",0.0,1.0,0.48951647,0.0,0.87450826,0.0,0.0,0.0,0.0,0.0,0.0,0.95052487,0.45363694,0.5555951,0.3048163,0.38192904,0.6271485,0.3797389,0.31991485,0.33329886,0.3329658,0.4504504,0.32056236,0.5683724
"np.mean(np.cumsum(np.square(array_x-5.280707780808034*7.276763416113332), axis=1), axis=1)",0.0,0.92835957,0.21388356,0.0,0.8418475,0.0,6.8107475e-08,0.0,0.0,0.0,7.6723694e-08,0.96739805,0.45363694,0.5555951,0.3048163,0.38192904,0.6271485,0.3797389,0.31991485,0.33329886,0.3329658,0.4504504,0.32056236,0.5683724
"np.mean(np.cumsum(np.square(np.square(-(array_x)/8.063130315187816)), axis=1), axis=1)+10*(np.sin(2*np.pi*np.mean(np.cumsum(np.square(np.square(-(array_x)/1.7888464527923584)), axis=1), axis=1)))",0.40730914,0.09923515,0.3374272,0.22531328,0.25211173,0.45880893,0.13743068,0.40386862,0.5723311,0.54714185,0.67596614,0.015259322,0.45363694,0.5555951,0.3048163,0.38192904,0.6271485,0.3797389,0.31991485,0.33329886,0.3329658,0.4504504,0.32056236,0.5683724
"np.mean(np.cumsum(np.square(np.square(3.425790199478761))/np.sin(2*np.pi*array_x+6.623147317284124)*3.1476973832940254-array_x, axis=1), axis=1)+np.sin(2*np.pi*np.mean(np.cumsum(np.square(np.square(3.7495795583871594))/np.sin(2*np.pi*array_x+9.141135926699267)*5.213187740402408-array_x, axis=1), axis=1))",0.999999,0.9995097,0.0,0.99999446,0.999975,0.9999986,0.9999923,0.99999857,0.9999788,0.9999992,0.9999924,0.999488,0.45363694,0.5555951,0.3048163,0.38192904,0.6271485,0.3797389,0.31991485,0.33329886,0.3329658,0.4504504,0.32056236,0.5683724
"np.mean(np.exp((np.array(range(1, array_x.shape[1]+1)))-4.040260990785747/2.5079595636975185)*np.sin(2*np.pi*np.cos(2*np.pi*7.611913582597683))/8.55817324017828*array_x-7.2438427295908605, axis=1)",0.0006812392,0.9374028,0.14609079,1.1845578e-12,0.76327175,0.0016793362,0.0016225522,1.2303361e-10,5.3266837e-16,0.0028690894,0.00011423697,0.70694095,0.45363694,0.5555951,0.3048163,0.38192904,0.6271485,0.3797389,0.31991485,0.33329886,0.3329658,0.4504504,0.32056236,0.5683724
"np.mean(np.exp(-(3.2267300314007783)*array_x), axis=1)",6.1004195e-21,1.0,0.013627361,1.154293e-17,0.07633774,2.262164e-19,1.56603e-11,1.6802056e-20,2.0728424e-19,2.1009007e-19,1.6920177e-11,0.5329634,0.45363694,0.5555951,0.3048163,0.38192904,0.6271485,0.3797389,0.31991485,0.33329886,0.3329658,0.4504504,0.32056236,0.5683724
"np.mean(np.exp(-(array_x*(np.array(range(1, array_x.shape[1]+1)))/5.334009714883051))/10*(2.029685678800419-array_x+8.13693880134322+9.134990485531482), axis=1)",0.0,1.0,0.062310223,3.5491374e-16,0.5297067,3.3484824e-16,1.5182471e-09,2.751204e-16,5.731735e-16,1.0054724e-16,1.5709014e-09,0.9222305,0.45363694,0.5555951,0.3048163,0.38192904,0.6271485,0.3797389,0.31991485,0.33329886,0.3329658,0.4504504,0.32056236,0.5683724
"np.mean(np.exp(-(np.cos(2*np.pi*1/(9.238116003069308-np.sin(2*np.pi*array_x))))), axis=1)",0.86388475,0.032288168,0.0,0.61267716,0.051903125,0.51336706,0.094471596,0.39607564,0.11917407,0.9364205,0.14052565,0.02327977,0.45363694,0.5555951,0.3048163,0.38192904,0.6271485,0.3797389,0.31991485,0.33329886,0.3329658,0.4504504,0.32056236,0.5683724
"np.mean(np.exp(-(np.exp(abs(np.exp((np.array(range(1, array_x.shape[1]+1)))*array_x+np.round((np.array(range(1, array_x.shape[1]+1)))*array_x/4.6504934929431005)*7.84818675108902))))), axis=1)",0.0,1.0,0.0,0.0,0.0,0.0,0.0,0.0,0.0,0.0,0.0,0.0,0.45363694,0.5555951,0.3048163,0.38192904,0.6271485,0.3797389,0.31991485,0.33329886,0.3329658,0.4504504,0.32056236,0.5683724
"np.mean(np.exp(1.0722990575183293*np.sqrt(abs(array_x))), axis=1)",1.0,0.28532302,0.01177103,0.4940146,0.42379063,0.4746878,0.112463124,0.20589599,0.22165099,0.9295453,0.027819084,0.53325593,0.45363694,0.5555951,0.3048163,0.38192904,0.6271485,0.3797389,0.31991485,0.33329886,0.3329658,0.4504504,0.32056236,0.5683724
"np.mean(np.exp(1/(2.8174012449053984+array_x*array_x)), axis=1)",0.0,0.6814991,0.012347432,7.217592e-15,0.65364593,3.4686105e-15,5.059539e-09,0.0,0.0,0.0,1.724963e-08,1.0,0.45363694,0.5555951,0.3048163,0.38192904,0.6271485,0.3797389,0.31991485,0.33329886,0.3329658,0.4504504,0.32056236,0.5683724
"np.mean(np.exp(1/(3.7195391639062314+array_x)-9.55274992829665), axis=1)",0.6805725,0.913292,0.67792416,0.4288399,1.0,0.4341002,0.5694783,0.6086595,0.60423714,0.21909443,0.609423,0.90342915,0.45363694,0.5555951,0.3048163,0.38192904,0.6271485,0.3797389,0.31991485,0.33329886,0.3329658,0.4504504,0.32056236,0.5683724
"np.mean(np.exp(10*(7.669417141197561*np.sqrt(abs(np.cos(2*np.pi*9.922324005211552-np.square(array_x)))))), axis=1)",0.13489734,8.222517e-11,0.0,0.0041781217,4.0372448e-05,0.0038733315,5.9157603e-05,0.00019744947,0.00040222317,0.15374488,1.4644468e-06,6.872149e-07,0.45363694,0.5555951,0.3048163,0.38192904,0.6271485,0.3797389,0.31991485,0.33329886,0.3329658,0.4504504,0.32056236,0.5683724
"np.mean(np.exp(10*(array_x/6.911633161238291)), axis=1)",0.0,0.7381358,0.0732266,0.0,0.9063894,0.0,3.1170428e-09,0.0,0.0,0.0,4.6689075e-09,0.7218964,0.45363694,0.5555951,0.3048163,0.38192904,0.6271485,0.3797389,0.31991485,0.33329886,0.3329658,0.4504504,0.32056236,0.5683724
"np.mean(np.exp(10*(np.sin(2*np.pi*(np.array(range(1, array_x.shape[1]+1)))*array_x+7.27508095829215+(np.array(range(1, array_x.shape[1]+1)))*array_x-np.sin(2*np.pi*6.855698304486578)))), axis=1)",0.0678424,0.014804961,8.5521126e-05,0.08871533,0.008780663,0.16867627,0.032823864,0.089889415,0.1090867,0.06901632,0.12890117,0.027395496,0.45363694,0.5555951,0.3048163,0.38192904,0.6271485,0.3797389,0.31991485,0.33329886,0.3329658,0.4504504,0.32056236,0.5683724
"np.mean(np.exp(10*(np.sqrt(abs(4.4857515330882585))+array_x)), axis=1)",9.967336e-34,0.024470318,8.35269e-05,4.9772394e-32,0.98275214,6.9307676e-32,8.827045e-24,3.0817356e-32,8.762213e-33,4.0104234e-33,5.214787e-22,0.46517697,0.45363694,0.5555951,0.3048163,0.38192904,0.6271485,0.3797389,0.31991485,0.33329886,0.3329658,0.4504504,0.32056236,0.5683724
"np.mean(np.exp(2.9653119383569213*array_x-np.exp(10*(array_x)))*3.742991035443488/(np.array(range(1, array_x.shape[1]+1))), axis=1)",0.09832638,0.9567003,0.13760464,0.22250715,0.6562015,0.030576073,0.13760464,0.05046862,0.059177794,0.14586672,0.15327181,0.15699607,0.45363694,0.5555951,0.3048163,0.38192904,0.6271485,0.3797389,0.31991485,0.33329886,0.3329658,0.4504504,0.32056236,0.5683724
"np.mean(np.exp(3.0943551531932605*10*(9.58769648987407+array_x)), axis=1)",0.0,0.024433196,2.0201512e-12,0.0,0.04856846,0.0,0.0,0.0,0.0,0.0,0.0,0.15684743,0.45363694,0.5555951,0.3048163,0.38192904,0.6271485,0.3797389,0.31991485,0.33329886,0.3329658,0.4504504,0.32056236,0.5683724
"np.mean(np.exp(3.5859871228819733)-1.136312158347967/array_x-8.684210613040644-7.309989427051551/1.7807744881704524+array_x, axis=1)+np.sin(2*np.pi*np.mean(np.exp(5.8626706587095265)-3.3838735443915837/array_x-8.351859947206206-7.1785614746575135/8.832180031502602+array_x, axis=1))",1.0,0.9999875,0.0,0.99999994,0.99983895,1.0,0.9999999,0.99999994,0.99999994,1.0,0.99999785,0.97798896,0.45363694,0.5555951,0.3048163,0.38192904,0.6271485,0.3797389,0.31991485,0.33329886,0.3329658,0.4504504,0.32056236,0.5683724
"np.mean(np.exp(4.406699916734947+2.391207124104904*array_x), axis=1)",0.0,0.3523631,0.031133018,0.0,0.96230245,0.0,2.7390566e-11,0.0,0.0,0.0,1.9388355e-09,0.8692289,0.45363694,0.5555951,0.3048163,0.38192904,0.6271485,0.3797389,0.31991485,0.33329886,0.3329658,0.4504504,0.32056236,0.5683724
"np.mean(np.exp(5.637124734074729*array_x-1/(np.exp(array_x))), axis=1)",0.0,0.024363985,0.00054416124,0.0,1.0,0.0,0.0,0.0,0.0,0.0,0.0,0.54538083,0.45363694,0.5555951,0.3048163,0.38192904,0.6271485,0.3797389,0.31991485,0.33329886,0.3329658,0.4504504,0.32056236,0.5683724
"np.mean(np.exp(5.706054201221348*array_x/abs(1.0769916486794426)), axis=1)",4.2422498e-24,0.0837671,0.0031230394,1.6649668e-23,1.0,2.677361e-23,4.291439e-15,6.6772507e-23,1.0844398e-22,3.92141e-24,3.431264e-14,0.61739624,0.45363694,0.5555951,0.3048163,0.38192904,0.6271485,0.3797389,0.31991485,0.33329886,0.3329658,0.4504504,0.32056236,0.5683724
"np.mean(np.exp(6.597494962212958*10*(array_x-4.964373652121818/2.7244036947702166)), axis=1)",0.0,0.008386206,7.030323e-24,0.0,0.6502334,0.0,0.0,0.0,0.0,0.0,0.0,0.001531602,0.45363694,0.5555951,0.3048163,0.38192904,0.6271485,0.3797389,0.31991485,0.33329886,0.3329658,0.4504504,0.32056236,0.5683724
"np.mean(np.exp(6.9078540768240675-array_x), axis=1)+np.sin(2*np.pi*np.mean(np.exp(1.1968279931545176-array_x), axis=1))",2.657502e-18,1.0,0.1182439,1.8140304e-16,0.549265,2.447603e-17,8.4187395e-09,2.5235193e-17,1.4290595e-16,3.902072e-17,5.291805e-10,0.84917307,0.45363694,0.5555951,0.3048163,0.38192904,0.6271485,0.3797389,0.31991485,0.33329886,0.3329658,0.4504504,0.32056236,0.5683724
"np.mean(np.exp(6.988174036423553)+np.sin(2*np.pi*array_x)/4.283875180494592, axis=1)+np.sin(2*np.pi*np.mean(np.exp(5.074874217526329)+np.sin(2*np.pi*array_x)/7.379999390690979, axis=1))",0.6819928,0.018438486,0.0,0.7728389,0.09168003,0.70347744,0.08788066,0.22028445,0.1289645,0.901109,0.10232508,0.017263249,0.45363694,0.5555951,0.3048163,0.38192904,0.6271485,0.3797389,0.31991485,0.33329886,0.3329658,0.4504504,0.32056236,0.5683724
"np.mean(np.exp(7.256685429764888/np.sqrt(abs(np.exp(np.sin(2*np.pi*array_x/7.144173580308077)-array_x)))+np.round(np.sqrt(abs(2.5010308963402115)))-np.cos(2*np.pi*array_x)), axis=1)",1.7463183e-18,0.7197918,0.64273095,2.7578607e-13,0.9186178,2.3652567e-13,0.0010992179,4.083105e-10,2.6921553e-16,3.0012222e-18,0.0016691887,0.71776253,0.45363694,0.5555951,0.3048163,0.38192904,0.6271485,0.3797389,0.31991485,0.33329886,0.3329658,0.4504504,0.32056236,0.5683724
"np.mean(np.exp(8.348511869358965)+np.sqrt(abs(np.sqrt(abs(array_x)))), axis=1)",0.96517336,0.32039225,0.064790644,0.6402415,0.24063426,0.5725891,0.12616642,0.41911337,0.3607359,0.96074116,0.14738001,0.3084811,0.45363694,0.5555951,0.3048163,0.38192904,0.6271485,0.3797389,0.31991485,0.33329886,0.3329658,0.4504504,0.32056236,0.5683724
"np.mean(np.exp(8.446332745634793-np.cos(2*np.pi*array_x)-array_x), axis=1)",4.072116e-17,1.0,0.59768325,1.2129321e-12,0.56829786,1.9952539e-16,0.046174966,2.296538e-10,0.0012372108,1.09384386e-16,0.04575215,0.7347163,0.45363694,0.5555951,0.3048163,0.38192904,0.6271485,0.3797389,0.31991485,0.33329886,0.3329658,0.4504504,0.32056236,0.5683724
"np.mean(np.exp(8.598397880103114*array_x), axis=1)+10*(np.sin(2*np.pi*np.mean(np.exp(1.5923511251091576*array_x), axis=1)))",0.75242805,0.12057866,0.034599178,0.19255067,0.21395485,0.17039776,0.015919788,0.02722136,0.0426374,0.37718114,0.030218778,0.121735975,0.45363694,0.5555951,0.3048163,0.38192904,0.6271485,0.3797389,0.31991485,0.33329886,0.3329658,0.4504504,0.32056236,0.5683724
"np.mean(np.exp(8.898523313204127/array_x/4.228369239779245), axis=1)",0.4607325,0.44735375,0.2639684,0.29629007,1.0,0.21715751,0.12330342,0.58420527,0.36158207,0.28653535,0.19738957,0.59447086,0.45363694,0.5555951,0.3048163,0.38192904,0.6271485,0.3797389,0.31991485,0.33329886,0.3329658,0.4504504,0.32056236,0.5683724
"np.mean(np.exp(abs(6.703409290021985+np.sqrt(abs(-(7.784785261416228)*np.cos(2*np.pi*array_x)))*array_x+(np.array(range(1, array_x.shape[1]+1))))), axis=1)",5.327395e-06,0.18208323,0.044273295,4.0387395e-06,1.0,6.5981503e-06,0.0003714728,5.5308824e-06,5.068218e-05,4.141119e-06,0.0013331588,0.5881982,0.45363694,0.5555951,0.3048163,0.38192904,0.6271485,0.3797389,0.31991485,0.33329886,0.3329658,0.4504504,0.32056236,0.5683724
"np.mean(np.exp(array_x)*6.003046214696439/2.683251249335509, axis=1)",0.0,0.6594976,0.0769167,0.0,1.0,0.0,2.5269806e-09,0.0,0.0,0.0,1.6177884e-08,0.89027804,0.45363694,0.5555951,0.3048163,0.38192904,0.6271485,0.3797389,0.31991485,0.33329886,0.3329658,0.4504504,0.32056236,0.5683724
"np.mean(np.exp(array_x)+1.4987330733873285, axis=1)+np.sin(2*np.pi*np.mean(np.exp(array_x)+8.312226483296033, axis=1))",5.487522e-07,7.5844886e-13,1.3877788e-15,2.4412654e-07,1.0,6.8787733e-07,8.7765045e-08,4.6255007e-08,3.794245e-09,6.8669756e-08,1.7767138e-07,3.628764e-13,0.45363694,0.5555951,0.3048163,0.38192904,0.6271485,0.3797389,0.31991485,0.33329886,0.3329658,0.4504504,0.32056236,0.5683724
"np.mean(np.exp(array_x)+8.000883574975699-7.193083776921212, axis=1)+10*(np.sin(2*np.pi*np.mean(np.exp(array_x)+7.3235211965832745-6.948904434935703, axis=1)))",2.6937938e-05,0.99994373,0.99997807,3.4943992e-06,0.99997807,0.99999243,0.50002736,0.9999529,0.50303465,4.9705136e-06,0.9999457,0.99994385,0.45363694,0.5555951,0.3048163,0.38192904,0.6271485,0.3797389,0.31991485,0.33329886,0.3329658,0.4504504,0.32056236,0.5683724
"np.mean(np.exp(array_x)-3.986438927420809-array_x-4.062587796549897-array_x+array_x+np.sin(2*np.pi*array_x-7.075801389827354)-7.034193228636704-8.60497298313419, axis=1)",0.88164556,0.42648634,0.333299,0.47146744,0.34944618,0.4605905,0.18842225,0.33649993,0.37587276,1.0,0.14535595,0.2713315,0.45363694,0.5555951,0.3048163,0.38192904,0.6271485,0.3797389,0.31991485,0.33329886,0.3329658,0.4504504,0.32056236,0.5683724
"np.mean(np.exp(array_x)-7.169959919475042+2.5376155365787056-np.exp(np.round(6.002886501055856)), axis=1)+10*(np.sin(2*np.pi*np.mean(np.exp(array_x)-8.930502846569272+8.258440454498125-np.exp(np.round(8.981311105597346)), axis=1)))",7.635112e-06,0.49996957,0.49996695,3.4475274e-08,1.516632e-06,2.3511495e-05,1.116775e-06,0.5787566,1.0509243e-05,2.056574e-06,0.9999807,9.045051e-07,0.45363694,0.5555951,0.3048163,0.38192904,0.6271485,0.3797389,0.31991485,0.33329886,0.3329658,0.4504504,0.32056236,0.5683724
"np.mean(np.exp(array_x)/5.991383506243516+array_x, axis=1)+10*(np.sin(2*np.pi*np.mean(np.exp(array_x)/6.182834635581335+array_x, axis=1)))",0.0821123,0.99726635,0.83280575,0.3327463,0.9980068,0.58282655,0.66600883,0.6660756,0.66575384,0.0005946013,0.9978083,0.9967195,0.45363694,0.5555951,0.3048163,0.38192904,0.6271485,0.3797389,0.31991485,0.33329886,0.3329658,0.4504504,0.32056236,0.5683724
"np.mean(np.exp(array_x*10*(array_x))+abs((np.array(range(1, array_x.shape[1]+1))))+6.559254936930782+6.540477328778678, axis=1)",0.08036653,0.024083944,0.00026370262,0.0036045765,0.7447352,0.0077076177,2.4674964e-06,0.0006646796,0.0001892626,0.071713105,4.126448e-05,0.03233554,0.45363694,0.5555951,0.3048163,0.38192904,0.6271485,0.3797389,0.31991485,0.33329886,0.3329658,0.4504504,0.32056236,0.5683724
"np.mean(np.exp(array_x*7.239801628323454), axis=1)",9.228154e-28,0.055383656,0.0003100401,5.4911664e-27,1.0,3.8343854e-26,5.1217717e-18,4.0644017e-27,1.9691717e-26,1.220771e-28,2.6453696e-17,0.59178936,0.45363694,0.5555951,0.3048163,0.38192904,0.6271485,0.3797389,0.31991485,0.33329886,0.3329658,0.4504504,0.32056236,0.5683724
"np.mean(np.exp(array_x*array_x-8.274511109100708)*np.log(abs(array_x/5.039375418871428-3.8729272175449916)), axis=1)",0.5558589,0.09570135,0.0,0.10806017,0.6336969,0.082908735,0.0014410155,0.014249863,0.014743812,0.4815187,0.0008617695,0.29584482,0.45363694,0.5555951,0.3048163,0.38192904,0.6271485,0.3797389,0.31991485,0.33329886,0.3329658,0.4504504,0.32056236,0.5683724
"np.mean(np.exp(array_x+7.07211142223115/2.5503822464152317*np.cos(2*np.pi*9.767622534596422-1/(np.cos(2*np.pi*array_x)+2.537020051554678))), axis=1)+np.sin(2*np.pi*np.mean(np.exp(array_x+7.039211542927273/1.8802323559628071*np.cos(2*np.pi*8.689487638825339-1/(np.cos(2*np.pi*array_x)+1.9828648432203058))), axis=1))",0.0041083423,0.67480576,0.30353838,0.001926619,1.0,0.0026721319,0.0020008842,0.002022724,0.0020381354,0.0058445875,0.0030097207,0.7129329,0.45363694,0.5555951,0.3048163,0.38192904,0.6271485,0.3797389,0.31991485,0.33329886,0.3329658,0.4504504,0.32056236,0.5683724
"np.mean(np.exp(array_x-np.sqrt(abs((np.array(range(1, array_x.shape[1]+1)))+3.876744949453907))+array_x-np.sqrt(abs(array_x))), axis=1)",4.0251175e-19,0.28620523,0.018773008,1.3827082e-18,0.6298854,5.281611e-19,2.2234853e-10,1.341093e-18,1.3162306e-19,3.994644e-19,2.883041e-10,0.61844534,0.45363694,0.5555951,0.3048163,0.38192904,0.6271485,0.3797389,0.31991485,0.33329886,0.3329658,0.4504504,0.32056236,0.5683724
"np.mean(np.exp(array_x/5.324585318739204)/4.197574032490967-8.73781374846088-(np.array(range(1, array_x.shape[1]+1))), axis=1)",0.0,0.74873114,0.26965675,0.0,0.9109797,0.0,6.9064168e-09,0.0,0.0,0.0,8.73291e-09,0.85726213,0.45363694,0.5555951,0.3048163,0.38192904,0.6271485,0.3797389,0.31991485,0.33329886,0.3329658,0.4504504,0.32056236,0.5683724
"np.mean(np.exp(np.cos(2*np.pi*-(4.41761281970771))/np.sqrt(abs(8.590007688416762-array_x))), axis=1)",0.0,0.92032385,0.39129126,0.0,0.9509755,0.0,1.941479e-08,0.0,0.0,0.0,3.3712118e-07,0.9316148,0.45363694,0.5555951,0.3048163,0.38192904,0.6271485,0.3797389,0.31991485,0.33329886,0.3329658,0.4504504,0.32056236,0.5683724
"np.mean(np.exp(np.cos(2*np.pi*array_x))-array_x*7.457249990189502, axis=1)+np.sin(2*np.pi*np.mean(np.exp(np.cos(2*np.pi*array_x))-array_x*2.776038132409495, axis=1))",7.034923e-08,0.98967373,0.58672076,5.9771335e-09,0.8461091,2.3513747e-09,2.2682867e-05,2.5742283e-10,1.5027556e-12,2.4824873e-08,3.382363e-05,0.9352018,0.45363694,0.5555951,0.3048163,0.38192904,0.6271485,0.3797389,0.31991485,0.33329886,0.3329658,0.4504504,0.32056236,0.5683724
"np.mean(np.exp(np.cos(2*np.pi*array_x/4.63535420356822*-(5.315561510276924)))/4.558295696439717, axis=1)+10*(np.sin(2*np.pi*np.mean(np.exp(np.cos(2*np.pi*array_x/8.289096832497062*-(4.600177277616246)))/6.37414401192183, axis=1)))",1.0,0.08576647,0.018792188,0.50910723,0.105045766,0.4236209,0.06818111,0.07911378,0.1007477,0.6447493,0.031851567,0.090846986,0.45363694,0.5555951,0.3048163,0.38192904,0.6271485,0.3797389,0.31991485,0.33329886,0.3329658,0.4504504,0.32056236,0.5683724
"np.mean(np.exp(np.cos(2*np.pi*np.exp((np.array(range(1, array_x.shape[1]+1)))-array_x/6.102736314013062)-array_x*array_x*10*(4.441947048433069))), axis=1)",0.21388304,0.37729752,0.19554709,0.66727245,0.44740427,0.6709203,0.459642,0.6752503,0.5570299,0.27501267,0.36161083,0.25661948,0.45363694,0.5555951,0.3048163,0.38192904,0.6271485,0.3797389,0.31991485,0.33329886,0.3329658,0.4504504,0.32056236,0.5683724
"np.mean(np.exp(np.cos(2*np.pi*np.sqrt(abs(array_x))))+9.455010978493132, axis=1)",1.0,0.036266886,0.0,0.37249297,0.11769618,0.39205283,0.023143962,0.059399467,0.03840368,0.7631261,0.023406405,0.04706031,0.45363694,0.5555951,0.3048163,0.38192904,0.6271485,0.3797389,0.31991485,0.33329886,0.3329658,0.4504504,0.32056236,0.5683724
"np.mean(np.exp(np.cos(2*np.pi*np.square(1.6073209028887816))*array_x+np.exp(np.sin(2*np.pi*9.437274104147212))), axis=1)",0.0,1.0,0.25197014,3.7818446e-16,0.5863884,5.0104808e-17,6.8947564e-08,0.0,2.5466638e-16,5.0104808e-17,6.7291595e-10,0.7968854,0.45363694,0.5555951,0.3048163,0.38192904,0.6271485,0.3797389,0.31991485,0.33329886,0.3329658,0.4504504,0.32056236,0.5683724
"np.mean(np.exp(np.cumsum(np.sqrt(abs(1.9354580399476808))*np.log(abs(array_x))+7.12824473118873, axis=1)), axis=1)",1.0,2.246446e-18,9.024171e-19,1.6269842e-05,3.5509716e-12,2.1708438e-05,1.3522737e-10,1.9456984e-08,7.384502e-08,0.13069591,3.8981147e-13,4.1114162e-19,0.45363694,0.5555951,0.3048163,0.38192904,0.6271485,0.3797389,0.31991485,0.33329886,0.3329658,0.4504504,0.32056236,0.5683724
"np.mean(np.exp(np.log(abs((np.array(range(1, array_x.shape[1]+1)))*array_x))/(np.array(range(1, array_x.shape[1]+1)))*array_x*9.929182397739876), axis=1)",0.0,0.16835439,0.012722364,1.256043e-23,0.9877674,9.056184e-22,3.985722e-14,2.2881757e-22,4.9187286e-23,0.0,1.0924398e-10,0.7508779,0.45363694,0.5555951,0.3048163,0.38192904,0.6271485,0.3797389,0.31991485,0.33329886,0.3329658,0.4504504,0.32056236,0.5683724
"np.mean(np.exp(np.log(abs(3.557097857184041))*np.square(np.cos(2*np.pi*array_x))-9.60301786527876), axis=1)",0.7237571,0.041958664,0.0,0.4469415,0.100605056,0.6802161,0.47100386,0.43369284,0.30149275,0.8073034,0.3322574,0.10129375,0.45363694,0.5555951,0.3048163,0.38192904,0.6271485,0.3797389,0.31991485,0.33329886,0.3329658,0.4504504,0.32056236,0.5683724
"np.mean(np.exp(np.log(abs(3.6906653905487645))+4.31354121212112*array_x+np.sqrt(abs(10*(array_x+4.285712242477754)))-1/(8.600328319036496)), axis=1)",3.9695994e-24,0.06351839,0.0030972217,7.393514e-23,0.9658074,1.1662895e-23,2.361917e-14,7.838702e-25,1.4934063e-22,3.817019e-24,4.401476e-13,0.77127504,0.45363694,0.5555951,0.3048163,0.38192904,0.6271485,0.3797389,0.31991485,0.33329886,0.3329658,0.4504504,0.32056236,0.5683724
"np.mean(np.exp(np.round(5.4078157561734335*array_x-2.894715675548344+array_x-np.square(np.round(array_x))/2.2470711038637967)), axis=1)",0.0,0.21013916,7.647568e-05,0.0,0.78446054,0.0,0.0,0.0,0.0,0.0,0.0,0.4919859,0.45363694,0.5555951,0.3048163,0.38192904,0.6271485,0.3797389,0.31991485,0.33329886,0.3329658,0.4504504,0.32056236,0.5683724
"np.mean(np.exp(np.round(9.103715332386441))-np.sin(2*np.pi*array_x-3.805960450351064), axis=1)",0.9898043,0.039931644,0.0,0.5715159,0.08078153,0.6012695,0.21440235,0.18042457,0.24691868,0.94299364,0.21468794,0.03448415,0.45363694,0.5555951,0.3048163,0.38192904,0.6271485,0.3797389,0.31991485,0.33329886,0.3329658,0.4504504,0.32056236,0.5683724
"np.mean(np.exp(np.sin(2*np.pi*2.758045825733718-array_x+3.8243956349116672+np.round(array_x))), axis=1)",0.9258398,0.39418796,0.0,0.72287124,0.3558091,0.79919654,0.5529729,0.40130427,0.32237664,0.8914152,0.46835855,0.26548746,0.45363694,0.5555951,0.3048163,0.38192904,0.6271485,0.3797389,0.31991485,0.33329886,0.3329658,0.4504504,0.32056236,0.5683724
"np.mean(np.exp(np.sin(2*np.pi*5.940374416444396)+array_x+np.square(array_x)), axis=1)",0.46896395,0.26486254,0.00057865184,0.11802045,0.7390485,0.09985695,0.0007766194,0.012688721,0.01264202,0.6455852,0.0005696389,0.6688576,0.45363694,0.5555951,0.3048163,0.38192904,0.6271485,0.3797389,0.31991485,0.33329886,0.3329658,0.4504504,0.32056236,0.5683724
"np.mean(np.exp(np.sin(2*np.pi*8.392547530878332+array_x*np.cos(2*np.pi*np.sqrt(abs(array_x))))), axis=1)",0.45185205,0.44700745,0.4580323,0.3283128,0.53856087,0.3949352,0.12336023,0.19467539,0.2596295,0.54233116,0.38039303,0.47979465,0.45363694,0.5555951,0.3048163,0.38192904,0.6271485,0.3797389,0.31991485,0.33329886,0.3329658,0.4504504,0.32056236,0.5683724
"np.mean(np.exp(np.sin(2*np.pi*9.776604365687303-np.sin(2*np.pi*1/(np.sqrt(abs(6.557652359231125)))/array_x*abs(array_x)))), axis=1)",0.0,0.0,1.0,0.5,0.5,0.0,0.0,0.0,0.0,0.0,0.0,0.0,0.45363694,0.5555951,0.3048163,0.38192904,0.6271485,0.3797389,0.31991485,0.33329886,0.3329658,0.4504504,0.32056236,0.5683724
"np.mean(np.exp(np.sin(2*np.pi*array_x-np.square(7.424888782692285))-np.square(2.714616913122911)), axis=1)",0.5996139,0.023876525,0.0,0.45586488,0.0433549,0.45000565,0.08404253,0.13309117,0.16940995,1.0,0.16226083,0.022729635,0.45363694,0.5555951,0.3048163,0.38192904,0.6271485,0.3797389,0.31991485,0.33329886,0.3329658,0.4504504,0.32056236,0.5683724
"np.mean(np.exp(np.sin(2*np.pi*np.sqrt(abs(1.2796726103909801)))*-(array_x)), axis=1)",0.0,1.0,0.1927693,0.0,0.6299091,0.0,5.08942e-09,0.0,0.0,0.0,1.2190218e-09,0.7934531,0.45363694,0.5555951,0.3048163,0.38192904,0.6271485,0.3797389,0.31991485,0.33329886,0.3329658,0.4504504,0.32056236,0.5683724
"np.mean(np.exp(np.sin(2*np.pi*np.sqrt(abs(6.935140054885947+array_x)))), axis=1)",0.9784411,0.26499337,0.0015139822,0.15118541,0.29912156,0.18918109,0.0005184442,0.018664965,0.015764788,0.6533566,0.004334183,0.108858846,0.45363694,0.5555951,0.3048163,0.38192904,0.6271485,0.3797389,0.31991485,0.33329886,0.3329658,0.4504504,0.32056236,0.5683724
"np.mean(np.exp(np.sin(2*np.pi*np.sqrt(abs(np.sin(2*np.pi*np.sqrt(abs(8.946353564721822-array_x)))+8.820705550514326)))+5.611286221110055), axis=1)",0.44827542,0.15407476,0.002568232,0.08615507,0.6710513,0.06571311,0.00042400474,0.010272785,0.0074854335,0.2290034,0.0005534719,0.19719574,0.45363694,0.5555951,0.3048163,0.38192904,0.6271485,0.3797389,0.31991485,0.33329886,0.3329658,0.4504504,0.32056236,0.5683724
"np.mean(np.exp(np.sqrt(abs((np.array(range(1, array_x.shape[1]+1)))*array_x-4.3905725030639395+2.7404584483661707*(np.array(range(1, array_x.shape[1]+1)))+3.2594156455737333))), axis=1)",0.21495165,0.56921226,0.09774051,0.120068565,0.9010866,0.06341246,0.0,0.061869495,0.10819727,0.17175572,0.003684699,0.66039646,0.45363694,0.5555951,0.3048163,0.38192904,0.6271485,0.3797389,0.31991485,0.33329886,0.3329658,0.4504504,0.32056236,0.5683724
"np.mean(np.exp(np.sqrt(abs(10*(array_x))))+2.4755949918302997, axis=1)",0.8427409,0.23906507,0.015608022,0.2944118,0.6001666,0.35530776,0.020089854,0.117361665,0.11403667,0.86508685,0.027221413,0.30355555,0.45363694,0.5555951,0.3048163,0.38192904,0.6271485,0.3797389,0.31991485,0.33329886,0.3329658,0.4504504,0.32056236,0.5683724
"np.mean(np.exp(np.sqrt(abs(array_x))+np.sqrt(abs(-(array_x)-1.627626850482585))), axis=1)",0.9692237,0.2345231,0.05122676,0.5891871,0.30549368,0.64190495,0.16876337,0.29444185,0.31420535,0.99507797,0.16798912,0.2157663,0.45363694,0.5555951,0.3048163,0.38192904,0.6271485,0.3797389,0.31991485,0.33329886,0.3329658,0.4504504,0.32056236,0.5683724
"np.mean(np.exp(np.sqrt(abs(np.cos(2*np.pi*4.91718237168954))))+np.log(abs(4.622709951162807-1.2919204253353709*array_x)), axis=1)",0.93223643,0.09893208,0.18057366,0.7797862,0.41465813,0.7753609,0.45567712,0.7020312,0.8206056,0.9762618,0.35868284,0.2168331,0.45363694,0.5555951,0.3048163,0.38192904,0.6271485,0.3797389,0.31991485,0.33329886,0.3329658,0.4504504,0.32056236,0.5683724
"np.mean(np.exp(np.sqrt(abs(np.cos(2*np.pi*np.exp(9.16623109371942+(np.array(range(1, array_x.shape[1]+1)))-np.sqrt(abs(array_x))*1/(8.007612976955095)/(np.array(range(1, array_x.shape[1]+1)))/array_x))))), axis=1)",0.474023,0.64873934,0.49921682,0.45071334,0.47485116,0.5782735,0.6655341,0.5051192,0.61165494,0.60876703,0.6208161,0.49242058,0.45363694,0.5555951,0.3048163,0.38192904,0.6271485,0.3797389,0.31991485,0.33329886,0.3329658,0.4504504,0.32056236,0.5683724
"np.mean(np.exp(np.sqrt(abs(np.exp(array_x)-5.0155653685379225)))+4.2253763420496115*np.sqrt(abs(1/(9.986558774336292))), axis=1)",0.67792934,0.8602157,0.44678617,0.55167294,0.7863486,0.3930157,0.008087648,0.2862921,0.29649642,0.79025614,0.026959121,0.6157369,0.45363694,0.5555951,0.3048163,0.38192904,0.6271485,0.3797389,0.31991485,0.33329886,0.3329658,0.4504504,0.32056236,0.5683724
"np.mean(np.exp(np.sqrt(abs(np.exp(array_x)-abs(9.129117103010593)/array_x+3.659223672971103))), axis=1)",0.7098041,0.76735085,0.58432823,0.2745319,0.7862649,0.33958513,0.4122427,0.4533389,0.47079894,0.7439908,0.021560522,0.58251584,0.45363694,0.5555951,0.3048163,0.38192904,0.6271485,0.3797389,0.31991485,0.33329886,0.3329658,0.4504504,0.32056236,0.5683724
"np.mean(np.exp(np.sqrt(abs(np.log(abs(8.014076082099226+array_x))))), axis=1)+10*(np.sin(2*np.pi*np.mean(np.exp(np.sqrt(abs(np.log(abs(1.5969118818036714+array_x))))), axis=1)))",0.17747808,0.9141557,0.8351391,0.5206208,1.0,0.42978212,0.61286247,0.33069763,0.27756268,0.19130233,0.6061488,0.95338917,0.45363694,0.5555951,0.3048163,0.38192904,0.6271485,0.3797389,0.31991485,0.33329886,0.3329658,0.4504504,0.32056236,0.5683724
"np.mean(np.exp(np.sqrt(abs(np.log(abs(array_x/-(6.087829871906033)*9.96454183633641))))), axis=1)+10*(np.sin(2*np.pi*np.mean(np.exp(np.sqrt(abs(np.log(abs(array_x/-(2.910476899392859)*5.890412723280875))))), axis=1)))",0.545016,0.5685431,0.26119566,0.61684203,0.39791006,0.50305504,0.31328037,0.32638407,0.34525603,0.5013269,0.40186447,0.532023,0.45363694,0.5555951,0.3048163,0.38192904,0.6271485,0.3797389,0.31991485,0.33329886,0.3329658,0.4504504,0.32056236,0.5683724
"np.mean(np.exp(np.sqrt(abs(np.square(np.exp(3.9566353799099976))-(np.array(range(1, array_x.shape[1]+1)))))--(np.square(array_x))-10*(2.5233625954158763)), axis=1)+np.sin(2*np.pi*np.mean(np.exp(np.sqrt(abs(np.square(np.exp(1.5422378692231942))-(np.array(range(1, array_x.shape[1]+1)))))--(np.square(array_x))-10*(3.6401210377067112)), axis=1))",0.6100037,0.08080913,0.001485634,0.043767445,0.9149493,0.06222184,0.0013020321,0.014418708,0.0036784064,0.432711,0.0014350809,0.23629133,0.45363694,0.5555951,0.3048163,0.38192904,0.6271485,0.3797389,0.31991485,0.33329886,0.3329658,0.4504504,0.32056236,0.5683724
"np.mean(np.exp(np.square(1/(4.879171863198498)))-8.831565867295213*array_x*array_x+array_x, axis=1)+10*(np.sin(2*np.pi*np.mean(np.exp(np.square(1/(2.114419977597409)))-9.629923012005312*array_x*array_x+array_x, axis=1)))",3.4512761e-06,1.0,0.41702357,0.004852813,0.900858,0.00975707,0.036432117,0.010624611,0.010188447,0.010040294,0.02101161,0.9011118,0.45363694,0.5555951,0.3048163,0.38192904,0.6271485,0.3797389,0.31991485,0.33329886,0.3329658,0.4504504,0.32056236,0.5683724
"np.mean(np.exp(np.square(abs(8.196067893235433)/10*(5.949901726547024/np.log(abs(array_x+abs(6.782222427460749)))))), axis=1)",0.0,1.0,0.17963482,4.750814e-16,0.5695803,2.513063e-16,1.1699257e-08,1.5235633e-16,2.6303129e-16,3.85502e-17,1.009102e-08,0.8415612,0.45363694,0.5555951,0.3048163,0.38192904,0.6271485,0.3797389,0.31991485,0.33329886,0.3329658,0.4504504,0.32056236,0.5683724
"np.mean(np.exp(np.square(array_x)), axis=1)",0.4229604,0.09036183,0.0,0.066538,0.9172596,0.060309388,0.0025357488,0.021103846,0.014420672,0.45862815,0.0017598945,0.2609206,0.45363694,0.5555951,0.3048163,0.38192904,0.6271485,0.3797389,0.31991485,0.33329886,0.3329658,0.4504504,0.32056236,0.5683724
"np.mean(np.exp(np.square(array_x)/3.8679398507471014), axis=1)+10*(np.sin(2*np.pi*np.mean(np.exp(np.square(array_x)/5.485368073260559), axis=1)))",0.7142583,0.47776288,0.3270355,0.43218434,0.5602935,0.2683518,0.15342143,0.018068051,0.25297016,0.5827207,0.164431,0.575007,0.45363694,0.5555951,0.3048163,0.38192904,0.6271485,0.3797389,0.31991485,0.33329886,0.3329658,0.4504504,0.32056236,0.5683724
"np.mean(np.exp(np.square(np.log(abs(array_x))+(np.array(range(1, array_x.shape[1]+1))))), axis=1)+10*(np.sin(2*np.pi*np.mean(np.exp(np.square(np.log(abs(array_x))+(np.array(range(1, array_x.shape[1]+1))))), axis=1)))",0.01604546,9.543902e-06,1.192302e-10,4.4292545e-10,3.2251515e-07,2.5602588e-08,1.9701377e-19,2.5712677e-11,2.815905e-13,1.0,2.1852821e-16,2.5365541e-06,0.45363694,0.5555951,0.3048163,0.38192904,0.6271485,0.3797389,0.31991485,0.33329886,0.3329658,0.4504504,0.32056236,0.5683724
"np.mean(np.exp(np.square(np.round(array_x)-np.sqrt(abs(4.102593835950176))+array_x)+np.log(abs(8.409900252183032-array_x))), axis=1)",0.40711978,0.23430313,0.00068687863,0.0061522373,0.15573846,0.0062062675,3.0668783e-05,0.00045193342,0.0009111952,0.06979201,0.0001650612,0.02700017,0.45363694,0.5555951,0.3048163,0.38192904,0.6271485,0.3797389,0.31991485,0.33329886,0.3329658,0.4504504,0.32056236,0.5683724
"np.mean(np.exp(np.square(np.sin(2*np.pi*array_x))), axis=1)",0.7558757,0.10229807,0.0,0.77225876,0.35078928,0.7686882,0.42772484,0.31238455,0.43018737,0.65065336,0.3950123,0.19062491,0.45363694,0.5555951,0.3048163,0.38192904,0.6271485,0.3797389,0.31991485,0.33329886,0.3329658,0.4504504,0.32056236,0.5683724
"np.mean(np.log(abs((np.array(range(1, array_x.shape[1]+1)))+4.844430534862438))/array_x/7.12853387557081, axis=1)",1.0,0.9960295,0.4713504,1.0,0.9990875,1.0,0.9999999,1.0,1.0,1.0,0.9999999,0.9945897,0.45363694,0.5555951,0.3048163,0.38192904,0.6271485,0.3797389,0.31991485,0.33329886,0.3329658,0.4504504,0.32056236,0.5683724
"np.mean(np.log(abs(-(1.9988491493033327*10*(2.1196705873427577-np.cos(2*np.pi*array_x-9.060454343411681)))/4.572641329126015*np.sqrt(abs(array_x))-4.718381926635081)), axis=1)",1.0,0.10612207,0.21961756,0.6788565,0.36133918,0.6071868,0.18332289,0.5001668,0.47207594,0.9033417,0.32654238,0.18788454,0.45363694,0.5555951,0.3048163,0.38192904,0.6271485,0.3797389,0.31991485,0.33329886,0.3329658,0.4504504,0.32056236,0.5683724
"np.mean(np.log(abs(-(array_x)-abs(7.330203424539226)/8.574361603667267*abs(np.square(array_x)-9.547505031902169))), axis=1)+np.sin(2*np.pi*np.mean(np.log(abs(-(array_x)-abs(3.8852322907897205)/3.7679371043820744*abs(np.square(array_x)-8.027877965497632))), axis=1))",1.0,0.08799023,0.10961903,0.8188073,0.5142075,0.74875116,0.6725333,0.59901613,0.71339864,0.9307267,0.6464591,0.30450115,0.45363694,0.5555951,0.3048163,0.38192904,0.6271485,0.3797389,0.31991485,0.33329886,0.3329658,0.4504504,0.32056236,0.5683724
"np.mean(np.log(abs(1.0989112447767182-10*(np.sqrt(abs(array_x))))), axis=1)",1.0,0.033660147,0.15445401,0.84709436,0.49202523,0.84861284,0.6329522,0.8481969,0.7740787,0.92970467,0.69551367,0.14320385,0.45363694,0.5555951,0.3048163,0.38192904,0.6271485,0.3797389,0.31991485,0.33329886,0.3329658,0.4504504,0.32056236,0.5683724
"np.mean(np.log(abs(1.9147345636886932))*np.log(abs(5.129268250359347))/(np.array(range(1, array_x.shape[1]+1)))*array_x, axis=1)",1.2387457e-15,0.80758387,0.29665396,1.5847688e-15,0.9715116,9.641145e-16,3.831811e-07,1.483399e-15,5.5422737e-16,0.0,4.923851e-07,0.9190052,0.45363694,0.5555951,0.3048163,0.38192904,0.6271485,0.3797389,0.31991485,0.33329886,0.3329658,0.4504504,0.32056236,0.5683724
"np.mean(np.log(abs(1/((np.array(range(1, array_x.shape[1]+1)))-array_x))), axis=1)",0.0,0.8411485,0.17995116,0.0,0.8653846,1.7309044e-15,1.7226331e-09,0.0,0.0,0.0,2.448701e-07,0.94665223,0.45363694,0.5555951,0.3048163,0.38192904,0.6271485,0.3797389,0.31991485,0.33329886,0.3329658,0.4504504,0.32056236,0.5683724
"np.mean(np.log(abs(1/(8.342116209806521+array_x*array_x))), axis=1)",0.0,0.92108935,0.006056601,3.513639e-15,0.6019665,0.0,1.682404e-08,0.0,0.0,0.0,1.9634834e-08,1.0,0.45363694,0.5555951,0.3048163,0.38192904,0.6271485,0.3797389,0.31991485,0.33329886,0.3329658,0.4504504,0.32056236,0.5683724
"np.mean(np.log(abs(1/(array_x))), axis=1)+np.sin(2*np.pi*np.mean(np.log(abs(1/(array_x))), axis=1))",0.37755775,1.3270657e-07,9.614664e-10,0.28002557,4.0606506e-07,0.12922822,0.030970752,0.16386168,0.05887486,0.27900866,0.010433658,2.6038177e-07,0.45363694,0.5555951,0.3048163,0.38192904,0.6271485,0.3797389,0.31991485,0.33329886,0.3329658,0.4504504,0.32056236,0.5683724
"np.mean(np.log(abs(1/(array_x)-1.591454537780595)), axis=1)",0.9866098,0.025089568,0.2408607,0.8667244,0.4913201,0.8625842,0.66000766,0.79959965,0.8179119,0.98912007,0.6103236,0.08751724,0.45363694,0.5555951,0.3048163,0.38192904,0.6271485,0.3797389,0.31991485,0.33329886,0.3329658,0.4504504,0.32056236,0.5683724
"np.mean(np.log(abs(1/(array_x*2.7866543514300455)))+np.log(abs(1/(1.6473591026552308)-array_x)), axis=1)",0.9776607,0.043371584,0.09086403,0.9007345,0.46064827,0.842669,0.71224785,0.77043146,0.7924682,0.98923486,0.642402,0.26732916,0.45363694,0.5555951,0.3048163,0.38192904,0.6271485,0.3797389,0.31991485,0.33329886,0.3329658,0.4504504,0.32056236,0.5683724
"np.mean(np.log(abs(1/(array_x-1.0986954577846482*9.284085224344643))), axis=1)",0.0,0.92369926,0.29666948,0.0,0.85954744,0.0,1.2893751e-08,0.0,0.0,0.0,1.33022535e-08,0.9370228,0.45363694,0.5555951,0.3048163,0.38192904,0.6271485,0.3797389,0.31991485,0.33329886,0.3329658,0.4504504,0.32056236,0.5683724
"np.mean(np.log(abs(1/(np.square(np.sin(2*np.pi*np.cos(2*np.pi*array_x))))/np.square(9.827310684486408)-10*(array_x))), axis=1)",0.996252,0.16331853,0.14759359,0.86064035,0.48382342,0.87337375,0.68824637,0.78308946,0.84105104,0.9640307,0.6796715,0.21714002,0.45363694,0.5555951,0.3048163,0.38192904,0.6271485,0.3797389,0.31991485,0.33329886,0.3329658,0.4504504,0.32056236,0.5683724
"np.mean(np.log(abs(10*(1.7591455920393309)+array_x*9.434234381629956*np.square(array_x))), axis=1)",1.0,0.0027431017,0.30589414,0.86295366,0.53728616,0.8466664,0.6327055,0.7071539,0.6996452,0.9245711,0.4647637,0.099736825,0.45363694,0.5555951,0.3048163,0.38192904,0.6271485,0.3797389,0.31991485,0.33329886,0.3329658,0.4504504,0.32056236,0.5683724
"np.mean(np.log(abs(10*(array_x*5.82586399263333-np.square(4.512996081631091)-np.square(4.2640467400773225)-array_x))), axis=1)+np.sin(2*np.pi*np.mean(np.log(abs(10*(array_x*6.306088106505759-np.square(8.839070696518004)-np.square(1.8315772435790638)-array_x))), axis=1))",1.7027972e-08,0.8435382,0.12671715,5.039577e-10,0.6711663,3.169432e-10,1.2134416e-07,2.2049426e-12,9.407533e-12,3.87784e-09,1.8393227e-07,1.0,0.45363694,0.5555951,0.3048163,0.38192904,0.6271485,0.3797389,0.31991485,0.33329886,0.3329658,0.4504504,0.32056236,0.5683724
"np.mean(np.log(abs(10*(np.sqrt(abs(array_x-5.369195807875503/np.log(abs(4.699309122587167)))))+np.sin(2*np.pi*array_x-np.exp(4.768256185637154)*np.sqrt(abs(array_x-6.711721453665963))))), axis=1)",0.98688775,0.033940744,0.25936466,0.87597287,0.5047833,0.8876741,0.70906013,0.745243,0.85981834,0.9819376,0.7087193,0.16764632,0.45363694,0.5555951,0.3048163,0.38192904,0.6271485,0.3797389,0.31991485,0.33329886,0.3329658,0.4504504,0.32056236,0.5683724
"np.mean(np.log(abs(10*(np.square(4.242256683007838*array_x-3.9319732453914167)))), axis=1)+10*(np.sin(2*np.pi*np.mean(np.log(abs(10*(np.square(5.322533978515382*array_x-6.165243656108276)))), axis=1)))",0.90192163,0.09870489,0.029171987,0.76610553,0.34939137,0.7078708,0.75394434,0.6268049,0.66943145,1.0,0.6869729,0.03808505,0.45363694,0.5555951,0.3048163,0.38192904,0.6271485,0.3797389,0.31991485,0.33329886,0.3329658,0.4504504,0.32056236,0.5683724
"np.mean(np.log(abs(2.0316971494238674+array_x/array_x*6.758108925152924*np.exp(array_x)-7.334243078251139*(np.array(range(1, array_x.shape[1]+1)))+4.3843455190322205)), axis=1)",0.97538686,0.19397077,0.20999406,0.8525682,0.38789606,0.84136015,0.623518,0.7630627,0.7348079,0.9583442,0.5852387,0.0,0.45363694,0.5555951,0.3048163,0.38192904,0.6271485,0.3797389,0.31991485,0.33329886,0.3329658,0.4504504,0.32056236,0.5683724
"np.mean(np.log(abs(2.0863712159222114))-np.exp(np.exp(np.cos(2*np.pi*abs(array_x+2.362670042956071)))), axis=1)",0.97144336,0.013563605,0.0,0.7378747,0.3095455,0.6090472,0.33872595,0.2909986,0.3534826,0.7841254,0.143516,0.02119571,0.45363694,0.5555951,0.3048163,0.38192904,0.6271485,0.3797389,0.31991485,0.33329886,0.3329658,0.4504504,0.32056236,0.5683724
"np.mean(np.log(abs(2.2116204154070767*6.1801022696943235-array_x)), axis=1)",0.0,1.0,0.315731,0.0,0.91565216,0.0,4.136875e-08,0.0,0.0,0.0,3.0678642e-08,0.9612549,0.45363694,0.5555951,0.3048163,0.38192904,0.6271485,0.3797389,0.31991485,0.33329886,0.3329658,0.4504504,0.32056236,0.5683724
"np.mean(np.log(abs(2.714242776648093))+array_x, axis=1)+np.sin(2*np.pi*np.mean(np.log(abs(8.633730634089122))+array_x, axis=1))",0.16667013,0.99999875,0.99999875,0.62499976,0.9999989,0.58333343,0.9999982,0.99999857,0.49999994,0.0,0.99999934,0.99999875,0.45363694,0.5555951,0.3048163,0.38192904,0.6271485,0.3797389,0.31991485,0.33329886,0.3329658,0.4504504,0.32056236,0.5683724
"np.mean(np.log(abs(2.840458698528712/np.log(abs(array_x)))), axis=1)",1.0,0.3574226,0.036613483,0.6895979,0.52529615,0.70218104,0.3611771,0.56125826,0.57460636,0.94127434,0.36097172,0.22177005,0.45363694,0.5555951,0.3048163,0.38192904,0.6271485,0.3797389,0.31991485,0.33329886,0.3329658,0.4504504,0.32056236,0.5683724
"np.mean(np.log(abs(3.2310939977105355+np.square(array_x-6.538382515147563))), axis=1)",0.0,0.91556513,0.38805264,1.695954e-15,0.9635891,4.99663e-16,2.3595465e-08,6.3141923e-16,9.213673e-16,0.0,3.0286174e-08,0.8781107,0.45363694,0.5555951,0.3048163,0.38192904,0.6271485,0.3797389,0.31991485,0.33329886,0.3329658,0.4504504,0.32056236,0.5683724
"np.mean(np.log(abs(4.205462424989648+np.round(array_x)))+np.sqrt(abs(2.6167576044795813)), axis=1)",0.20090385,0.96885604,0.7044107,0.14607567,0.9160061,0.15623087,0.0,0.0,0.0,0.20679738,0.0,0.9690905,0.45363694,0.5555951,0.3048163,0.38192904,0.6271485,0.3797389,0.31991485,0.33329886,0.3329658,0.4504504,0.32056236,0.5683724
"np.mean(np.log(abs(4.397570887843638*array_x*np.cos(2*np.pi*array_x))), axis=1)+np.sin(2*np.pi*np.mean(np.log(abs(5.526847898565176*array_x*np.cos(2*np.pi*array_x))), axis=1))",0.9963233,0.37424195,0.41857848,0.99176735,0.5833046,0.82489496,0.49503416,0.51934314,0.9887279,0.8253042,0.50028896,0.49994558,0.45363694,0.5555951,0.3048163,0.38192904,0.6271485,0.3797389,0.31991485,0.33329886,0.3329658,0.4504504,0.32056236,0.5683724
"np.mean(np.log(abs(5.6234874947673195-array_x)), axis=1)+np.sin(2*np.pi*np.mean(np.log(abs(3.78018906306355-array_x)), axis=1))",0.00016121696,0.9667836,0.8386006,0.349675,0.93930167,0.25743672,0.57909447,0.62002844,0.3581598,0.09994914,0.6146165,0.95933986,0.45363694,0.5555951,0.3048163,0.38192904,0.6271485,0.3797389,0.31991485,0.33329886,0.3329658,0.4504504,0.32056236,0.5683724
"np.mean(np.log(abs(5.730865114321142-np.log(abs(array_x)))), axis=1)+np.sin(2*np.pi*np.mean(np.log(abs(3.9207833619983217-np.log(abs(array_x)))), axis=1))",4.812523e-16,0.9861043,0.021398624,6.3112854e-16,0.7395661,5.6184177e-16,5.9437273e-09,0.0,0.0,0.0,5.568424e-09,0.89676714,0.45363694,0.5555951,0.3048163,0.38192904,0.6271485,0.3797389,0.31991485,0.33329886,0.3329658,0.4504504,0.32056236,0.5683724
"np.mean(np.log(abs(5.980525543878421))/abs(1/(9.650430979542792)-array_x/5.375716146316586), axis=1)",1.4116212e-15,0.9123832,0.038106028,5.694505e-15,0.74654305,2.293481e-15,1.9022353e-08,0.0,9.80242e-16,1.316337e-15,3.613072e-09,0.93763787,0.45363694,0.5555951,0.3048163,0.38192904,0.6271485,0.3797389,0.31991485,0.33329886,0.3329658,0.4504504,0.32056236,0.5683724
"np.mean(np.log(abs(6.372109374332564))-array_x, axis=1)+np.sin(2*np.pi*np.mean(np.log(abs(8.105207947184088))-array_x, axis=1))",0.13528301,0.9999998,0.9999998,0.49999917,0.9999998,0.5833341,0.9999998,0.9999989,0.5833332,0.0,0.99999976,0.9999998,0.45363694,0.5555951,0.3048163,0.38192904,0.6271485,0.3797389,0.31991485,0.33329886,0.3329658,0.4504504,0.32056236,0.5683724
"np.mean(np.log(abs(6.445525743733522-array_x)), axis=1)",0.0,0.9708193,0.49135453,6.8895823e-16,0.8686235,6.5517473e-15,3.6243677e-07,3.5331466e-15,1.2501734e-15,1.6478002e-15,2.8010654e-06,0.97341436,0.45363694,0.5555951,0.3048163,0.38192904,0.6271485,0.3797389,0.31991485,0.33329886,0.3329658,0.4504504,0.32056236,0.5683724
"np.mean(np.log(abs(6.549910767901551*array_x)), axis=1)+10*(np.sin(2*np.pi*np.mean(np.log(abs(6.740742458547208*array_x)), axis=1)))",0.49992797,0.25038987,0.4978322,0.4996366,0.49705788,0.4982998,0.5003479,0.547041,0.49876317,0.49848473,0.5000638,0.49831718,0.45363694,0.5555951,0.3048163,0.38192904,0.6271485,0.3797389,0.31991485,0.33329886,0.3329658,0.4504504,0.32056236,0.5683724
"np.mean(np.log(abs(7.120868532835223+array_x))-np.cos(2*np.pi*7.565579244147933), axis=1)",3.919925e-16,0.89712286,0.54628074,6.7695567e-16,0.8721362,3.3038893e-15,1.0456305e-07,2.2474245e-15,1.1235643e-15,1.2097373e-15,1.5301806e-06,0.98374057,0.45363694,0.5555951,0.3048163,0.38192904,0.6271485,0.3797389,0.31991485,0.33329886,0.3329658,0.4504504,0.32056236,0.5683724
"np.mean(np.log(abs(7.262133791416099/np.cos(2*np.pi*np.sqrt(abs(2.735191489425212+array_x))/(np.array(range(1, array_x.shape[1]+1)))))), axis=1)",0.46254325,0.66176325,0.029223016,0.12095319,0.77475655,0.2809029,0.15603466,0.082657546,0.11833109,0.5297597,0.010153127,0.634463,0.45363694,0.5555951,0.3048163,0.38192904,0.6271485,0.3797389,0.31991485,0.33329886,0.3329658,0.4504504,0.32056236,0.5683724
"np.mean(np.log(abs(7.451479066407963+1.8974480345878821/array_x)), axis=1)",0.95226026,0.19846986,0.26576078,0.95984,0.4736957,0.92802733,0.7407595,0.82509506,0.76330584,0.9858563,0.74583423,0.0,0.45363694,0.5555951,0.3048163,0.38192904,0.6271485,0.3797389,0.31991485,0.33329886,0.3329658,0.4504504,0.32056236,0.5683724
"np.mean(np.log(abs(7.892672746741877))*array_x-np.square(array_x-2.830193294294416)+8.072650596973903, axis=1)",0.12304304,0.7796525,0.4266407,0.26691094,0.9851447,1.3387248e-15,1.6127924e-06,0.25195345,2.1746813e-15,4.9092346e-16,8.280578e-06,0.9493027,0.45363694,0.5555951,0.3048163,0.38192904,0.6271485,0.3797389,0.31991485,0.33329886,0.3329658,0.4504504,0.32056236,0.5683724
"np.mean(np.log(abs(8.107287395450872-np.log(abs(array_x)))), axis=1)",0.0,0.96089244,0.009460236,0.0,0.62530756,0.0,4.496222e-09,0.0,0.0,0.0,5.899605e-09,0.9763551,0.45363694,0.5555951,0.3048163,0.38192904,0.6271485,0.3797389,0.31991485,0.33329886,0.3329658,0.4504504,0.32056236,0.5683724
"np.mean(np.log(abs(8.239175625438541-(np.array(range(1, array_x.shape[1]+1)))*array_x-(np.array(range(1, array_x.shape[1]+1)))*array_x/6.210216523104722))-7.5563590315509455, axis=1)",1.0,0.008968876,0.30805907,0.92586607,0.50397855,0.80486315,0.6191789,0.7276682,0.7751167,0.9658962,0.48484832,0.14495984,0.45363694,0.5555951,0.3048163,0.38192904,0.6271485,0.3797389,0.31991485,0.33329886,0.3329658,0.4504504,0.32056236,0.5683724
"np.mean(np.log(abs(9.20649492294824))+np.square(array_x), axis=1)+10*(np.sin(2*np.pi*np.mean(np.log(abs(8.63953441728533))+np.square(array_x), axis=1)))",0.00015267139,1.441091e-10,0.4999967,1.15232415e-05,1.8730796e-10,2.9339986e-05,1.1950618e-05,2.786764e-05,9.455974e-06,2.8917422e-05,2.9776644e-05,1.0330383e-09,0.45363694,0.5555951,0.3048163,0.38192904,0.6271485,0.3797389,0.31991485,0.33329886,0.3329658,0.4504504,0.32056236,0.5683724
"np.mean(np.log(abs(9.639524413777199+np.log(abs(array_x-3.08572836683972)))), axis=1)",1.0,0.0,0.22173648,0.93966985,0.40136996,0.963774,0.7630595,0.9216933,0.88715434,0.9435466,0.7976114,0.096333295,0.45363694,0.5555951,0.3048163,0.38192904,0.6271485,0.3797389,0.31991485,0.33329886,0.3329658,0.4504504,0.32056236,0.5683724
"np.mean(np.log(abs(9.64203618299109*array_x-8.520266561131951+1.8417142932822612)), axis=1)+10*(np.sin(2*np.pi*np.mean(np.log(abs(2.6009315529857084*array_x-8.44686454070584+4.437789949087079)), axis=1)))",0.8573874,0.004163903,0.2862911,0.9015536,0.18050008,0.77732927,0.70166624,0.58866364,0.7476377,0.9756547,0.72332734,0.26953346,0.45363694,0.5555951,0.3048163,0.38192904,0.6271485,0.3797389,0.31991485,0.33329886,0.3329658,0.4504504,0.32056236,0.5683724
"np.mean(np.log(abs(9.911475557447678*array_x-7.504642772769764))+array_x/abs(-(8.125730154934377+array_x/9.402770091887003))*2.003116281307064, axis=1)+10*(np.sin(2*np.pi*np.mean(np.log(abs(5.60895910659951*array_x-2.867806843158742))+array_x/abs(-(4.532364143901145+array_x/3.221206703276502))*3.1731004880809954, axis=1)))",0.96815073,0.123850286,0.24946424,0.8347206,0.37214965,0.9720996,0.6865969,0.7023049,0.76463234,0.94005764,0.7589806,0.36620185,0.45363694,0.5555951,0.3048163,0.38192904,0.6271485,0.3797389,0.31991485,0.33329886,0.3329658,0.4504504,0.32056236,0.5683724
"np.mean(np.log(abs(abs(5.759066393066196)+8.736561783296247/array_x)), axis=1)+10*(np.sin(2*np.pi*np.mean(np.log(abs(abs(6.941504106176737)+2.9784861691303286/array_x)), axis=1)))",0.96903354,0.104949,0.2599024,0.8375994,0.5044286,0.8569615,0.6264556,0.77840817,0.68754035,0.9855186,0.64182717,0.09413523,0.45363694,0.5555951,0.3048163,0.38192904,0.6271485,0.3797389,0.31991485,0.33329886,0.3329658,0.4504504,0.32056236,0.5683724
"np.mean(np.log(abs(abs(array_x)*2.9505753352724007-array_x)), axis=1)",0.9356159,0.06676218,0.38107288,0.8271477,0.41263485,0.82990867,0.6033054,0.8145807,0.73403764,1.0,0.5766592,0.0,0.45363694,0.5555951,0.3048163,0.38192904,0.6271485,0.3797389,0.31991485,0.33329886,0.3329658,0.4504504,0.32056236,0.5683724
"np.mean(np.log(abs(abs(array_x-7.54843828459535)/np.sin(2*np.pi*(np.array(range(1, array_x.shape[1]+1)))+2.8286123594936936))), axis=1)+np.sin(2*np.pi*np.mean(np.log(abs(abs(array_x-4.198225936378368)/np.sin(2*np.pi*(np.array(range(1, array_x.shape[1]+1)))+8.450143391274253))), axis=1))",0.14973326,0.9881564,0.87414086,0.18309955,0.96251196,0.42506367,0.6738324,0.51794434,0.6558531,0.33312362,0.6891895,0.9499765,0.45363694,0.5555951,0.3048163,0.38192904,0.6271485,0.3797389,0.31991485,0.33329886,0.3329658,0.4504504,0.32056236,0.5683724
"np.mean(np.log(abs(abs(array_x/array_x*array_x)/4.221927997836458/np.sqrt(abs(2.5233156908827845+array_x*9.057743223366696)))), axis=1)",1.0,0.11358629,0.21170963,0.788136,0.44036373,0.8833079,0.5740209,0.78194135,0.7346876,0.9454948,0.64395833,0.036018997,0.45363694,0.5555951,0.3048163,0.38192904,0.6271485,0.3797389,0.31991485,0.33329886,0.3329658,0.4504504,0.32056236,0.5683724
"np.mean(np.log(abs(array_x))+array_x+np.cos(2*np.pi*4.774020004101591)*(np.array(range(1, array_x.shape[1]+1)))/np.sqrt(abs(array_x+6.687995462316738-1.7264447958608393)), axis=1)",0.99288833,0.10695139,0.26353994,0.91248685,0.4287677,0.9469841,0.758083,0.8341022,0.7862809,1.0,0.64213604,0.017882297,0.45363694,0.5555951,0.3048163,0.38192904,0.6271485,0.3797389,0.31991485,0.33329886,0.3329658,0.4504504,0.32056236,0.5683724
"np.mean(np.log(abs(array_x))+array_x/4.878708054857403-(np.array(range(1, array_x.shape[1]+1)))-array_x, axis=1)",1.0,0.01798767,0.1505761,0.9029534,0.5671668,0.8688872,0.6905745,0.7966238,0.797662,0.9716716,0.7097894,0.2155256,0.45363694,0.5555951,0.3048163,0.38192904,0.6271485,0.3797389,0.31991485,0.33329886,0.3329658,0.4504504,0.32056236,0.5683724
"np.mean(np.log(abs(array_x))-array_x/8.996182773101829, axis=1)",1.0,0.12196487,0.3953983,0.869722,0.5152207,0.9171578,0.677894,0.7720979,0.8016359,0.9736968,0.74024075,0.10539508,0.45363694,0.5555951,0.3048163,0.38192904,0.6271485,0.3797389,0.31991485,0.33329886,0.3329658,0.4504504,0.32056236,0.5683724
"np.mean(np.log(abs(array_x))/array_x*9.964611207786197+9.584494055280073, axis=1)",1.0,0.9587008,0.1286504,1.0,0.9995682,1.0,0.99999994,1.0,1.0,1.0,0.9999998,0.9996126,0.45363694,0.5555951,0.3048163,0.38192904,0.6271485,0.3797389,0.31991485,0.33329886,0.3329658,0.4504504,0.32056236,0.5683724
"np.mean(np.log(abs(array_x*array_x-np.round(6.975221167708627))), axis=1)",0.9994472,0.17450216,0.048842482,0.87445617,0.4513394,0.7970184,0.5447618,0.60848504,0.6896809,0.9829238,0.5748748,0.07742108,0.45363694,0.5555951,0.3048163,0.38192904,0.6271485,0.3797389,0.31991485,0.33329886,0.3329658,0.4504504,0.32056236,0.5683724
"np.mean(np.log(abs(array_x+1.4455490810971483/array_x)), axis=1)",0.9954613,0.035855312,0.0,0.1939471,0.052048776,0.21745174,0.0049014143,0.021662075,0.029527314,0.914247,0.015641907,0.020061398,0.45363694,0.5555951,0.3048163,0.38192904,0.6271485,0.3797389,0.31991485,0.33329886,0.3329658,0.4504504,0.32056236,0.5683724
"np.mean(np.log(abs(array_x+7.8511313822817534/array_x)), axis=1)",0.8232737,0.27808177,0.004639674,0.21059774,0.38035113,0.11712701,0.0046667424,0.016444089,0.01871988,0.59552336,0.00040172462,0.11855241,0.45363694,0.5555951,0.3048163,0.38192904,0.6271485,0.3797389,0.31991485,0.33329886,0.3329658,0.4504504,0.32056236,0.5683724
"np.mean(np.log(abs(array_x+9.536340811974668))+array_x/np.sqrt(abs(array_x))*array_x-array_x, axis=1)+np.sin(2*np.pi*np.mean(np.log(abs(array_x+2.7612860866949926))+array_x/np.sqrt(abs(array_x))*array_x-array_x, axis=1))",0.21866708,1.0,0.14526021,0.1147029,0.24390642,0.08104773,0.01054393,0.014432455,0.020744888,0.25602984,0.015754819,0.39282706,0.45363694,0.5555951,0.3048163,0.38192904,0.6271485,0.3797389,0.31991485,0.33329886,0.3329658,0.4504504,0.32056236,0.5683724
"np.mean(np.log(abs(array_x-2.5797104270523836+array_x*array_x/9.096664107775371-np.square(5.003462677721577/array_x))), axis=1)",0.9763687,0.26360124,0.19461848,0.8244077,0.44038275,0.8237791,0.49209255,0.64798164,0.7712879,0.91059124,0.454153,0.07122293,0.45363694,0.5555951,0.3048163,0.38192904,0.6271485,0.3797389,0.31991485,0.33329886,0.3329658,0.4504504,0.32056236,0.5683724
"np.mean(np.log(abs(array_x-3.0474554785838635)), axis=1)+10*(np.sin(2*np.pi*np.mean(np.log(abs(array_x-9.981369263445918)), axis=1)))",0.2034595,0.71535283,0.01877726,0.19906938,0.8166661,0.3652719,0.08642087,0.18730912,0.17476654,0.26668024,0.11162099,0.8103821,0.45363694,0.5555951,0.3048163,0.38192904,0.6271485,0.3797389,0.31991485,0.33329886,0.3329658,0.4504504,0.32056236,0.5683724
"np.mean(np.log(abs(array_x/(np.array(range(1, array_x.shape[1]+1)))))/array_x-9.62361357558575, axis=1)",1.0,0.9526404,0.32768494,1.0,0.99975896,1.0,0.99999994,1.0,1.0,1.0,1.0,0.9997848,0.45363694,0.5555951,0.3048163,0.38192904,0.6271485,0.3797389,0.31991485,0.33329886,0.3329658,0.4504504,0.32056236,0.5683724
"np.mean(np.log(abs(np.cos(2*np.pi*10*(1.8321143574335756)-array_x)/1.0927920769044628)), axis=1)+np.sin(2*np.pi*np.mean(np.log(abs(np.cos(2*np.pi*10*(1.2250290994245592)-array_x)/6.056897581713725)), axis=1))",0.9441088,0.22605386,0.07137193,0.86525464,0.50448966,0.930829,0.69685143,0.82949847,0.726477,0.99498564,0.6562314,0.17124492,0.45363694,0.5555951,0.3048163,0.38192904,0.6271485,0.3797389,0.31991485,0.33329886,0.3329658,0.4504504,0.32056236,0.5683724
"np.mean(np.log(abs(np.cos(2*np.pi*10*(6.977527670851062)+array_x))), axis=1)",1.0,0.072314605,0.0136088235,0.8680433,0.3726639,0.85516137,0.54358196,0.64300466,0.66446406,0.9519444,0.6159417,0.13368532,0.45363694,0.5555951,0.3048163,0.38192904,0.6271485,0.3797389,0.31991485,0.33329886,0.3329658,0.4504504,0.32056236,0.5683724
"np.mean(np.log(abs(np.cos(2*np.pi*2.592492313915672/-(array_x)))), axis=1)",0.8977529,0.22203395,0.11720461,0.90000147,0.7836739,0.9502889,0.7499867,0.841506,0.7591376,0.96558523,0.81452256,0.06573502,0.45363694,0.5555951,0.3048163,0.38192904,0.6271485,0.3797389,0.31991485,0.33329886,0.3329658,0.4504504,0.32056236,0.5683724
"np.mean(np.log(abs(np.cos(2*np.pi*9.85530794213095*array_x*np.square(1.7925985526334451)*1.111201554883536-array_x-1.2259768035521212+np.log(abs(4.567916012614056-array_x))-(np.array(range(1, array_x.shape[1]+1)))))), axis=1)",0.6671656,0.6288434,0.14202482,0.74817014,0.5710862,0.77289534,0.83188677,0.7930138,0.6805169,0.7039249,0.6980141,0.73455125,0.45363694,0.5555951,0.3048163,0.38192904,0.6271485,0.3797389,0.31991485,0.33329886,0.3329658,0.4504504,0.32056236,0.5683724
"np.mean(np.log(abs(np.cos(2*np.pi*array_x/np.sin(2*np.pi*4.811807879037742)))), axis=1)",0.88192874,0.22882406,0.0,0.94420356,0.6362681,0.97841495,0.8775307,0.86344546,0.8173431,0.98667043,0.84313357,0.3788155,0.45363694,0.5555951,0.3048163,0.38192904,0.6271485,0.3797389,0.31991485,0.33329886,0.3329658,0.4504504,0.32056236,0.5683724
"np.mean(np.log(abs(np.cumsum(array_x-5.870404591637123, axis=1)))-1.354889983718047/array_x, axis=1)",1.0,0.56217664,0.6819721,1.0,0.99960977,0.99999994,0.9999995,1.0,0.9999999,1.0,0.99999684,0.99881756,0.45363694,0.5555951,0.3048163,0.38192904,0.6271485,0.3797389,0.31991485,0.33329886,0.3329658,0.4504504,0.32056236,0.5683724
"np.mean(np.log(abs(np.exp(array_x)*array_x/10*(-(3.7565864332605865))/3.161190134626997-array_x)), axis=1)",0.9921492,0.111981206,0.034550894,0.81687284,0.4387486,0.8170869,0.55946034,0.69988286,0.7858082,1.0,0.6394496,0.09189697,0.45363694,0.5555951,0.3048163,0.38192904,0.6271485,0.3797389,0.31991485,0.33329886,0.3329658,0.4504504,0.32056236,0.5683724
"np.mean(np.log(abs(np.exp(np.sin(2*np.pi*np.log(abs(array_x+4.706766525183374))))/5.610618055606772)), axis=1)",0.9736177,0.045409176,0.00043812356,0.1145865,0.116359584,0.13270888,0.0072655547,0.020361613,0.039033245,0.8484262,0.0023780058,0.11028418,0.45363694,0.5555951,0.3048163,0.38192904,0.6271485,0.3797389,0.31991485,0.33329886,0.3329658,0.4504504,0.32056236,0.5683724
"np.mean(np.log(abs(np.log(abs(4.273658174208068+(np.array(range(1, array_x.shape[1]+1)))*array_x)))), axis=1)",1.0,0.017074522,0.13091788,0.8793348,0.41304028,0.8673201,0.74850094,0.7981596,0.80583024,0.97943974,0.7138112,0.13465828,0.45363694,0.5555951,0.3048163,0.38192904,0.6271485,0.3797389,0.31991485,0.33329886,0.3329658,0.4504504,0.32056236,0.5683724
"np.mean(np.log(abs(np.log(abs(array_x)))), axis=1)",0.9802433,0.03146341,0.18011415,0.87589115,0.450597,0.8753966,0.61602765,0.7177875,0.7704938,1.0,0.5571218,0.19282603,0.45363694,0.5555951,0.3048163,0.38192904,0.6271485,0.3797389,0.31991485,0.33329886,0.3329658,0.4504504,0.32056236,0.5683724
"np.mean(np.log(abs(np.log(abs(array_x+(np.array(range(1, array_x.shape[1]+1)))+array_x/9.39268244926458))+7.264890868766421)), axis=1)",0.941223,0.0,0.2707707,0.8531921,0.43342352,0.9223124,0.76142436,0.8639583,0.8491786,0.99982244,0.7695425,0.01829809,0.45363694,0.5555951,0.3048163,0.38192904,0.6271485,0.3797389,0.31991485,0.33329886,0.3329658,0.4504504,0.32056236,0.5683724
"np.mean(np.log(abs(np.log(abs(array_x+5.8618483420272245+2.618112013240879))))+np.cos(2*np.pi*1.3435508304001331+array_x)-np.log(abs(2.9064366494818996)), axis=1)+np.sin(2*np.pi*np.mean(np.log(abs(np.log(abs(array_x+8.811932045038338+4.569883063238095))))+np.cos(2*np.pi*3.1904997936462927+array_x)-np.log(abs(9.287169042141372)), axis=1))",0.88475335,0.5879165,0.03888387,0.22090077,0.3814793,0.28031307,0.002603558,0.083210416,0.018584447,0.7412105,0.057719573,0.35439906,0.45363694,0.5555951,0.3048163,0.38192904,0.6271485,0.3797389,0.31991485,0.33329886,0.3329658,0.4504504,0.32056236,0.5683724
"np.mean(np.log(abs(np.log(abs(array_x+array_x*1.7950917469772878)))), axis=1)+10*(np.sin(2*np.pi*np.mean(np.log(abs(np.log(abs(array_x+array_x*9.884751687210056)))), axis=1)))",0.9947465,0.28533664,0.10055519,0.91750306,0.38693425,0.91246843,0.77162826,0.815687,0.81678265,0.9735795,0.7993767,0.16631085,0.45363694,0.5555951,0.3048163,0.38192904,0.6271485,0.3797389,0.31991485,0.33329886,0.3329658,0.4504504,0.32056236,0.5683724
"np.mean(np.log(abs(np.log(abs(np.cos(2*np.pi*abs(array_x-array_x/1.2396356879656647)+5.775840921920739)))))/np.sin(2*np.pi*2.339690954498682-array_x+9.25355752075803), axis=1)+np.sin(2*np.pi*np.mean(np.log(abs(np.log(abs(np.cos(2*np.pi*abs(array_x-array_x/4.992769074974218)+8.220742144325614)))))/np.sin(2*np.pi*1.5537800899716538-array_x+5.565621415040702), axis=1))",0.99999994,0.99995553,0.0,0.9999984,0.99997586,0.99999964,0.99997306,0.9999993,0.9999792,0.9999998,0.99999535,0.99968576,0.45363694,0.5555951,0.3048163,0.38192904,0.6271485,0.3797389,0.31991485,0.33329886,0.3329658,0.4504504,0.32056236,0.5683724
"np.mean(np.log(abs(np.round(3.2223298117548342+np.exp(array_x))*3.548638363082793)), axis=1)",0.0,0.45939514,0.520206,0.0,1.0,0.0,0.0,0.0,0.0,0.0,0.0,0.775,0.45363694,0.5555951,0.3048163,0.38192904,0.6271485,0.3797389,0.31991485,0.33329886,0.3329658,0.4504504,0.32056236,0.5683724
"np.mean(np.log(abs(np.round(array_x)+9.891588060626464*(np.array(range(1, array_x.shape[1]+1)))-3.183528965336953/np.log(abs(7.940482838259227)))), axis=1)",0.0,0.9213133,0.58086973,0.0,0.94779205,0.0,0.0,0.0,0.0,0.0,0.0,0.9944185,0.45363694,0.5555951,0.3048163,0.38192904,0.6271485,0.3797389,0.31991485,0.33329886,0.3329658,0.4504504,0.32056236,0.5683724
"np.mean(np.log(abs(np.sin(2*np.pi*-(6.779042893293086/array_x/8.818794885941234)))), axis=1)",0.92987823,0.4477433,0.081541285,0.888838,0.53447336,0.8594495,0.78154445,0.8240822,0.8325886,0.9706608,0.7182301,0.216418,0.45363694,0.5555951,0.3048163,0.38192904,0.6271485,0.3797389,0.31991485,0.33329886,0.3329658,0.4504504,0.32056236,0.5683724
"np.mean(np.log(abs(np.sin(2*np.pi*1/(6.117769476803304-array_x)))), axis=1)+np.sin(2*np.pi*np.mean(np.log(abs(np.sin(2*np.pi*1/(8.37869337865201-array_x)))), axis=1))",0.9290309,0.08638842,0.16296177,0.8832421,0.43078712,0.91038406,0.5918587,0.81877124,0.8001674,0.9847196,0.6562296,0.022939658,0.45363694,0.5555951,0.3048163,0.38192904,0.6271485,0.3797389,0.31991485,0.33329886,0.3329658,0.4504504,0.32056236,0.5683724
"np.mean(np.log(abs(np.sin(2*np.pi*10*(1/(9.134240256515074*np.log(abs(np.cumsum(8.15960576088987+array_x, axis=1)))))))), axis=1)+np.sin(2*np.pi*np.mean(np.log(abs(np.sin(2*np.pi*10*(1/(9.316474297166293*np.log(abs(np.cumsum(5.500474030967752+array_x, axis=1)))))))), axis=1))",1.0,0.0,0.17319556,0.8198734,0.3237228,0.89988035,0.6044437,0.83247775,0.85023355,0.9605273,0.6032204,0.0012051841,0.45363694,0.5555951,0.3048163,0.38192904,0.6271485,0.3797389,0.31991485,0.33329886,0.3329658,0.4504504,0.32056236,0.5683724
"np.mean(np.log(abs(np.sin(2*np.pi*array_x))), axis=1)",0.91529673,0.47541526,0.39330724,0.85674745,0.6106976,0.88465136,0.86186105,0.91161966,0.92048085,0.92078626,0.8574197,0.72087485,0.45363694,0.5555951,0.3048163,0.38192904,0.6271485,0.3797389,0.31991485,0.33329886,0.3329658,0.4504504,0.32056236,0.5683724
"np.mean(np.log(abs(np.sin(2*np.pi*np.exp(1/(9.600488741335903+array_x))))), axis=1)",0.0,0.88904893,0.22900201,0.0,0.89395475,0.0,5.1423097e-09,0.0,0.0,0.0,2.3809121e-09,1.0,0.45363694,0.5555951,0.3048163,0.38192904,0.6271485,0.3797389,0.31991485,0.33329886,0.3329658,0.4504504,0.32056236,0.5683724
"np.mean(np.log(abs(np.sin(2*np.pi*np.log(abs(1.330126691043041))/np.log(abs(array_x*2.6138149783882025))/np.sqrt(abs(array_x))-9.987477073761303))), axis=1)",0.9591337,0.28900707,0.23758031,0.8141882,0.64293236,0.86688876,0.6388003,0.8216989,0.7911582,0.99960136,0.60449773,0.0,0.45363694,0.5555951,0.3048163,0.38192904,0.6271485,0.3797389,0.31991485,0.33329886,0.3329658,0.4504504,0.32056236,0.5683724
"np.mean(np.log(abs(np.sin(2*np.pi*np.log(abs(5.7752921823562335))+(np.array(range(1, array_x.shape[1]+1)))*array_x/1.97406043699324-7.043733484325646-(np.array(range(1, array_x.shape[1]+1)))*array_x))), axis=1)",0.94010466,0.26914135,0.034863405,0.91681504,0.4254208,0.8708983,0.6406183,0.87528765,0.7751308,0.9820679,0.7194415,0.14126235,0.45363694,0.5555951,0.3048163,0.38192904,0.6271485,0.3797389,0.31991485,0.33329886,0.3329658,0.4504504,0.32056236,0.5683724
"np.mean(np.log(abs(np.sin(2*np.pi*np.sqrt(abs(np.exp(array_x)))))), axis=1)+np.sin(2*np.pi*np.mean(np.log(abs(np.sin(2*np.pi*np.sqrt(abs(np.exp(array_x)))))), axis=1))",0.99994206,0.5502506,0.018737605,0.99993354,0.49972326,0.5019918,0.26423964,0.7478979,0.9999238,0.99995404,0.59663916,0.9998579,0.45363694,0.5555951,0.3048163,0.38192904,0.6271485,0.3797389,0.31991485,0.33329886,0.3329658,0.4504504,0.32056236,0.5683724
"np.mean(np.log(abs(np.sin(2*np.pi*np.square(3.6814268587137975)*(np.array(range(1, array_x.shape[1]+1)))*array_x))), axis=1)",0.5897503,0.6098743,0.20203717,0.39550894,0.40866476,0.57054245,0.48339328,0.7907381,0.6083062,0.6008635,0.6842702,0.5217142,0.45363694,0.5555951,0.3048163,0.38192904,0.6271485,0.3797389,0.31991485,0.33329886,0.3329658,0.4504504,0.32056236,0.5683724
"np.mean(np.log(abs(np.sqrt(abs((np.array(range(1, array_x.shape[1]+1)))*7.939347512076428+3.2501234398779553-np.sqrt(abs(array_x))))))*array_x-9.636749449454731, axis=1)",0.0,0.8613506,0.31127432,0.0,1.0,0.0,1.8055754e-08,0.0,0.0,0.0,9.42193e-09,0.9228155,0.45363694,0.5555951,0.3048163,0.38192904,0.6271485,0.3797389,0.31991485,0.33329886,0.3329658,0.4504504,0.32056236,0.5683724
"np.mean(np.log(abs(np.sqrt(abs((np.array(range(1, array_x.shape[1]+1)))*array_x/1.9984661959957148))+np.exp(np.sqrt(abs(9.973666176182146))))), axis=1)",0.9868561,0.33388698,0.10727326,0.5183162,0.4427287,0.5158417,0.017559677,0.27685258,0.2118407,1.0,0.07828732,0.29118323,0.45363694,0.5555951,0.3048163,0.38192904,0.6271485,0.3797389,0.31991485,0.33329886,0.3329658,0.4504504,0.32056236,0.5683724
"np.mean(np.log(abs(np.sqrt(abs(3.8152519547152406))+array_x*9.721091220829605)), axis=1)",0.9755031,0.07640347,0.18005088,0.79531485,0.24826154,0.85117126,0.60402054,0.76005423,0.7390473,1.0,0.47469014,0.00013704169,0.45363694,0.5555951,0.3048163,0.38192904,0.6271485,0.3797389,0.31991485,0.33329886,0.3329658,0.4504504,0.32056236,0.5683724
"np.mean(np.log(abs(np.sqrt(abs(9.673867539393319))))+array_x*7.733803767155744, axis=1)+10*(np.sin(2*np.pi*np.mean(np.log(abs(np.sqrt(abs(6.746857219401532))))+array_x*6.365157491785437, axis=1)))",1.4803879e-06,0.97222,0.8633521,0.043497816,0.97825867,0.0011198908,0.117625125,2.6163669e-05,0.04576844,1.0838605e-06,0.12308372,0.9547289,0.45363694,0.5555951,0.3048163,0.38192904,0.6271485,0.3797389,0.31991485,0.33329886,0.3329658,0.4504504,0.32056236,0.5683724
"np.mean(np.log(abs(np.sqrt(abs(np.cumsum(np.sqrt(abs(np.exp(7.524622249085984)))-np.sqrt(abs(array_x)), axis=1)-3.9539315826382975)))), axis=1)",0.0,0.93688583,0.07804295,0.0,0.73751944,0.0,2.277308e-08,0.0,0.0,0.0,3.9903075e-08,0.86637104,0.45363694,0.5555951,0.3048163,0.38192904,0.6271485,0.3797389,0.31991485,0.33329886,0.3329658,0.4504504,0.32056236,0.5683724
"np.mean(np.log(abs(np.sqrt(abs(np.sqrt(abs((np.array(range(1, array_x.shape[1]+1)))*array_x))))+1.3671073569595504)), axis=1)",0.9604939,0.16458446,0.22777529,0.736452,0.45061037,0.7020161,0.29134914,0.57589805,0.49041426,0.99639326,0.28401813,0.036074735,0.45363694,0.5555951,0.3048163,0.38192904,0.6271485,0.3797389,0.31991485,0.33329886,0.3329658,0.4504504,0.32056236,0.5683724
"np.mean(np.log(abs(np.square(7.731675842286865)-array_x)), axis=1)+10*(np.sin(2*np.pi*np.mean(np.log(abs(np.square(6.745691561370278)-array_x)), axis=1)))",0.11635169,0.9081468,0.44866145,0.087740734,0.39541394,0.017599765,0.018566655,0.006768668,0.1500791,0.16153792,0.03547349,0.9397351,0.45363694,0.5555951,0.3048163,0.38192904,0.6271485,0.3797389,0.31991485,0.33329886,0.3329658,0.4504504,0.32056236,0.5683724
"np.mean(np.log(abs(np.square(abs(5.728471775657067)+array_x*5.45248324115954)/5.472758230031745)), axis=1)",0.96430814,0.15153755,0.15024683,0.8257983,0.47887886,0.83953696,0.54098135,0.64074945,0.6334196,1.0,0.5874736,0.06123993,0.45363694,0.5555951,0.3048163,0.38192904,0.6271485,0.3797389,0.31991485,0.33329886,0.3329658,0.4504504,0.32056236,0.5683724
"np.mean(np.log(abs(np.square(array_x*5.8733355054205685)*array_x)), axis=1)+10*(np.sin(2*np.pi*np.mean(np.log(abs(np.square(array_x*7.123050543539336)*array_x)), axis=1)))",0.9465398,0.2765393,0.07209925,0.73918617,0.58242905,0.69419247,0.4987501,0.49106938,0.51651394,0.8920187,0.4847197,0.4512685,0.45363694,0.5555951,0.3048163,0.38192904,0.6271485,0.3797389,0.31991485,0.33329886,0.3329658,0.4504504,0.32056236,0.5683724
"np.mean(np.log(abs(np.square(array_x+2.4489918925654495)*6.8613439411706425)), axis=1)",0.97389644,0.20752844,0.31427348,0.79548997,0.54466486,0.8162567,0.61359555,0.764311,0.67010933,0.98692465,0.5920336,0.16878317,0.45363694,0.5555951,0.3048163,0.38192904,0.6271485,0.3797389,0.31991485,0.33329886,0.3329658,0.4504504,0.32056236,0.5683724
"np.mean(np.log(abs(np.square(np.exp(np.exp(array_x)))))+np.square(array_x)*abs(3.0417989534685956), axis=1)+np.sin(2*np.pi*np.mean(np.log(abs(np.square(np.exp(np.exp(array_x)))))+np.square(array_x)*abs(1.6918165093116664), axis=1))",0.5079844,0.7344816,0.7971732,0.08786144,0.87458754,0.08431796,0.0074549615,0.4403471,0.24165945,0.5189672,0.60499537,0.9032582,0.45363694,0.5555951,0.3048163,0.38192904,0.6271485,0.3797389,0.31991485,0.33329886,0.3329658,0.4504504,0.32056236,0.5683724
"np.mean(np.log(abs(np.square(np.log(abs(2.5846680241145084*array_x+6.818258868296334))-6.256838023831189*array_x/9.864944960166605-3.795324273067436*10*(array_x)))), axis=1)+np.sin(2*np.pi*np.mean(np.log(abs(np.square(np.log(abs(6.594351454258103*array_x+2.833953894011097))-9.239430710016538*array_x/7.01140877530379-9.063082411493477*10*(array_x)))), axis=1))",0.9956366,0.09077602,0.21714114,0.7307157,0.5041862,0.8777481,0.6458021,0.7829865,0.7415936,0.96322626,0.7156957,0.1618758,0.45363694,0.5555951,0.3048163,0.38192904,0.6271485,0.3797389,0.31991485,0.33329886,0.3329658,0.4504504,0.32056236,0.5683724
"np.mean(np.log(abs(np.square(np.sin(2*np.pi*8.184217059901325))/array_x)), axis=1)",0.0,0.78072226,0.015735086,1.7889465e-15,0.55315375,5.6694933e-16,1.306846e-09,0.0,0.0,0.0,4.360116e-09,0.9959041,0.45363694,0.5555951,0.3048163,0.38192904,0.6271485,0.3797389,0.31991485,0.33329886,0.3329658,0.4504504,0.32056236,0.5683724
"np.mean(np.log(abs(np.square(np.sin(2*np.pi*array_x*6.43510968213795))-array_x)), axis=1)",0.9216284,0.26833513,0.2368208,0.86318463,0.54282874,0.91857135,0.7909761,0.8834722,0.882162,0.9889888,0.7680699,0.39411217,0.45363694,0.5555951,0.3048163,0.38192904,0.6271485,0.3797389,0.31991485,0.33329886,0.3329658,0.4504504,0.32056236,0.5683724
"np.mean(np.log(abs(np.square(np.square(array_x)+1.1503518539640112)*9.457190932530104)), axis=1)+np.sin(2*np.pi*np.mean(np.log(abs(np.square(np.square(array_x)+8.693901834169662)*1.4248260407550835)), axis=1))",0.9921145,0.033008806,0.008297648,0.21246178,0.17258146,0.14467616,0.0016419133,0.026031578,0.024520805,0.86582214,1.7882418e-05,0.13084254,0.45363694,0.5555951,0.3048163,0.38192904,0.6271485,0.3797389,0.31991485,0.33329886,0.3329658,0.4504504,0.32056236,0.5683724
"np.mean(np.round((np.array(range(1, array_x.shape[1]+1)))*array_x*array_x), axis=1)",0.42222223,0.25,0.0,0.0,1.0,0.0,0.0,0.0,0.0,0.6333333,0.0,0.32222223,0.45363694,0.5555951,0.3048163,0.38192904,0.6271485,0.3797389,0.31991485,0.33329886,0.3329658,0.4504504,0.32056236,0.5683724
"np.mean(np.round((np.array(range(1, array_x.shape[1]+1)))-5.671317040292044)*array_x, axis=1)",0.0,0.98419636,0.28305826,0.0,0.89122397,8.1988856e-16,3.992299e-09,4.031613e-16,5.831952e-16,0.0,3.20493e-08,0.93454456,0.45363694,0.5555951,0.3048163,0.38192904,0.6271485,0.3797389,0.31991485,0.33329886,0.3329658,0.4504504,0.32056236,0.5683724
"np.mean(np.round(-(1/(np.square(5.989845944529768))+np.sqrt(abs(array_x+4.5605625901774705))-3.2932965305861956*array_x/3.7913440612299087)), axis=1)",0.0,0.9393382,0.7386364,0.0,0.9411765,0.0,0.05882353,0.0,0.0,0.0,0.08680555,0.9251337,0.45363694,0.5555951,0.3048163,0.38192904,0.6271485,0.3797389,0.31991485,0.33329886,0.3329658,0.4504504,0.32056236,0.5683724
"np.mean(np.round(1.2148972992835725+array_x/np.sin(2*np.pi*np.square(np.log(abs(1/(array_x)+2.314563515943698))))), axis=1)+np.sin(2*np.pi*np.mean(np.round(1.5621253984091013+array_x/np.sin(2*np.pi*np.square(np.log(abs(1/(array_x)+2.6730939592405907))))), axis=1))",1.0,0.9999043,0.99999905,1.0,1.0,1.0,1.0,1.0,1.0,1.0,1.0,0.9884426,0.45363694,0.5555951,0.3048163,0.38192904,0.6271485,0.3797389,0.31991485,0.33329886,0.3329658,0.4504504,0.32056236,0.5683724
"np.mean(np.round(1.9210612133493288/5.113767576149198-array_x), axis=1)+np.sin(2*np.pi*np.mean(np.round(9.36056218448112/3.965934103085841-array_x), axis=1))",0.0,1.0,1.0,0.5,1.0,0.6666667,1.0,0.5,0.6666667,0.16666667,1.0,1.0,0.45363694,0.5555951,0.3048163,0.38192904,0.6271485,0.3797389,0.31991485,0.33329886,0.3329658,0.4504504,0.32056236,0.5683724
"np.mean(np.round(1/(array_x)+np.log(abs(array_x)))*abs(5.4394967189660575), axis=1)",1.0,0.99930245,0.0,1.0,0.99983567,1.0,0.99999934,1.0,1.0,1.0,0.9999999,0.9444592,0.45363694,0.5555951,0.3048163,0.38192904,0.6271485,0.3797389,0.31991485,0.33329886,0.3329658,0.4504504,0.32056236,0.5683724
"np.mean(np.round(1/(np.log(abs(np.square(abs(np.sin(2*np.pi*abs(8.653516280878211)))))))+3.5799522847687686/array_x-abs(9.498915735666978)), axis=1)+np.sin(2*np.pi*np.mean(np.round(1/(np.log(abs(np.square(abs(np.sin(2*np.pi*abs(5.212917452616932)))))))+9.094333919921901/array_x-abs(1.4547605517357707)), axis=1))",1.0,0.99984497,0.0,1.0,0.9993278,1.0,0.9999997,0.9999996,0.99999994,1.0,0.9999981,0.9926875,0.45363694,0.5555951,0.3048163,0.38192904,0.6271485,0.3797389,0.31991485,0.33329886,0.3329658,0.4504504,0.32056236,0.5683724
"np.mean(np.round(10*(7.8247618113994895+array_x)-np.square(7.337342170519454*np.sqrt(abs(array_x/6.415907988975705)))), axis=1)+np.sin(2*np.pi*np.mean(np.round(10*(3.710037586655616+array_x)-np.square(6.9222238293408145*np.sqrt(abs(array_x/7.924184886278967)))), axis=1))",0.003155828,0.82203877,0.64427805,0.13076001,0.9084055,0.1,0.202711,0.22183155,0.21160428,0.101886794,0.08161334,0.90413046,0.45363694,0.5555951,0.3048163,0.38192904,0.6271485,0.3797389,0.31991485,0.33329886,0.3329658,0.4504504,0.32056236,0.5683724
"np.mean(np.round(2.290959968883427*array_x-7.258695123367107+array_x), axis=1)",0.0,0.95,0.48199767,0.0,0.8971471,0.0,0.0,0.0,0.0,0.0,0.0,0.9932432,0.45363694,0.5555951,0.3048163,0.38192904,0.6271485,0.3797389,0.31991485,0.33329886,0.3329658,0.4504504,0.32056236,0.5683724
"np.mean(np.round(2.7994173260209405)*1/(1.5868768847934072)-array_x, axis=1)+np.sin(2*np.pi*np.mean(np.round(7.494582555092495)*1/(2.495135261991)-array_x, axis=1))",4.3392753e-08,0.99999887,0.99999887,0.79701215,0.99999887,0.9999952,0.99999744,0.7970116,0.99999356,2.914713e-06,0.9999934,0.99999887,0.45363694,0.5555951,0.3048163,0.38192904,0.6271485,0.3797389,0.31991485,0.33329886,0.3329658,0.4504504,0.32056236,0.5683724
"np.mean(np.round(3.5483021039782763)*array_x-1.4192630387769758, axis=1)+np.sin(2*np.pi*np.mean(np.round(5.642746899310144)*array_x-1.3268576600424264, axis=1))",3.2144565e-09,0.9525048,0.7995235,1.7369725e-09,1.0,1.9143237e-10,0.057195716,0.026315818,4.8251353e-10,4.8959716e-09,0.05553592,0.9750704,0.45363694,0.5555951,0.3048163,0.38192904,0.6271485,0.3797389,0.31991485,0.33329886,0.3329658,0.4504504,0.32056236,0.5683724
"np.mean(np.round(4.439244929595269+array_x+np.cos(2*np.pi*np.sin(2*np.pi*1.7679110611503792)))/4.199746656957596, axis=1)",0.0,0.95150864,0.6781609,0.0,0.96713364,0.0,0.0,0.0,0.0,0.0,0.014705882,0.98333335,0.45363694,0.5555951,0.3048163,0.38192904,0.6271485,0.3797389,0.31991485,0.33329886,0.3329658,0.4504504,0.32056236,0.5683724
"np.mean(np.round(5.097744784483563)+5.450398968254603*array_x, axis=1)+np.sin(2*np.pi*np.mean(np.round(6.697203218217319)+5.4452478110938*array_x, axis=1))",0.0,0.9442972,0.74826515,1.945634e-12,1.0,4.515946e-12,0.05618234,2.7977493e-14,0.05305255,9.885452e-17,0.1398145,0.9209086,0.45363694,0.5555951,0.3048163,0.38192904,0.6271485,0.3797389,0.31991485,0.33329886,0.3329658,0.4504504,0.32056236,0.5683724
"np.mean(np.round(5.693237853640799)-np.cos(2*np.pi*array_x+(np.array(range(1, array_x.shape[1]+1)))-array_x)-1.0313368512923948, axis=1)",0.8468247,0.023313347,0.0,0.61047876,0.0668008,0.6951314,0.10841409,0.20939654,0.16412735,0.85862947,0.31901085,0.020655928,0.45363694,0.5555951,0.3048163,0.38192904,0.6271485,0.3797389,0.31991485,0.33329886,0.3329658,0.4504504,0.32056236,0.5683724
"np.mean(np.round(6.013883381578985)+np.round(array_x-1.983642021845713)/np.square(9.315263207359695)+np.round(2.4625062264078483*array_x/array_x+2.7867287220344634), axis=1)+10*(np.sin(2*np.pi*np.mean(np.round(7.055257092287283)+np.round(array_x-8.021448435894799)/np.square(9.723418564904463)+np.round(1.8044776922913912*array_x/array_x+6.079308066183415), axis=1)))",0.0,0.87321347,0.60685617,0.0,0.84668493,0.0,0.0,0.0,0.0,0.0,0.0,0.9571117,0.45363694,0.5555951,0.3048163,0.38192904,0.6271485,0.3797389,0.31991485,0.33329886,0.3329658,0.4504504,0.32056236,0.5683724
"np.mean(np.round(7.058629165550644)-np.square(np.cos(2*np.pi*np.exp(np.sqrt(abs(array_x))))), axis=1)",0.801369,0.09722953,0.0,0.6564628,0.19893457,0.6659524,0.4860537,0.53923136,0.5326564,0.5994264,0.5083422,0.088298924,0.45363694,0.5555951,0.3048163,0.38192904,0.6271485,0.3797389,0.31991485,0.33329886,0.3329658,0.4504504,0.32056236,0.5683724
"np.mean(np.round(7.73431047920813)*np.log(abs(10*(10*(8.52248707588683-np.sqrt(abs(array_x)))))), axis=1)",0.0,0.9611707,0.0031969058,0.0,0.5623642,0.0,8.299584e-09,0.0,0.0,0.0,3.405525e-09,0.9342808,0.45363694,0.5555951,0.3048163,0.38192904,0.6271485,0.3797389,0.31991485,0.33329886,0.3329658,0.4504504,0.32056236,0.5683724
"np.mean(np.round(7.872035598400924/array_x)-array_x*8.191852556829451, axis=1)+np.sin(2*np.pi*np.mean(np.round(5.2993158931177735/array_x)-array_x*9.068587998055795, axis=1))",1.0,0.9998745,0.008590746,1.0,0.9999296,1.0,0.99999946,1.0,1.0,1.0,0.9999999,0.9986172,0.45363694,0.5555951,0.3048163,0.38192904,0.6271485,0.3797389,0.31991485,0.33329886,0.3329658,0.4504504,0.32056236,0.5683724
"np.mean(np.round(9.654350618441764-array_x), axis=1)+10*(np.sin(2*np.pi*np.mean(np.round(4.037825161182667-array_x), axis=1)))",0.0,0.955,0.955,0.5037037,0.9335512,0.5462963,0.8377193,0.5966667,0.9045454,0.095454544,0.8377193,0.94722223,0.45363694,0.5555951,0.3048163,0.38192904,0.6271485,0.3797389,0.31991485,0.33329886,0.3329658,0.4504504,0.32056236,0.5683724
"np.mean(np.round(abs(1.1515524130058656/array_x*np.square(array_x))*4.487660169419286), axis=1)+10*(np.sin(2*np.pi*np.mean(np.round(abs(7.76826960553763/array_x*np.square(array_x))*7.490456783672305), axis=1)))",0.87971014,0.31006864,0.4769022,0.55417955,0.68115944,0.4555921,0.0625,0.18764302,0.0625,0.80625,0.13695653,0.33436534,0.45363694,0.5555951,0.3048163,0.38192904,0.6271485,0.3797389,0.31991485,0.33329886,0.3329658,0.4504504,0.32056236,0.5683724
"np.mean(np.round(abs(2.298685651389233)/4.873120028425333+array_x-np.cos(2*np.pi*2.3461276741255386))-np.cos(2*np.pi*np.sqrt(abs(7.733960183904976-array_x+np.exp(5.413324405770524-array_x)))), axis=1)+np.sin(2*np.pi*np.mean(np.round(abs(3.6289733999637943)/3.8710213799657476+array_x-np.cos(2*np.pi*9.635819927420268))-np.cos(2*np.pi*np.sqrt(abs(2.8917764574659763-array_x+np.exp(6.78670930694446-array_x)))), axis=1))",0.17637102,0.88320166,0.9035673,0.15417817,1.0,0.23467253,0.6250685,0.5021388,0.27238142,0.007640064,0.72410506,0.909752,0.45363694,0.5555951,0.3048163,0.38192904,0.6271485,0.3797389,0.31991485,0.33329886,0.3329658,0.4504504,0.32056236,0.5683724
"np.mean(np.round(abs(8.023169865903153-array_x)), axis=1)",0.0,0.98,0.75961536,0.0,0.8438735,0.0,0.0,0.0,0.0,0.0,0.0,0.9532609,0.45363694,0.5555951,0.3048163,0.38192904,0.6271485,0.3797389,0.31991485,0.33329886,0.3329658,0.4504504,0.32056236,0.5683724
"np.mean(np.round(abs(array_x+3.68829972923553))*array_x/1.23188759560299, axis=1)",0.1212492,0.7598462,0.5396614,0.38130498,0.8961451,0.34244153,0.34389883,0.23945327,0.2245571,0.20236441,0.29090837,0.85491073,0.45363694,0.5555951,0.3048163,0.38192904,0.6271485,0.3797389,0.31991485,0.33329886,0.3329658,0.4504504,0.32056236,0.5683724
"np.mean(np.round(abs(np.sin(2*np.pi*array_x)-3.7552513232433955/np.sqrt(abs(-(abs(array_x)))))*np.cos(2*np.pi*4.3488906312463715*array_x-9.555593885136693)), axis=1)",0.9999987,0.7573067,0.96207386,0.9999976,0.99840933,0.99999607,0.99990994,0.9999903,0.9999707,0.99999994,0.9999703,0.0,0.45363694,0.5555951,0.3048163,0.38192904,0.6271485,0.3797389,0.31991485,0.33329886,0.3329658,0.4504504,0.32056236,0.5683724
"np.mean(np.round(abs(np.sqrt(abs(3.656212145899852))*np.sin(2*np.pi*np.sin(2*np.pi*2.2014429754619)+array_x))), axis=1)",0.6666667,0.29166666,0.225,0.33333334,0.875,0.29166666,0.0,0.0,0.0,0.5833333,0.0,0.55,0.45363694,0.5555951,0.3048163,0.38192904,0.6271485,0.3797389,0.31991485,0.33329886,0.3329658,0.4504504,0.32056236,0.5683724
"np.mean(np.round(array_x)*10*(np.sin(2*np.pi*array_x+np.exp(4.95984953392502)+array_x))-8.715585272070413, axis=1)",0.74482983,0.35448417,0.048820324,0.7419408,0.49959505,0.6248163,0.30899334,0.39285016,0.2961607,0.7694718,0.27433938,0.51290375,0.45363694,0.5555951,0.3048163,0.38192904,0.6271485,0.3797389,0.31991485,0.33329886,0.3329658,0.4504504,0.32056236,0.5683724
"np.mean(np.round(array_x)*6.613375100527435, axis=1)",0.0,0.92820513,0.6132479,0.0,0.9625,0.0,0.0,0.0,0.0,0.0,0.0,0.925,0.45363694,0.5555951,0.3048163,0.38192904,0.6271485,0.3797389,0.31991485,0.33329886,0.3329658,0.4504504,0.32056236,0.5683724
"np.mean(np.round(array_x)*array_x, axis=1)+10*(np.sin(2*np.pi*np.mean(np.round(array_x)*array_x, axis=1)))",0.09889522,3.703787e-08,0.0,0.0246468,5.3549677e-08,0.040491223,0.02221298,0.30855665,0.016012061,0.25802562,0.024553683,2.8259155e-08,0.45363694,0.5555951,0.3048163,0.38192904,0.6271485,0.3797389,0.31991485,0.33329886,0.3329658,0.4504504,0.32056236,0.5683724
"np.mean(np.round(array_x), axis=1)+7.398199091788961+10*(np.sin(2*np.pi*np.mean(np.round(array_x), axis=1)+8.10022803737061))",0.0,0.8333333,1.0,0.5833333,1.0,0.5,0.5833333,1.0,1.0,0.0,1.0,1.0,0.45363694,0.5555951,0.3048163,0.38192904,0.6271485,0.3797389,0.31991485,0.33329886,0.3329658,0.4504504,0.32056236,0.5683724
"np.mean(np.round(array_x)-3.4475670702402725+array_x, axis=1)",0.0,0.860627,0.29616344,0.0,0.93808365,3.632265e-16,2.6545509e-08,0.0,0.0,0.0,3.7922167e-08,0.8933029,0.45363694,0.5555951,0.3048163,0.38192904,0.6271485,0.3797389,0.31991485,0.33329886,0.3329658,0.4504504,0.32056236,0.5683724
"np.mean(np.round(array_x*9.894376790004417)/9.309117821900237-array_x, axis=1)",0.08951026,0.83371645,0.78704923,0.062157907,0.9366226,0.04015416,0.15206678,0.0016349618,0.05124862,0.12520748,0.06863486,0.9905269,0.45363694,0.5555951,0.3048163,0.38192904,0.6271485,0.3797389,0.31991485,0.33329886,0.3329658,0.4504504,0.32056236,0.5683724
"np.mean(np.round(array_x+9.09415574898236-np.log(abs(array_x))), axis=1)",0.0,0.95897835,0.7163743,0.0,1.0,0.0,0.26649928,0.15789473,0.013157895,0.0,0.328125,0.90570176,0.45363694,0.5555951,0.3048163,0.38192904,0.6271485,0.3797389,0.31991485,0.33329886,0.3329658,0.4504504,0.32056236,0.5683724
"np.mean(np.round(array_x+array_x-1.6446585222934145), axis=1)+np.sin(2*np.pi*np.mean(np.round(array_x+array_x-1.7524176169702497), axis=1))",0.0,1.0,0.9285714,0.0,1.0,0.071428575,0.30952382,0.16666667,0.071428575,0.0,0.31666666,1.0,0.45363694,0.5555951,0.3048163,0.38192904,0.6271485,0.3797389,0.31991485,0.33329886,0.3329658,0.4504504,0.32056236,0.5683724
"np.mean(np.round(array_x-5.373837464284975), axis=1)",0.0,0.8518182,0.63755983,0.0,0.92710996,0.0,0.0,0.0,0.0,0.0,0.0,1.0,0.45363694,0.5555951,0.3048163,0.38192904,0.6271485,0.3797389,0.31991485,0.33329886,0.3329658,0.4504504,0.32056236,0.5683724
"np.mean(np.round(array_x-6.847227600541271), axis=1)",0.0,0.93928033,0.6302729,0.0,0.8905836,0.0,0.0,0.0,0.0,0.0,0.0,0.98275864,0.45363694,0.5555951,0.3048163,0.38192904,0.6271485,0.3797389,0.31991485,0.33329886,0.3329658,0.4504504,0.32056236,0.5683724
"np.mean(np.round(array_x-array_x)+6.072087946528485+8.176314411002636*(np.array(range(1, array_x.shape[1]+1)))/6.60771082431036+np.round(abs(array_x-6.497484547875665)+1/(6.249137600668931))+7.393084738673916, axis=1)",0.0,0.9705882,0.6393189,0.0,0.8235294,0.0,0.0,0.0,0.0,0.0,0.0,0.9705882,0.45363694,0.5555951,0.3048163,0.38192904,0.6271485,0.3797389,0.31991485,0.33329886,0.3329658,0.4504504,0.32056236,0.5683724
"np.mean(np.round(np.cos(2*np.pi*10*(-(array_x))+8.612678065327856)+3.332062725193543), axis=1)+np.sin(2*np.pi*np.mean(np.round(np.cos(2*np.pi*10*(-(array_x))+9.703071454329748)+9.405797155669154), axis=1))",0.55,0.4,0.2,0.775,0.6666667,0.8,0.45,0.7083333,0.7083333,0.6333333,0.5,0.45,0.45363694,0.5555951,0.3048163,0.38192904,0.6271485,0.3797389,0.31991485,0.33329886,0.3329658,0.4504504,0.32056236,0.5683724
"np.mean(np.round(np.cos(2*np.pi*10*(array_x/9.815151303577371/np.round(2.0153382703479443)-6.865965664886203))), axis=1)",0.75,0.0,0.0,0.0,0.0,0.0,0.0,0.0,0.0,1.0,0.0,0.0,0.45363694,0.5555951,0.3048163,0.38192904,0.6271485,0.3797389,0.31991485,0.33329886,0.3329658,0.4504504,0.32056236,0.5683724
"np.mean(np.round(np.cos(2*np.pi*5.320950412374863)/array_x+3.2561288960379544+1/(3.9941580336949984))/array_x+array_x*array_x, axis=1)+np.sin(2*np.pi*np.mean(np.round(np.cos(2*np.pi*6.542283080635986)/array_x+8.054924044049312+1/(5.519367109055873))/array_x+array_x*array_x, axis=1))",1.0,0.97699815,0.9999995,1.0,1.0,1.0,1.0,1.0,1.0,1.0,1.0,0.0,0.45363694,0.5555951,0.3048163,0.38192904,0.6271485,0.3797389,0.31991485,0.33329886,0.3329658,0.4504504,0.32056236,0.5683724
"np.mean(np.round(np.cos(2*np.pi*array_x)+np.cos(2*np.pi*5.978711384816286))+3.7705472538228095, axis=1)",1.0,0.0,0.0,0.0,0.0,0.5,0.0,0.0,0.0,0.5,0.0,0.0,0.45363694,0.5555951,0.3048163,0.38192904,0.6271485,0.3797389,0.31991485,0.33329886,0.3329658,0.4504504,0.32056236,0.5683724
"np.mean(np.round(np.cos(2*np.pi*np.cos(2*np.pi*8.078784127335844/array_x)+np.sqrt(abs(array_x)))*np.square(2.4748889842314)), axis=1)",0.5996732,0.17708333,0.102756895,0.8229167,0.4540441,0.60714287,0.42171717,0.45751634,0.50852275,0.52272725,0.47916666,0.26050422,0.45363694,0.5555951,0.3048163,0.38192904,0.6271485,0.3797389,0.31991485,0.33329886,0.3329658,0.4504504,0.32056236,0.5683724
"np.mean(np.round(np.cos(2*np.pi*np.cos(2*np.pi*array_x+9.349438728043905/array_x*np.exp(6.259556010128963/(np.array(range(1, array_x.shape[1]+1)))/8.623320121915594)))), axis=1)+10*(np.sin(2*np.pi*np.mean(np.round(np.cos(2*np.pi*np.cos(2*np.pi*array_x+2.4915373990739296/array_x*np.exp(1.2336385687657088/(np.array(range(1, array_x.shape[1]+1)))/5.668156412362949)))), axis=1)))",0.9285714,0.225,0.125,0.82857144,0.4642857,0.7,0.6,0.6,0.5714286,0.6571429,0.5714286,0.51428574,0.45363694,0.5555951,0.3048163,0.38192904,0.6271485,0.3797389,0.31991485,0.33329886,0.3329658,0.4504504,0.32056236,0.5683724
"np.mean(np.round(np.cumsum(np.sin(2*np.pi*5.417992216360875)-array_x, axis=1))*array_x/7.0486595411069795/np.sqrt(abs(array_x)), axis=1)+np.sin(2*np.pi*np.mean(np.round(np.cumsum(np.sin(2*np.pi*1.079633816030178)-array_x, axis=1))*array_x/1.4345159473572495/np.sqrt(abs(array_x)), axis=1))",3.5221008e-05,0.93001807,0.7512568,0.0043154913,0.9933068,0.004497427,0.03783316,0.0045254896,0.004295119,2.3093232e-08,0.034719016,0.998059,0.45363694,0.5555951,0.3048163,0.38192904,0.6271485,0.3797389,0.31991485,0.33329886,0.3329658,0.4504504,0.32056236,0.5683724
"np.mean(np.round(np.log(abs((np.array(range(1, array_x.shape[1]+1)))*array_x))-5.408058047472661), axis=1)",1.0,0.18117559,0.22340426,0.78424203,0.40450862,0.88214284,0.58693486,0.7365777,0.7463175,0.9787234,0.60419935,0.11398176,0.45363694,0.5555951,0.3048163,0.38192904,0.6271485,0.3797389,0.31991485,0.33329886,0.3329658,0.4504504,0.32056236,0.5683724
"np.mean(np.round(np.log(abs(10*(2.493628067224952-array_x)))), axis=1)",0.9919355,0.036585364,0.16666667,0.8377193,0.4340278,0.74238354,0.5263736,0.6437198,0.79407054,1.0,0.55736715,0.081318684,0.45363694,0.5555951,0.3048163,0.38192904,0.6271485,0.3797389,0.31991485,0.33329886,0.3329658,0.4504504,0.32056236,0.5683724
"np.mean(np.round(np.log(abs(4.289604362787616-9.781193802779256+array_x/(np.array(range(1, array_x.shape[1]+1)))/4.697709879800412+np.cos(2*np.pi*array_x)))), axis=1)+np.sin(2*np.pi*np.mean(np.round(np.log(abs(1.8856753210920028-5.061435088931423+array_x/(np.array(range(1, array_x.shape[1]+1)))/3.558864894128996+np.cos(2*np.pi*array_x)))), axis=1))",0.10792813,0.84923214,0.6984643,0.8033047,0.78414375,0.258696,0.57538396,0.5579919,0.53414375,0.18331206,0.741304,0.48970443,0.45363694,0.5555951,0.3048163,0.38192904,0.6271485,0.3797389,0.31991485,0.33329886,0.3329658,0.4504504,0.32056236,0.5683724
"np.mean(np.round(np.log(abs(5.4954576419913*array_x))-np.log(abs(2.6088011714847803)))/np.cos(2*np.pi*np.sqrt(abs(5.478530143073195))), axis=1)",0.0,0.0,0.0,0.0,1.0,0.0,0.0,0.0,0.0,0.0,0.0,1.0,0.45363694,0.5555951,0.3048163,0.38192904,0.6271485,0.3797389,0.31991485,0.33329886,0.3329658,0.4504504,0.32056236,0.5683724
"np.mean(np.round(np.log(abs(array_x))+array_x), axis=1)+np.sin(2*np.pi*np.mean(np.round(np.log(abs(array_x))+array_x), axis=1))",1.0,1.0,1.0,0.5,1.0,0.5,0.05,0.5,0.1,0.5,0.5,0.5,0.45363694,0.5555951,0.3048163,0.38192904,0.6271485,0.3797389,0.31991485,0.33329886,0.3329658,0.4504504,0.32056236,0.5683724
"np.mean(np.round(np.log(abs(array_x*9.294638282790435)))-np.cos(2*np.pi*np.square(6.186226053558757)), axis=1)",1.0,0.046296295,0.2530303,0.8126209,0.485485,0.86950356,0.6098485,0.7386364,0.68439716,0.9476321,0.65833336,0.065972224,0.45363694,0.5555951,0.3048163,0.38192904,0.6271485,0.3797389,0.31991485,0.33329886,0.3329658,0.4504504,0.32056236,0.5683724
"np.mean(np.round(np.log(abs(np.round(8.774278241852409/array_x))))+1.6611667836119501, axis=1)",0.0,1.0,0.0,0.0,1.0,0.0,0.0,0.0,0.0,0.0,0.0,1.0,0.45363694,0.5555951,0.3048163,0.38192904,0.6271485,0.3797389,0.31991485,0.33329886,0.3329658,0.4504504,0.32056236,0.5683724
"np.mean(np.round(np.round(7.554096295419974+array_x-2.0916447204073783)), axis=1)",0.0,0.89988875,0.7971464,0.0,1.0,0.0,0.014705882,0.0,0.0,0.0,0.016129032,0.89988875,0.45363694,0.5555951,0.3048163,0.38192904,0.6271485,0.3797389,0.31991485,0.33329886,0.3329658,0.4504504,0.32056236,0.5683724
"np.mean(np.round(np.round(np.sin(2*np.pi*abs(array_x))))+8.672884324224931-array_x+10*(2.077031401638509), axis=1)",0.055278108,0.895051,0.7911574,0.05535202,0.90254855,0.03871649,0.048095994,0.02874704,0.037649896,0.08442965,0.111857556,0.9801944,0.45363694,0.5555951,0.3048163,0.38192904,0.6271485,0.3797389,0.31991485,0.33329886,0.3329658,0.4504504,0.32056236,0.5683724
"np.mean(np.round(np.sin(2*np.pi*2.6426742182637715-array_x)), axis=1)",0.0,0.0,0.0,0.0,1.0,0.0,0.0,0.0,0.0,0.0,0.0,0.0,0.45363694,0.5555951,0.3048163,0.38192904,0.6271485,0.3797389,0.31991485,0.33329886,0.3329658,0.4504504,0.32056236,0.5683724
"np.mean(np.round(np.sqrt(abs(2.992942486445759))-np.log(abs(np.log(abs(array_x))))-4.33260218825075), axis=1)",0.7916667,0.55,0.29166666,0.73214287,0.85714287,0.6125,0.41428572,0.4642857,0.29166666,0.775,0.3125,0.21428572,0.45363694,0.5555951,0.3048163,0.38192904,0.6271485,0.3797389,0.31991485,0.33329886,0.3329658,0.4504504,0.32056236,0.5683724
"np.mean(np.round(np.sqrt(abs(5.544373621008985/3.961976844608392+array_x))), axis=1)",0.5,0.81666666,0.6333333,0.26666668,1.0,0.33333334,0.0,0.16666667,0.25,0.55,0.071428575,0.6666667,0.45363694,0.5555951,0.3048163,0.38192904,0.6271485,0.3797389,0.31991485,0.33329886,0.3329658,0.4504504,0.32056236,0.5683724
"np.mean(np.round(np.sqrt(abs(array_x))), axis=1)",0.6,0.55,0.625,0.5,0.75,0.25,0.0,0.2,0.2,0.75,0.1,0.5,0.45363694,0.5555951,0.3048163,0.38192904,0.6271485,0.3797389,0.31991485,0.33329886,0.3329658,0.4504504,0.32056236,0.5683724
"np.mean(np.round(np.sqrt(abs(np.exp(array_x)))), axis=1)",0.0,0.5,0.6,0.0,1.0,0.0,0.0,0.0,0.0,0.0,0.0,0.8,0.45363694,0.5555951,0.3048163,0.38192904,0.6271485,0.3797389,0.31991485,0.33329886,0.3329658,0.4504504,0.32056236,0.5683724
"np.mean(np.round(np.sqrt(abs(np.exp(array_x-7.928940189464884)+np.sin(2*np.pi*array_x*(np.array(range(1, array_x.shape[1]+1))))*array_x))), axis=1)",0.75,0.0,0.25,0.5,0.16666667,0.5,0.41666666,0.33333334,0.16666667,0.5833333,0.16666667,0.0,0.45363694,0.5555951,0.3048163,0.38192904,0.6271485,0.3797389,0.31991485,0.33329886,0.3329658,0.4504504,0.32056236,0.5683724
"np.mean(np.round(np.sqrt(abs(np.sin(2*np.pi*5.689273484299903)-(np.array(range(1, array_x.shape[1]+1))))))*4.428667921189442*np.log(abs(np.log(abs(array_x)))), axis=1)",0.9860767,0.042912498,0.26494464,0.87157553,0.40996906,0.90923095,0.7112592,0.76788557,0.77158034,0.9859301,0.6055323,0.04485927,0.45363694,0.5555951,0.3048163,0.38192904,0.6271485,0.3797389,0.31991485,0.33329886,0.3329658,0.4504504,0.32056236,0.5683724
"np.mean(np.round(np.square(2.0746181987112284+8.511421460625463-array_x/1.6722407515489137+array_x)), axis=1)",0.0,0.952044,0.32810837,0.0,0.88314867,0.0,0.0,0.0,0.0,0.0,0.0,1.0,0.45363694,0.5555951,0.3048163,0.38192904,0.6271485,0.3797389,0.31991485,0.33329886,0.3329658,0.4504504,0.32056236,0.5683724
"np.mean(np.round(np.square(3.9443212529569553)+np.sin(2*np.pi*array_x)), axis=1)",1.0,0.0,0.0,0.0,0.0,0.0,0.0,0.0,0.0,0.0,0.0,0.0,0.45363694,0.5555951,0.3048163,0.38192904,0.6271485,0.3797389,0.31991485,0.33329886,0.3329658,0.4504504,0.32056236,0.5683724
"np.mean(np.round(np.square(8.456966794699374)-(np.array(range(1, array_x.shape[1]+1)))*array_x)-4.196002151614361, axis=1)",0.0,0.9813084,0.40898725,0.0,0.76159793,0.0,0.0,0.0,0.0,0.0,0.0,0.9048689,0.45363694,0.5555951,0.3048163,0.38192904,0.6271485,0.3797389,0.31991485,0.33329886,0.3329658,0.4504504,0.32056236,0.5683724
"np.mean(np.round(np.square(array_x))/1.336363033658268*np.cos(2*np.pi*9.6300650686359)/2.746364527829577, axis=1)",0.0,0.9599929,0.27452153,0.0,0.646875,0.0,0.0,0.0,0.0,0.0,0.0,1.0,0.45363694,0.5555951,0.3048163,0.38192904,0.6271485,0.3797389,0.31991485,0.33329886,0.3329658,0.4504504,0.32056236,0.5683724
"np.mean(np.round(np.square(array_x+np.log(abs(3.7439154428443064)))/10*(3.4696151410962766)), axis=1)",0.0,0.0,0.16666667,0.0,1.0,0.0,0.0,0.0,0.0,0.0,0.0,0.5,0.45363694,0.5555951,0.3048163,0.38192904,0.6271485,0.3797389,0.31991485,0.33329886,0.3329658,0.4504504,0.32056236,0.5683724
"np.mean(np.round(np.square(np.cumsum(np.square(array_x+8.76077482865153), axis=1))), axis=1)",0.0,0.83604,0.12234387,0.0,0.85929924,0.0,0.0,0.0,0.0,0.0,0.0,1.0,0.45363694,0.5555951,0.3048163,0.38192904,0.6271485,0.3797389,0.31991485,0.33329886,0.3329658,0.4504504,0.32056236,0.5683724
"np.mean(np.round(np.square(np.square(2.8026704401374087-1.5237520688094706*array_x/np.round(np.log(abs(np.square(3.5890563808708036))))))), axis=1)",0.0,0.9875,0.19364882,0.0,0.5696481,0.0,0.0,0.0,0.0,0.0,0.0,0.75814176,0.45363694,0.5555951,0.3048163,0.38192904,0.6271485,0.3797389,0.31991485,0.33329886,0.3329658,0.4504504,0.32056236,0.5683724
"np.mean(np.sin(2*np.pi*1.0220198504726878)+np.sqrt(abs(array_x+np.round(4.339654436175943)))+np.cos(2*np.pi*np.sin(2*np.pi*4.205797756023937)/5.201711860721579/array_x/array_x), axis=1)",0.7752634,0.3088445,0.23871668,0.61129737,0.5686129,0.55911255,0.38752678,0.40643564,0.32984382,0.7215254,0.23804986,0.46612716,0.45363694,0.5555951,0.3048163,0.38192904,0.6271485,0.3797389,0.31991485,0.33329886,0.3329658,0.4504504,0.32056236,0.5683724
"np.mean(np.sin(2*np.pi*1.3073096211884987-np.sin(2*np.pi*np.exp(7.939683896340253-array_x))), axis=1)",0.35867023,0.35746256,0.6233432,0.59520096,0.38422766,0.34814268,0.49468446,0.7339619,0.37599838,0.57950974,0.48323688,0.45368263,0.45363694,0.5555951,0.3048163,0.38192904,0.6271485,0.3797389,0.31991485,0.33329886,0.3329658,0.4504504,0.32056236,0.5683724
"np.mean(np.sin(2*np.pi*1.3940827178418673/array_x)+7.760716801799825-2.7184658144928213-np.sin(2*np.pi*array_x+array_x)+1/(2.511696805549915), axis=1)",0.8527748,0.29032752,0.43098855,0.7833635,0.64520264,0.56051373,0.3376084,0.32623178,0.37466317,0.68882143,0.24329449,0.3809812,0.45363694,0.5555951,0.3048163,0.38192904,0.6271485,0.3797389,0.31991485,0.33329886,0.3329658,0.4504504,0.32056236,0.5683724
"np.mean(np.sin(2*np.pi*1.7074560663413716)+array_x+array_x, axis=1)+np.sin(2*np.pi*np.mean(np.sin(2*np.pi*8.378351322665816)+array_x+array_x, axis=1))",1.5473189e-09,1.0,0.8452381,0.08858498,1.0,0.06250158,0.39285707,0.20833334,0.23007077,8.7098243e-07,0.46428573,1.0,0.45363694,0.5555951,0.3048163,0.38192904,0.6271485,0.3797389,0.31991485,0.33329886,0.3329658,0.4504504,0.32056236,0.5683724
"np.mean(np.sin(2*np.pi*1.7353184751102875-array_x-array_x+9.691167357384813*2.5020325814152087)+3.77870955140927, axis=1)",0.9503623,0.030646158,0.0,0.17806336,0.072396435,0.1821775,0.0062518264,0.021236999,0.04318106,0.9722266,0.005003667,0.02934995,0.45363694,0.5555951,0.3048163,0.38192904,0.6271485,0.3797389,0.31991485,0.33329886,0.3329658,0.4504504,0.32056236,0.5683724
"np.mean(np.sin(2*np.pi*1/(array_x)-6.615747778680765/array_x), axis=1)",0.9401512,0.33169833,0.18031898,0.5062535,0.44413173,0.6227331,0.23503649,0.41961205,0.42491505,0.99775225,0.26003197,0.36416528,0.45363694,0.5555951,0.3048163,0.38192904,0.6271485,0.3797389,0.31991485,0.33329886,0.3329658,0.4504504,0.32056236,0.5683724
"np.mean(np.sin(2*np.pi*1/(np.round(np.sin(2*np.pi*3.832825611595886)-array_x*8.652751855979204)+2.4802914084282874+array_x)), axis=1)",0.6990318,0.3259134,0.41710642,0.73259175,0.9579496,0.45656714,0.15106192,0.46831575,0.24159579,0.6298615,0.13794462,0.3648987,0.45363694,0.5555951,0.3048163,0.38192904,0.6271485,0.3797389,0.31991485,0.33329886,0.3329658,0.4504504,0.32056236,0.5683724
"np.mean(np.sin(2*np.pi*10*(np.cos(2*np.pi*np.square(10*(np.square(np.log(abs(np.cos(2*np.pi*10*(array_x)))))))/array_x))), axis=1)",0.51507187,0.34205827,0.7275122,0.42968678,0.6260536,0.7435113,0.5151688,0.4012242,0.6585519,0.55701834,0.8316654,0.42922887,0.45363694,0.5555951,0.3048163,0.38192904,0.6271485,0.3797389,0.31991485,0.33329886,0.3329658,0.4504504,0.32056236,0.5683724
"np.mean(np.sin(2*np.pi*2.8007191591468423+array_x*9.023120115782763+5.270150072657585*4.360942428646787-array_x/3.2876751327977116), axis=1)",0.7502578,0.050424673,0.0,0.63719904,0.062083893,0.84121656,0.16277733,0.46072766,0.38926643,0.74582857,0.25984216,0.050591588,0.45363694,0.5555951,0.3048163,0.38192904,0.6271485,0.3797389,0.31991485,0.33329886,0.3329658,0.4504504,0.32056236,0.5683724
"np.mean(np.sin(2*np.pi*2.822603102246865+array_x-np.square(6.526907782280459)/np.sqrt(abs(1/(1.863770242438001-np.sin(2*np.pi*array_x))))), axis=1)",0.9039014,0.14379258,0.0,0.48139986,0.328124,0.7460613,0.47908428,0.638442,0.7122271,0.5493568,0.51190317,0.33864918,0.45363694,0.5555951,0.3048163,0.38192904,0.6271485,0.3797389,0.31991485,0.33329886,0.3329658,0.4504504,0.32056236,0.5683724
"np.mean(np.sin(2*np.pi*2.8242805989148114)-array_x+array_x/array_x-3.694230384287094+6.072607486585562*np.square(1.236958003935502)-array_x, axis=1)+np.sin(2*np.pi*np.mean(np.sin(2*np.pi*7.213936161886555)-array_x+array_x/array_x-2.9043741665358853+2.0938934907171642*np.square(4.314141006631515)-array_x, axis=1))",7.0692437e-07,1.0,0.85714287,3.7481737e-08,0.9166667,0.071429394,0.4000006,3.2547543e-08,0.1666667,1.04172784e-07,0.4,1.0,0.45363694,0.5555951,0.3048163,0.38192904,0.6271485,0.3797389,0.31991485,0.33329886,0.3329658,0.4504504,0.32056236,0.5683724
"np.mean(np.sin(2*np.pi*2.8291777728846017+np.sqrt(abs(array_x))), axis=1)",1.0,0.32582963,0.025422482,0.33036184,0.45074096,0.46307325,0.043357354,0.23063572,0.23466039,0.87652415,0.040689927,0.40539977,0.45363694,0.5555951,0.3048163,0.38192904,0.6271485,0.3797389,0.31991485,0.33329886,0.3329658,0.4504504,0.32056236,0.5683724
"np.mean(np.sin(2*np.pi*3.006904681212921+np.round(array_x+5.84295529428368)*np.sin(2*np.pi*7.955089572883478)), axis=1)",0.0,0.5,0.5,0.0,0.25,0.0,0.0,0.0,0.0,0.5962076,0.0,0.29799318,0.45363694,0.5555951,0.3048163,0.38192904,0.6271485,0.3797389,0.31991485,0.33329886,0.3329658,0.4504504,0.32056236,0.5683724
"np.mean(np.sin(2*np.pi*3.147243614909615)+1.802973948049425/np.sin(2*np.pi*array_x)*np.log(abs(2.926876631154813))+1.1067272160481287*array_x/array_x, axis=1)+10*(np.sin(2*np.pi*np.mean(np.sin(2*np.pi*3.6506425771575364)+3.7571857279577983/np.sin(2*np.pi*array_x)*np.log(abs(9.009261090737407))+6.078913768758335*array_x/array_x, axis=1)))",0.0,1.0,0.9999993,1.0,1.0,1.0,1.0,1.0,1.0,1.0,1.0,1.0,0.45363694,0.5555951,0.3048163,0.38192904,0.6271485,0.3797389,0.31991485,0.33329886,0.3329658,0.4504504,0.32056236,0.5683724
"np.mean(np.sin(2*np.pi*3.771895141979157*np.round(6.767795203193782)*array_x), axis=1)",0.557845,0.1977234,0.0,0.8102367,0.509961,0.52086186,0.4701319,0.6414972,0.71823037,0.530037,0.56159794,0.5836177,0.45363694,0.5555951,0.3048163,0.38192904,0.6271485,0.3797389,0.31991485,0.33329886,0.3329658,0.4504504,0.32056236,0.5683724
"np.mean(np.sin(2*np.pi*3.983868824154259*7.535697643475986-array_x)/4.2192993194428094, axis=1)",0.6384172,0.43915367,0.004222943,0.14079697,0.5144509,0.17104742,0.0008998896,0.054160193,0.01971582,0.35796487,0.00051883765,0.5647276,0.45363694,0.5555951,0.3048163,0.38192904,0.6271485,0.3797389,0.31991485,0.33329886,0.3329658,0.4504504,0.32056236,0.5683724
"np.mean(np.sin(2*np.pi*4.1711161060209605/array_x), axis=1)",0.9059154,0.22567372,0.0,0.6374587,0.37418443,0.65119606,0.52099144,0.4165942,0.25003275,0.7496064,0.43882596,0.064201236,0.45363694,0.5555951,0.3048163,0.38192904,0.6271485,0.3797389,0.31991485,0.33329886,0.3329658,0.4504504,0.32056236,0.5683724
"np.mean(np.sin(2*np.pi*4.185047872267994)+(np.array(range(1, array_x.shape[1]+1)))+array_x/1.7712680113211543*array_x+np.log(abs(-(array_x))), axis=1)",1.0,0.08664471,0.17518647,0.84751683,0.42242575,0.8453969,0.44722867,0.6655865,0.67251956,0.9702659,0.5645845,0.063709736,0.45363694,0.5555951,0.3048163,0.38192904,0.6271485,0.3797389,0.31991485,0.33329886,0.3329658,0.4504504,0.32056236,0.5683724
"np.mean(np.sin(2*np.pi*4.395949501643614+array_x-4.245696217887075)/7.147745520208037, axis=1)",0.5202228,0.23895726,0.0,0.21017268,0.29792434,0.0982615,0.0013874451,0.02209523,0.01776344,0.8996046,0.001268887,0.24379396,0.45363694,0.5555951,0.3048163,0.38192904,0.6271485,0.3797389,0.31991485,0.33329886,0.3329658,0.4504504,0.32056236,0.5683724
"np.mean(np.sin(2*np.pi*4.400372411331558)*np.sqrt(abs(6.008725127625267))-np.sqrt(abs(np.log(abs(np.sqrt(abs(array_x)))))), axis=1)",0.9466763,0.043624993,0.14576718,0.7703518,0.50154126,0.7997886,0.49179953,0.66326433,0.61397606,1.0,0.4811827,0.17580074,0.45363694,0.5555951,0.3048163,0.38192904,0.6271485,0.3797389,0.31991485,0.33329886,0.3329658,0.4504504,0.32056236,0.5683724
"np.mean(np.sin(2*np.pi*4.918612695376153-(np.array(range(1, array_x.shape[1]+1)))*array_x*(np.array(range(1, array_x.shape[1]+1)))*array_x)-(np.array(range(1, array_x.shape[1]+1)))*array_x*(np.array(range(1, array_x.shape[1]+1)))*array_x+np.square((np.array(range(1, array_x.shape[1]+1)))*array_x), axis=1)",0.8333806,0.39989248,0.0,0.6083101,0.16057125,0.8287724,0.44524896,0.8293488,0.46716946,0.79796547,0.63221824,0.2749861,0.45363694,0.5555951,0.3048163,0.38192904,0.6271485,0.3797389,0.31991485,0.33329886,0.3329658,0.4504504,0.32056236,0.5683724
"np.mean(np.sin(2*np.pi*5.377012541905568-array_x/8.079241586340238+abs(np.square(array_x-6.413064342526518))), axis=1)",0.9155688,0.054662406,0.0,0.5731291,0.21805581,0.6006968,0.46489596,0.43192095,0.26310992,0.75956345,0.32824466,0.07303884,0.45363694,0.5555951,0.3048163,0.38192904,0.6271485,0.3797389,0.31991485,0.33329886,0.3329658,0.4504504,0.32056236,0.5683724
"np.mean(np.sin(2*np.pi*5.467171398453998+array_x), axis=1)",0.27296644,0.31870976,0.0025071183,0.11584128,0.5502757,0.12084362,0.0019453265,0.011565345,0.00676844,0.37364054,0.0017012462,0.33900967,0.45363694,0.5555951,0.3048163,0.38192904,0.6271485,0.3797389,0.31991485,0.33329886,0.3329658,0.4504504,0.32056236,0.5683724
"np.mean(np.sin(2*np.pi*5.610505262530705-10*(array_x)/3.886954579224467)+np.log(abs(np.sqrt(abs(np.sin(2*np.pi*7.22326810974618))))), axis=1)",1.0,0.014321758,0.00015854811,0.29413664,0.13485397,0.21090056,0.018769868,0.03593741,0.03900432,0.7985679,0.008335701,0.025871621,0.45363694,0.5555951,0.3048163,0.38192904,0.6271485,0.3797389,0.31991485,0.33329886,0.3329658,0.4504504,0.32056236,0.5683724
"np.mean(np.sin(2*np.pi*6.126642028627384/array_x), axis=1)",0.8166523,0.21238984,0.004006041,0.8241544,0.22744003,0.68920153,0.4646591,0.5544615,0.41833475,0.6828969,0.31715518,0.19190344,0.45363694,0.5555951,0.3048163,0.38192904,0.6271485,0.3797389,0.31991485,0.33329886,0.3329658,0.4504504,0.32056236,0.5683724
"np.mean(np.sin(2*np.pi*6.448221654252164/array_x+5.3260991559127335*array_x-np.cos(2*np.pi*array_x)), axis=1)",0.5276174,0.39845094,0.020954672,0.4047518,0.16159594,0.5359461,0.3837775,0.3055861,0.37802526,0.5779882,0.28997788,0.07082718,0.45363694,0.5555951,0.3048163,0.38192904,0.6271485,0.3797389,0.31991485,0.33329886,0.3329658,0.4504504,0.32056236,0.5683724
"np.mean(np.sin(2*np.pi*6.4763895242016)*2.5916920688144365/array_x-2.7119424358371145, axis=1)+np.sin(2*np.pi*np.mean(np.sin(2*np.pi*3.046919581907755)*6.749753537771059/array_x-8.99082054451967, axis=1))",1.0,0.9951752,0.54441047,1.0,0.9999918,1.0,0.99999976,0.9999999,0.99999994,1.0,0.99999994,0.9929236,0.45363694,0.5555951,0.3048163,0.38192904,0.6271485,0.3797389,0.31991485,0.33329886,0.3329658,0.4504504,0.32056236,0.5683724
"np.mean(np.sin(2*np.pi*7.207088900771743+6.6021815092355105/array_x), axis=1)+np.sin(2*np.pi*np.mean(np.sin(2*np.pi*9.056149580066162+2.3106145837839254/array_x), axis=1))",0.7378182,0.33499447,0.05863772,0.3388174,0.40750828,0.48008373,0.13370952,0.32687867,0.18376093,0.64613956,0.13068782,0.15271106,0.45363694,0.5555951,0.3048163,0.38192904,0.6271485,0.3797389,0.31991485,0.33329886,0.3329658,0.4504504,0.32056236,0.5683724
"np.mean(np.sin(2*np.pi*7.337745920924406*array_x*np.sin(2*np.pi*9.085862837568644)-1.2267004706650113*array_x-(np.array(range(1, array_x.shape[1]+1)))/(np.array(range(1, array_x.shape[1]+1)))/array_x), axis=1)",0.6219521,0.14860831,0.0,0.6714789,0.2823022,0.6426559,0.66929984,0.5844619,0.3978076,0.65083754,0.5130288,0.1549087,0.45363694,0.5555951,0.3048163,0.38192904,0.6271485,0.3797389,0.31991485,0.33329886,0.3329658,0.4504504,0.32056236,0.5683724
"np.mean(np.sin(2*np.pi*7.533927689489242/1.8701482472564528-np.sqrt(abs(array_x))-2.185750143073669), axis=1)+np.sin(2*np.pi*np.mean(np.sin(2*np.pi*2.89888991025479/8.493775402711925-np.sqrt(abs(array_x))-7.3311320674215485), axis=1))",0.630371,0.47649494,0.1815913,0.21181116,0.5696175,0.47778618,0.2266873,0.09013963,0.041166455,0.5365407,0.23397225,0.2593246,0.45363694,0.5555951,0.3048163,0.38192904,0.6271485,0.3797389,0.31991485,0.33329886,0.3329658,0.4504504,0.32056236,0.5683724
"np.mean(np.sin(2*np.pi*7.928726581878388)+array_x-4.767220860883601+array_x*array_x-3.79402542193172, axis=1)",0.5223178,0.14179446,0.0010919254,0.14158651,0.5035219,0.10087302,0.001845264,0.02421077,0.019779135,0.6117274,0.0012709543,0.17067492,0.45363694,0.5555951,0.3048163,0.38192904,0.6271485,0.3797389,0.31991485,0.33329886,0.3329658,0.4504504,0.32056236,0.5683724
"np.mean(np.sin(2*np.pi*8.044578316849599*array_x+7.42504473264609), axis=1)",0.5765475,0.22720273,0.0,0.71592224,0.28451157,0.47992325,0.5625067,0.354992,0.6757078,0.59326357,0.6823987,0.26793432,0.45363694,0.5555951,0.3048163,0.38192904,0.6271485,0.3797389,0.31991485,0.33329886,0.3329658,0.4504504,0.32056236,0.5683724
"np.mean(np.sin(2*np.pi*8.265802114041723-array_x)*np.sqrt(abs(1/(6.523686428824728)))-2.309516325057059, axis=1)+10*(np.sin(2*np.pi*np.mean(np.sin(2*np.pi*8.624237494774002-array_x)*np.sqrt(abs(1/(4.383011526063104)))-3.292004849234773, axis=1)))",0.6715834,0.72917867,0.17736849,0.22251207,0.6476179,0.24532765,0.05672133,0.05361924,0.041934203,0.6856448,0.07429238,0.83633643,0.45363694,0.5555951,0.3048163,0.38192904,0.6271485,0.3797389,0.31991485,0.33329886,0.3329658,0.4504504,0.32056236,0.5683724
"np.mean(np.sin(2*np.pi*8.37015014484492-array_x), axis=1)",0.5350268,0.29434693,0.0,0.122032374,0.31239226,0.1383084,0.0030689728,0.022449717,0.016521845,0.43448243,0.0018982218,0.18343635,0.45363694,0.5555951,0.3048163,0.38192904,0.6271485,0.3797389,0.31991485,0.33329886,0.3329658,0.4504504,0.32056236,0.5683724
"np.mean(np.sin(2*np.pi*8.392924607611956/np.cos(2*np.pi*array_x)), axis=1)",0.76795334,0.63898003,0.18519303,0.604664,0.30155846,0.48345035,0.5373171,0.28953764,0.496158,0.6521468,0.5232526,0.6792716,0.45363694,0.5555951,0.3048163,0.38192904,0.6271485,0.3797389,0.31991485,0.33329886,0.3329658,0.4504504,0.32056236,0.5683724
"np.mean(np.sin(2*np.pi*9.16352007693281-(np.array(range(1, array_x.shape[1]+1)))/4.924899578561523-array_x*8.11613070820339/np.cos(2*np.pi*np.round(4.305442275731724+np.exp(2.806837305057805-np.square(array_x))))), axis=1)",0.7618578,0.08763449,0.0,0.67600554,0.08004069,0.5149158,0.36904103,0.18233225,0.31661826,0.8214926,0.31319124,0.02561217,0.45363694,0.5555951,0.3048163,0.38192904,0.6271485,0.3797389,0.31991485,0.33329886,0.3329658,0.4504504,0.32056236,0.5683724
"np.mean(np.sin(2*np.pi*9.328547158125733-array_x-array_x/8.719803382483125*1.8678103517182212), axis=1)",0.672832,0.07273056,0.0030121743,0.113475375,0.50523573,0.10973918,0.0,0.012356668,0.025834898,0.8134232,0.0023948092,0.2377463,0.45363694,0.5555951,0.3048163,0.38192904,0.6271485,0.3797389,0.31991485,0.33329886,0.3329658,0.4504504,0.32056236,0.5683724
"np.mean(np.sin(2*np.pi*9.732679435604753-np.sqrt(abs(1/(1.1829946476208208)/array_x)))-np.square(1.5624818633547264), axis=1)",0.0,0.61327106,0.025564488,0.0,0.4903038,0.0,9.1074295e-09,0.0,0.0,0.0,6.770373e-09,1.0,0.45363694,0.5555951,0.3048163,0.38192904,0.6271485,0.3797389,0.31991485,0.33329886,0.3329658,0.4504504,0.32056236,0.5683724
"np.mean(np.sin(2*np.pi*abs(np.square(np.log(abs(6.529177113513001)))+6.434787039542734-array_x-9.47711336593666+np.square(np.exp(1.481445137041156)))), axis=1)",0.9601258,0.029482778,0.0,0.5351979,0.07736511,0.6956639,0.16334383,0.1667563,0.375654,0.8560469,0.15219729,0.054805376,0.45363694,0.5555951,0.3048163,0.38192904,0.6271485,0.3797389,0.31991485,0.33329886,0.3329658,0.4504504,0.32056236,0.5683724
"np.mean(np.sin(2*np.pi*abs(np.square(np.log(abs(array_x+array_x*8.29564357967978))-array_x))), axis=1)",0.8092692,0.2537155,0.072181836,0.8463878,0.4858919,0.5809323,0.5014708,0.52337694,0.46514356,0.884268,0.5661454,0.26593682,0.45363694,0.5555951,0.3048163,0.38192904,0.6271485,0.3797389,0.31991485,0.33329886,0.3329658,0.4504504,0.32056236,0.5683724
"np.mean(np.sin(2*np.pi*array_x)+np.cos(2*np.pi*np.sin(2*np.pi*9.570238036256676)+array_x)*1.9774603985857921+np.log(abs(array_x))+np.sqrt(abs(9.033488170479899))-np.sqrt(abs(array_x)), axis=1)",0.99946666,0.17083164,0.22837007,0.8055227,0.5421216,0.785854,0.5990375,0.7458756,0.65094423,0.9815193,0.5701413,0.0017974763,0.45363694,0.5555951,0.3048163,0.38192904,0.6271485,0.3797389,0.31991485,0.33329886,0.3329658,0.4504504,0.32056236,0.5683724
"np.mean(np.sin(2*np.pi*array_x)+np.square(array_x)*5.614246893481302-array_x+5.5673435310748385-array_x-10*(2.3288360241063493)-2.4038165385487194, axis=1)",0.80975574,0.20518966,0.12251931,0.36010817,0.4156946,0.29235563,0.015717857,0.09585627,0.16563165,0.702652,0.09382713,0.46142393,0.45363694,0.5555951,0.3048163,0.38192904,0.6271485,0.3797389,0.31991485,0.33329886,0.3329658,0.4504504,0.32056236,0.5683724
"np.mean(np.sin(2*np.pi*array_x)-6.07150862611767/array_x/4.5577305523109946+array_x, axis=1)",1.0,0.0,0.4534945,0.99999994,0.98304963,0.99999994,0.99999654,0.99999994,0.99999994,1.0,0.9999994,0.99866426,0.45363694,0.5555951,0.3048163,0.38192904,0.6271485,0.3797389,0.31991485,0.33329886,0.3329658,0.4504504,0.32056236,0.5683724
"np.mean(np.sin(2*np.pi*array_x)-np.sin(2*np.pi*np.square(np.sin(2*np.pi*6.404220766147692))), axis=1)+np.sin(2*np.pi*np.mean(np.sin(2*np.pi*array_x)-np.sin(2*np.pi*np.square(np.sin(2*np.pi*3.5152927493654937))), axis=1))",0.16991465,0.021071156,9.1205857e-07,0.07347961,0.0015873122,0.004501317,0.27668837,0.09645784,0.11839376,0.15776025,0.053058773,0.004796151,0.45363694,0.5555951,0.3048163,0.38192904,0.6271485,0.3797389,0.31991485,0.33329886,0.3329658,0.4504504,0.32056236,0.5683724
"np.mean(np.sin(2*np.pi*array_x)/2.003212498223995+np.sqrt(abs(np.sqrt(abs(array_x*np.sqrt(abs(3.609898442568457)))))), axis=1)",0.9494838,0.052578714,0.4611918,0.500049,0.397756,0.5046751,0.13635544,0.34208947,0.45263982,0.7025194,0.18003121,0.32008007,0.45363694,0.5555951,0.3048163,0.38192904,0.6271485,0.3797389,0.31991485,0.33329886,0.3329658,0.4504504,0.32056236,0.5683724
"np.mean(np.sin(2*np.pi*array_x)/9.757334451112747, axis=1)",0.6965222,0.020717701,0.0,0.79164755,0.0980876,0.7282683,0.094991945,0.2412623,0.1355904,0.90778124,0.11387895,0.019486943,0.45363694,0.5555951,0.3048163,0.38192904,0.6271485,0.3797389,0.31991485,0.33329886,0.3329658,0.4504504,0.32056236,0.5683724
"np.mean(np.sin(2*np.pi*array_x)/np.cos(2*np.pi*8.244790508280463)+np.sqrt(abs(3.5889552984008355+array_x))-4.898606558228225*8.983034178550957-array_x, axis=1)",0.8299653,0.06281166,0.035265286,0.58540255,0.083887585,0.5939567,0.18574631,0.35598162,0.31915852,0.9623237,0.1872658,0.03532861,0.45363694,0.5555951,0.3048163,0.38192904,0.6271485,0.3797389,0.31991485,0.33329886,0.3329658,0.4504504,0.32056236,0.5683724
"np.mean(np.sin(2*np.pi*array_x*2.6200867951762086), axis=1)+10*(np.sin(2*np.pi*np.mean(np.sin(2*np.pi*array_x*1.938430571271315), axis=1)))",0.72483116,0.36686987,0.0,0.7398314,0.5711435,0.77663785,0.61865944,0.5812912,0.6830205,0.7649993,0.8242214,0.45474693,0.45363694,0.5555951,0.3048163,0.38192904,0.6271485,0.3797389,0.31991485,0.33329886,0.3329658,0.4504504,0.32056236,0.5683724
"np.mean(np.sin(2*np.pi*array_x*5.20012794372114+1.7511542929731667)-np.square(1/(2.9735500267270583)), axis=1)+np.sin(2*np.pi*np.mean(np.sin(2*np.pi*array_x*2.3717165428751903+5.451153415494012)-np.square(1/(4.594239188976756)), axis=1))",0.81997585,0.49070853,0.0,0.73962855,0.38670257,0.6062762,0.62757546,0.6401878,0.69920075,0.6144742,0.69866365,0.24664903,0.45363694,0.5555951,0.3048163,0.38192904,0.6271485,0.3797389,0.31991485,0.33329886,0.3329658,0.4504504,0.32056236,0.5683724
"np.mean(np.sin(2*np.pi*array_x*8.067535172773898), axis=1)",0.6015234,0.2809645,0.0,0.5775932,0.40477648,0.7542795,0.59513915,0.68794835,0.496316,0.5642072,0.5690447,0.3163034,0.45363694,0.5555951,0.3048163,0.38192904,0.6271485,0.3797389,0.31991485,0.33329886,0.3329658,0.4504504,0.32056236,0.5683724
"np.mean(np.sin(2*np.pi*array_x*np.cos(2*np.pi*7.915971261708384)+np.log(abs(9.116780651081077))), axis=1)",0.6804446,0.039104532,0.0,0.5815089,0.09687808,0.61522895,0.28712994,0.17515032,0.3859746,0.7708313,0.33204323,0.030575493,0.45363694,0.5555951,0.3048163,0.38192904,0.6271485,0.3797389,0.31991485,0.33329886,0.3329658,0.4504504,0.32056236,0.5683724
"np.mean(np.sin(2*np.pi*array_x+4.514210661090621/np.log(abs(6.112500770540954))+np.round(array_x)-2.8594631831116555-np.square(5.207447794924028*array_x-8.267152315390573)), axis=1)+np.sin(2*np.pi*np.mean(np.sin(2*np.pi*array_x+4.744131777416856/np.log(abs(6.635529285284859))+np.round(array_x)-8.76982186091551-np.square(7.163413488879691*array_x-1.0633250867297015)), axis=1))",0.6792552,0.39344352,0.023604162,0.74016166,0.36415762,0.43922222,0.8256647,0.62641776,0.5741507,0.8077376,0.43782955,0.34809652,0.45363694,0.5555951,0.3048163,0.38192904,0.6271485,0.3797389,0.31991485,0.33329886,0.3329658,0.4504504,0.32056236,0.5683724
"np.mean(np.sin(2*np.pi*array_x+array_x+4.637125898759543/6.591709117584165), axis=1)",1.0,0.07539202,0.0,0.5963646,0.11663494,0.71993655,0.2830659,0.25877184,0.31895792,0.5958979,0.24268822,0.025044864,0.45363694,0.5555951,0.3048163,0.38192904,0.6271485,0.3797389,0.31991485,0.33329886,0.3329658,0.4504504,0.32056236,0.5683724
"np.mean(np.sin(2*np.pi*array_x+np.exp(abs(4.553552821275795))), axis=1)",0.7066971,0.034585804,0.0,0.51833767,0.12247549,0.64461005,0.061280053,0.17718774,0.16059116,1.0,0.27079156,0.027106479,0.45363694,0.5555951,0.3048163,0.38192904,0.6271485,0.3797389,0.31991485,0.33329886,0.3329658,0.4504504,0.32056236,0.5683724
"np.mean(np.sin(2*np.pi*array_x-(np.array(range(1, array_x.shape[1]+1)))), axis=1)",0.6358373,0.016463706,0.0,0.98937804,0.08713909,0.8041129,0.2165879,0.1657438,0.23866011,0.76835394,0.12739637,0.08172935,0.45363694,0.5555951,0.3048163,0.38192904,0.6271485,0.3797389,0.31991485,0.33329886,0.3329658,0.4504504,0.32056236,0.5683724
"np.mean(np.sin(2*np.pi*array_x-9.1376467212049)-np.cos(2*np.pi*8.245463357217815)+3.815330663534359/array_x-array_x-5.468781784419096, axis=1)+10*(np.sin(2*np.pi*np.mean(np.sin(2*np.pi*array_x-7.25020331358158)-np.cos(2*np.pi*8.081077013743322)+6.561733439179424/array_x-array_x-3.0670545086565086, axis=1)))",1.0,0.9923057,0.30468786,0.99999994,0.9999657,0.99999994,0.9999994,0.99999994,1.0,1.0,0.9999978,0.99965644,0.45363694,0.5555951,0.3048163,0.38192904,0.6271485,0.3797389,0.31991485,0.33329886,0.3329658,0.4504504,0.32056236,0.5683724
"np.mean(np.sin(2*np.pi*array_x-9.380112946550812), axis=1)",0.8018278,0.047411848,0.0,0.44078895,0.1074884,0.4691448,0.22327788,0.17832687,0.19578022,0.86828893,0.23371561,0.051738232,0.45363694,0.5555951,0.3048163,0.38192904,0.6271485,0.3797389,0.31991485,0.33329886,0.3329658,0.4504504,0.32056236,0.5683724
"np.mean(np.sin(2*np.pi*array_x/1.1842357695517394), axis=1)",0.9141986,0.040510375,0.0,0.5519232,0.14624298,0.45171773,0.11784746,0.2014143,0.17868727,1.0,0.1638365,0.024958108,0.45363694,0.5555951,0.3048163,0.38192904,0.6271485,0.3797389,0.31991485,0.33329886,0.3329658,0.4504504,0.32056236,0.5683724
"np.mean(np.sin(2*np.pi*array_x/2.346538636703496)*np.exp(2.656666951418042), axis=1)",0.7555102,0.037831757,0.0,0.42028153,0.14384389,0.314762,0.012613604,0.04482085,0.043872017,1.0,0.014281681,0.030409649,0.45363694,0.5555951,0.3048163,0.38192904,0.6271485,0.3797389,0.31991485,0.33329886,0.3329658,0.4504504,0.32056236,0.5683724
"np.mean(np.sin(2*np.pi*array_x/4.337523347172133), axis=1)",0.9289173,0.094999254,0.0,0.25393638,0.17003985,0.2477425,0.0061336616,0.033962995,0.08216405,0.89105654,0.0029335204,0.100794904,0.45363694,0.5555951,0.3048163,0.38192904,0.6271485,0.3797389,0.31991485,0.33329886,0.3329658,0.4504504,0.32056236,0.5683724
"np.mean(np.sin(2*np.pi*array_x/4.980308159580962/8.662121270437034), axis=1)",0.0,0.9010911,0.24679154,3.8357974e-16,0.98505116,4.8711997e-16,2.083759e-08,5.1557424e-16,5.273869e-16,0.0,9.249921e-08,0.9500526,0.45363694,0.5555951,0.3048163,0.38192904,0.6271485,0.3797389,0.31991485,0.33329886,0.3329658,0.4504504,0.32056236,0.5683724
"np.mean(np.sin(2*np.pi*array_x/6.807610034429903), axis=1)",0.24268423,0.51502335,0.003935207,0.08381272,0.44366083,0.087370515,0.003604402,0.019302735,0.018206451,0.41661015,0.0037269099,0.33602598,0.45363694,0.5555951,0.3048163,0.38192904,0.6271485,0.3797389,0.31991485,0.33329886,0.3329658,0.4504504,0.32056236,0.5683724
"np.mean(np.sin(2*np.pi*array_x/np.cos(2*np.pi*1.553948690645488))*5.522244040298101, axis=1)+np.sin(2*np.pi*np.mean(np.sin(2*np.pi*array_x/np.cos(2*np.pi*6.141723071329904))*3.639053911594782, axis=1))",0.9180107,0.2380054,0.0,0.83502,0.33190486,0.7303392,0.31465176,0.39119563,0.40239388,0.96312696,0.35609338,0.37322068,0.45363694,0.5555951,0.3048163,0.38192904,0.6271485,0.3797389,0.31991485,0.33329886,0.3329658,0.4504504,0.32056236,0.5683724
"np.mean(np.sin(2*np.pi*np.cos(2*np.pi*array_x-np.cos(2*np.pi*array_x+4.372545048471796))), axis=1)",0.6430824,0.37144506,0.0,0.8012293,0.40263295,0.63721824,0.6734459,0.6674462,0.6645231,0.6043672,0.61370254,0.42743713,0.45363694,0.5555951,0.3048163,0.38192904,0.6271485,0.3797389,0.31991485,0.33329886,0.3329658,0.4504504,0.32056236,0.5683724
"np.mean(np.sin(2*np.pi*np.cos(2*np.pi*np.log(abs(6.624736739469225))+10*(2.540115935559293)*array_x)), axis=1)",0.58552843,0.32606268,0.0,0.70505154,0.5380915,0.67883635,0.57447106,0.6788979,0.5720343,0.7067219,0.59725523,0.6415621,0.45363694,0.5555951,0.3048163,0.38192904,0.6271485,0.3797389,0.31991485,0.33329886,0.3329658,0.4504504,0.32056236,0.5683724
"np.mean(np.sin(2*np.pi*np.cos(2*np.pi*np.sqrt(abs(array_x*5.215918387568522-6.245271345630855))*np.log(abs(9.272291143673138)))), axis=1)",0.6881994,0.16664284,0.0,0.64416766,0.2394513,0.6701036,0.5983338,0.68068224,0.67062277,0.7037235,0.6708231,0.3910784,0.45363694,0.5555951,0.3048163,0.38192904,0.6271485,0.3797389,0.31991485,0.33329886,0.3329658,0.4504504,0.32056236,0.5683724
"np.mean(np.sin(2*np.pi*np.cumsum(array_x*-(array_x), axis=1))+1.9897522848269489+abs(4.8992678479964535), axis=1)",0.89003617,0.27782765,0.021928443,0.57314986,0.6222367,0.7587499,0.48381245,0.5589372,0.78129524,0.8782534,0.5608154,0.32175776,0.45363694,0.5555951,0.3048163,0.38192904,0.6271485,0.3797389,0.31991485,0.33329886,0.3329658,0.4504504,0.32056236,0.5683724
"np.mean(np.sin(2*np.pi*np.exp((np.array(range(1, array_x.shape[1]+1)))-7.9437113719778445-array_x+1.8009582757718592)), axis=1)+np.sin(2*np.pi*np.mean(np.sin(2*np.pi*np.exp((np.array(range(1, array_x.shape[1]+1)))-8.638084131372647-array_x+6.300412059695393)), axis=1))",0.6115016,0.46872467,0.24330729,0.73801464,0.5111855,0.6175732,0.48022664,0.6740406,0.61050767,0.71916926,0.57587034,0.4964007,0.45363694,0.5555951,0.3048163,0.38192904,0.6271485,0.3797389,0.31991485,0.33329886,0.3329658,0.4504504,0.32056236,0.5683724
"np.mean(np.sin(2*np.pi*np.exp(7.866656872569009/5.2164625580888035+array_x+3.2898107944892105)), axis=1)",0.58586675,0.58360875,0.1966293,0.3124095,0.42750278,0.5910659,0.6335816,0.342822,0.5146393,0.49279234,0.32878622,0.4644257,0.45363694,0.5555951,0.3048163,0.38192904,0.6271485,0.3797389,0.31991485,0.33329886,0.3329658,0.4504504,0.32056236,0.5683724
"np.mean(np.sin(2*np.pi*np.exp(array_x))-1.851368403251925, axis=1)",0.73008066,0.286169,0.16596264,0.5751384,0.38663974,0.7601029,0.6031295,0.55549306,0.6762563,0.783962,0.4156306,0.2440841,0.45363694,0.5555951,0.3048163,0.38192904,0.6271485,0.3797389,0.31991485,0.33329886,0.3329658,0.4504504,0.32056236,0.5683724
"np.mean(np.sin(2*np.pi*np.exp(array_x)/3.2914124587548583/np.sin(2*np.pi*np.log(abs(3.351005501693753-array_x)))), axis=1)",0.7271366,0.31030312,0.098561354,0.7016744,0.5536584,0.70080394,0.7601881,0.6081218,0.609515,0.77422434,0.54965925,0.4017024,0.45363694,0.5555951,0.3048163,0.38192904,0.6271485,0.3797389,0.31991485,0.33329886,0.3329658,0.4504504,0.32056236,0.5683724
"np.mean(np.sin(2*np.pi*np.exp(np.sin(2*np.pi*array_x)))+6.861287939084916, axis=1)",0.60679007,0.15118258,0.0,0.5700406,0.40704355,0.8904364,0.5038434,0.6367629,0.94961476,0.7196774,0.63518745,0.13561043,0.45363694,0.5555951,0.3048163,0.38192904,0.6271485,0.3797389,0.31991485,0.33329886,0.3329658,0.4504504,0.32056236,0.5683724
"np.mean(np.sin(2*np.pi*np.exp(np.square(6.254201719123053-array_x)))-np.exp(np.round(array_x*6.346421242788125)), axis=1)",0.071428575,0.91553235,0.72437376,0.15677486,0.9736334,0.14681172,0.2856681,0.29362345,0.29403198,0.18333371,0.29363856,0.9998203,0.45363694,0.5555951,0.3048163,0.38192904,0.6271485,0.3797389,0.31991485,0.33329886,0.3329658,0.4504504,0.32056236,0.5683724
"np.mean(np.sin(2*np.pi*np.log(abs(1.7832442826154755/array_x))*9.598026536989382), axis=1)",0.8410833,0.24731643,0.0,0.55066186,0.4212753,0.7353589,0.5796082,0.71677643,0.60133016,0.55944484,0.7818936,0.13421309,0.45363694,0.5555951,0.3048163,0.38192904,0.6271485,0.3797389,0.31991485,0.33329886,0.3329658,0.4504504,0.32056236,0.5683724
"np.mean(np.sin(2*np.pi*np.log(abs(1.93019811464834))+array_x)/3.215884310069508*array_x, axis=1)",0.37743825,0.51985705,0.55257624,0.3995434,0.74676394,0.4624405,0.3281617,0.3970232,0.2770598,0.30658996,0.46143472,0.6381817,0.45363694,0.5555951,0.3048163,0.38192904,0.6271485,0.3797389,0.31991485,0.33329886,0.3329658,0.4504504,0.32056236,0.5683724
"np.mean(np.sin(2*np.pi*np.log(abs(array_x*array_x+4.654826848513322))), axis=1)",0.9244641,0.04304549,0.0,0.273866,0.029949112,0.22602297,0.006191138,0.025154414,0.03957389,0.9988604,0.011533244,0.02088159,0.45363694,0.5555951,0.3048163,0.38192904,0.6271485,0.3797389,0.31991485,0.33329886,0.3329658,0.4504504,0.32056236,0.5683724
"np.mean(np.sin(2*np.pi*np.round(10*(np.sqrt(abs(6.542106113186388))))+np.sin(2*np.pi*np.square(10*(array_x)))), axis=1)",0.30258414,0.55336916,0.3361219,0.520225,0.44456515,0.7884513,0.57518053,0.41512683,0.35020414,0.48373175,0.34708762,0.22890937,0.45363694,0.5555951,0.3048163,0.38192904,0.6271485,0.3797389,0.31991485,0.33329886,0.3329658,0.4504504,0.32056236,0.5683724
"np.mean(np.sin(2*np.pi*np.sin(2*np.pi*(np.array(range(1, array_x.shape[1]+1))))-array_x), axis=1)+np.sin(2*np.pi*np.mean(np.sin(2*np.pi*np.sin(2*np.pi*(np.array(range(1, array_x.shape[1]+1))))-array_x), axis=1))",0.38696674,2.4799192e-07,5.248377e-09,0.01558066,3.334971e-07,0.14593259,0.031008432,0.009446001,0.001156053,0.59982365,0.030808607,1.3959525e-06,0.45363694,0.5555951,0.3048163,0.38192904,0.6271485,0.3797389,0.31991485,0.33329886,0.3329658,0.4504504,0.32056236,0.5683724
"np.mean(np.sin(2*np.pi*np.sin(2*np.pi*10*(array_x*array_x/5.55532148648195-np.log(abs(2.4651311259347066))))), axis=1)",0.78497845,0.23308848,0.0,0.6115027,0.7323087,0.6222363,0.54231673,0.644399,0.60135204,0.42526615,0.5397435,0.3147761,0.45363694,0.5555951,0.3048163,0.38192904,0.6271485,0.3797389,0.31991485,0.33329886,0.3329658,0.4504504,0.32056236,0.5683724
"np.mean(np.sin(2*np.pi*np.sin(2*np.pi*3.2213313818253932))/8.95817986169179+array_x/np.log(abs(6.122434442169267+np.square(array_x)+4.176589403924616/2.471963685452335+(np.array(range(1, array_x.shape[1]+1))))), axis=1)",0.0,0.76448,0.27606514,9.206836e-16,0.9579846,1.1662774e-15,1.0207561e-08,0.0,0.0,0.0,1.0002837e-08,0.92455435,0.45363694,0.5555951,0.3048163,0.38192904,0.6271485,0.3797389,0.31991485,0.33329886,0.3329658,0.4504504,0.32056236,0.5683724
"np.mean(np.sin(2*np.pi*np.sin(2*np.pi*6.300622267205881*array_x)), axis=1)",0.52456826,0.595234,0.0,0.72968405,0.72994137,0.4569695,0.4827818,0.7016671,0.5419849,0.56079,0.47048467,0.46875322,0.45363694,0.5555951,0.3048163,0.38192904,0.6271485,0.3797389,0.31991485,0.33329886,0.3329658,0.4504504,0.32056236,0.5683724
"np.mean(np.sin(2*np.pi*np.sin(2*np.pi*9.331300002906056*array_x))-np.sin(2*np.pi*1.4930621391918084/array_x), axis=1)",0.7050624,0.4351052,0.058445822,0.6280853,0.68408805,0.5748574,0.5549783,0.5327683,0.7162262,0.5749534,0.5310837,0.2764942,0.45363694,0.5555951,0.3048163,0.38192904,0.6271485,0.3797389,0.31991485,0.33329886,0.3329658,0.4504504,0.32056236,0.5683724
"np.mean(np.sin(2*np.pi*np.sin(2*np.pi*array_x)+10*(3.996100638413484)), axis=1)+10*(np.sin(2*np.pi*np.mean(np.sin(2*np.pi*np.sin(2*np.pi*array_x)+10*(4.880159537720639)), axis=1)))",0.81162465,0.7533063,0.5622221,0.84018904,0.6923172,0.82088953,0.9170261,0.65371907,0.755544,0.6968225,0.82326686,0.78678924,0.45363694,0.5555951,0.3048163,0.38192904,0.6271485,0.3797389,0.31991485,0.33329886,0.3329658,0.4504504,0.32056236,0.5683724
"np.mean(np.sin(2*np.pi*np.sin(2*np.pi*array_x-np.sqrt(abs(3.056897178201541))))/3.231050823172383-np.sqrt(abs(array_x))+array_x, axis=1)+np.sin(2*np.pi*np.mean(np.sin(2*np.pi*np.sin(2*np.pi*array_x-np.sqrt(abs(4.280251960404426))))/4.971962348602556-np.sqrt(abs(array_x))+array_x, axis=1))",0.011017815,0.97187084,0.9608628,0.499398,0.9815529,0.13439316,0.7243496,0.67160094,0.5017772,0.018076465,0.94731635,0.9695176,0.45363694,0.5555951,0.3048163,0.38192904,0.6271485,0.3797389,0.31991485,0.33329886,0.3329658,0.4504504,0.32056236,0.5683724
"np.mean(np.sin(2*np.pi*np.sin(2*np.pi*np.exp(1.0194232796952087+4.045030659539515*array_x+np.sqrt(abs(array_x))-6.610999237883169))), axis=1)",0.37299615,0.48878092,0.5410525,0.5397563,0.5357776,0.5327926,0.58341545,0.7428999,0.61451393,0.6848039,0.5630942,0.5678941,0.45363694,0.5555951,0.3048163,0.38192904,0.6271485,0.3797389,0.31991485,0.33329886,0.3329658,0.4504504,0.32056236,0.5683724
"np.mean(np.sin(2*np.pi*np.sin(2*np.pi*np.log(abs(2.864500310519988))*array_x/2.253337057663714)+np.square(np.sin(2*np.pi*3.6001032005948335))), axis=1)",0.71952534,0.055028763,0.0,0.6029208,0.2492682,0.6326709,0.4492563,0.6948018,0.4081371,0.8988774,0.5052236,0.036948867,0.45363694,0.5555951,0.3048163,0.38192904,0.6271485,0.3797389,0.31991485,0.33329886,0.3329658,0.4504504,0.32056236,0.5683724
"np.mean(np.sin(2*np.pi*np.sin(2*np.pi*np.sin(2*np.pi*4.674560342354308)/array_x/array_x+8.839734447215195-4.456838856456727-array_x)), axis=1)",0.62019545,0.22704378,0.04974059,0.38030046,0.2598411,0.40713084,0.3512996,0.27766448,0.30149838,0.7480268,0.23009829,0.43235675,0.45363694,0.5555951,0.3048163,0.38192904,0.6271485,0.3797389,0.31991485,0.33329886,0.3329658,0.4504504,0.32056236,0.5683724
"np.mean(np.sin(2*np.pi*np.sqrt(abs((np.array(range(1, array_x.shape[1]+1)))*array_x))*np.sqrt(abs(7.84571113493279))), axis=1)",0.75453913,0.13809422,0.0,0.6308803,0.16645178,0.6959621,0.51891196,0.5462836,0.31079698,0.90805453,0.31942424,0.014110093,0.45363694,0.5555951,0.3048163,0.38192904,0.6271485,0.3797389,0.31991485,0.33329886,0.3329658,0.4504504,0.32056236,0.5683724
"np.mean(np.sin(2*np.pi*np.sqrt(abs((np.array(range(1, array_x.shape[1]+1)))*array_x*7.139033557287842))), axis=1)+np.sin(2*np.pi*np.mean(np.sin(2*np.pi*np.sqrt(abs((np.array(range(1, array_x.shape[1]+1)))*array_x*8.366351517324652))), axis=1))",0.7746851,0.2754747,0.0,0.65130013,0.37994057,0.639085,0.46637252,0.44358635,0.57895106,0.9681799,0.4224378,0.13304827,0.45363694,0.5555951,0.3048163,0.38192904,0.6271485,0.3797389,0.31991485,0.33329886,0.3329658,0.4504504,0.32056236,0.5683724
"np.mean(np.sin(2*np.pi*np.sqrt(abs(2.494340303825516))*1/(np.exp(array_x))+8.972716351594345+array_x*5.70069281770292), axis=1)",0.73233926,0.17783256,0.042105243,0.52982354,0.20120424,0.49123216,0.59010476,0.37043697,0.28404823,0.92425966,0.49162176,0.053129904,0.45363694,0.5555951,0.3048163,0.38192904,0.6271485,0.3797389,0.31991485,0.33329886,0.3329658,0.4504504,0.32056236,0.5683724
"np.mean(np.sin(2*np.pi*np.sqrt(abs(2.655055680378142))/np.sin(2*np.pi*np.log(abs(5.0496253266241675))+array_x)), axis=1)",0.5644764,0.14850315,0.0,0.5352765,0.25980738,0.535947,0.47503033,0.34588075,0.47438422,0.7021695,0.40118867,0.13235295,0.45363694,0.5555951,0.3048163,0.38192904,0.6271485,0.3797389,0.31991485,0.33329886,0.3329658,0.4504504,0.32056236,0.5683724
"np.mean(np.sin(2*np.pi*np.sqrt(abs(4.206661927868989))-array_x*5.390682282339122/abs(5.276091835256436-array_x)+array_x), axis=1)+np.sin(2*np.pi*np.mean(np.sin(2*np.pi*np.sqrt(abs(8.024094776814003))-array_x*6.70275702780929/abs(1.4725171237493155-array_x)+array_x), axis=1))",0.3002907,0.7938532,0.50861734,0.20085219,0.8791254,0.41488197,0.23829935,0.19244425,0.09569711,0.38500065,0.115431555,0.9499301,0.45363694,0.5555951,0.3048163,0.38192904,0.6271485,0.3797389,0.31991485,0.33329886,0.3329658,0.4504504,0.32056236,0.5683724
"np.mean(np.sin(2*np.pi*np.sqrt(abs(6.623113605934168-array_x-array_x))-7.250114399341713)-np.round(5.557304731089509), axis=1)",0.95757914,0.044096332,0.0,0.291005,0.18638606,0.45548126,0.03182792,0.07084649,0.043969955,1.0,0.017876606,0.05018289,0.45363694,0.5555951,0.3048163,0.38192904,0.6271485,0.3797389,0.31991485,0.33329886,0.3329658,0.4504504,0.32056236,0.5683724
"np.mean(np.sin(2*np.pi*np.sqrt(abs(array_x))), axis=1)",0.92518777,0.011982828,0.0,0.4716736,0.09969277,0.2468753,0.014696177,0.021354845,0.06737423,0.89090616,0.023629062,0.032272723,0.45363694,0.5555951,0.3048163,0.38192904,0.6271485,0.3797389,0.31991485,0.33329886,0.3329658,0.4504504,0.32056236,0.5683724
"np.mean(np.sin(2*np.pi*np.sqrt(abs(array_x-1.6603626689740243)))+1.210644310470041, axis=1)",1.0,0.05335196,0.0,0.26714283,0.06429956,0.28941616,0.025547924,0.05707162,0.09737789,0.7644602,0.011679457,0.019240633,0.45363694,0.5555951,0.3048163,0.38192904,0.6271485,0.3797389,0.31991485,0.33329886,0.3329658,0.4504504,0.32056236,0.5683724
"np.mean(np.sin(2*np.pi*np.sqrt(abs(array_x/np.square(2.2813320242790613)-array_x))+np.log(abs(np.cos(2*np.pi*np.round(9.60842551035002))-np.log(abs(4.883723749766665-(np.array(range(1, array_x.shape[1]+1)))))))), axis=1)",1.0,0.09272792,0.0,0.20110764,0.16931926,0.25863624,0.016987873,0.05471301,0.040675487,0.78863984,0.014030294,0.05096447,0.45363694,0.5555951,0.3048163,0.38192904,0.6271485,0.3797389,0.31991485,0.33329886,0.3329658,0.4504504,0.32056236,0.5683724
"np.mean(np.sin(2*np.pi*np.sqrt(abs(np.exp(np.exp(6.0362161455459935)))))+np.cos(2*np.pi*(np.array(range(1, array_x.shape[1]+1)))+np.square(np.exp(array_x))), axis=1)",0.40983152,0.2090578,0.27863604,0.6811633,0.35789603,0.5596529,0.6110089,0.6593503,0.5313655,0.627333,0.33452842,0.17083542,0.45363694,0.5555951,0.3048163,0.38192904,0.6271485,0.3797389,0.31991485,0.33329886,0.3329658,0.4504504,0.32056236,0.5683724
"np.mean(np.sin(2*np.pi*np.sqrt(abs(np.log(abs(array_x))))), axis=1)",1.0,0.0428445,0.0,0.3690773,0.026745634,0.46512052,0.13777682,0.11136019,0.11789453,0.8106408,0.04108277,0.013493121,0.45363694,0.5555951,0.3048163,0.38192904,0.6271485,0.3797389,0.31991485,0.33329886,0.3329658,0.4504504,0.32056236,0.5683724
"np.mean(np.sin(2*np.pi*np.sqrt(abs(np.sqrt(abs(array_x))))*7.32526786490015), axis=1)",0.7379278,0.06797316,0.0,0.52323693,0.060852136,0.7711959,0.28224015,0.30746806,0.2910397,0.5995561,0.28751978,0.050366063,0.45363694,0.5555951,0.3048163,0.38192904,0.6271485,0.3797389,0.31991485,0.33329886,0.3329658,0.4504504,0.32056236,0.5683724
"np.mean(np.sin(2*np.pi*np.sqrt(abs(np.square(array_x)-4.739717315579667)))/-(7.890813303844093), axis=1)",0.89909583,0.11796878,0.027344303,0.37190306,0.16011001,0.58583647,0.16995241,0.16217497,0.28043628,0.7482469,0.23809695,0.1206806,0.45363694,0.5555951,0.3048163,0.38192904,0.6271485,0.3797389,0.31991485,0.33329886,0.3329658,0.4504504,0.32056236,0.5683724
"np.mean(np.sin(2*np.pi*np.square(3.735323230289346-array_x))+1.3034955476204129/np.sqrt(abs(9.682311784410658))-array_x*4.9139341079562096, axis=1)",1.9329819e-16,0.983289,0.49073604,1.9910371e-15,0.83063036,1.9083294e-15,0.00041219138,9.270676e-16,2.9154245e-15,4.730052e-16,1.8097647e-06,0.91649157,0.45363694,0.5555951,0.3048163,0.38192904,0.6271485,0.3797389,0.31991485,0.33329886,0.3329658,0.4504504,0.32056236,0.5683724
"np.mean(np.sin(2*np.pi*np.square(6.498568940514246*array_x)), axis=1)",0.593703,0.56066555,0.3385556,0.5596055,0.45500255,0.5465028,0.24531104,0.26438087,0.37024274,0.46651578,0.45920864,0.5930193,0.45363694,0.5555951,0.3048163,0.38192904,0.6271485,0.3797389,0.31991485,0.33329886,0.3329658,0.4504504,0.32056236,0.5683724
"np.mean(np.sin(2*np.pi*np.square(6.847482178525602*array_x-abs(6.054947099643168))), axis=1)",0.6632358,0.38552433,0.14728585,0.5668978,0.6711479,0.5509647,0.63211393,0.6137911,0.44873545,0.44901082,0.5192137,0.5076376,0.45363694,0.5555951,0.3048163,0.38192904,0.6271485,0.3797389,0.31991485,0.33329886,0.3329658,0.4504504,0.32056236,0.5683724
"np.mean(np.sin(2*np.pi*np.square(7.698386020361909/array_x)), axis=1)",0.88095826,0.33684948,0.0,0.7021334,0.376555,0.53309995,0.6048899,0.40092036,0.35628316,0.31191564,0.4958928,0.59519434,0.45363694,0.5555951,0.3048163,0.38192904,0.6271485,0.3797389,0.31991485,0.33329886,0.3329658,0.4504504,0.32056236,0.5683724
"np.mean(np.sin(2*np.pi*np.square(array_x)-8.132860148845133-5.672844132253532/2.5240200771876395), axis=1)",0.78574526,0.13605513,0.0,0.784267,0.39258286,0.6331896,0.5403683,0.70635974,0.5958773,0.69708663,0.57806116,0.08379759,0.45363694,0.5555951,0.3048163,0.38192904,0.6271485,0.3797389,0.31991485,0.33329886,0.3329658,0.4504504,0.32056236,0.5683724
"np.mean(np.sin(2*np.pi*np.square(array_x-8.8108180827144))+7.18129787571141*np.exp(array_x*6.783608042451801)/10*(7.733936689174715), axis=1)",0.38260078,0.14392594,0.0,0.2863845,0.54851437,0.29322407,0.3941021,0.24010713,0.38466552,0.57509387,0.2934969,0.95025814,0.45363694,0.5555951,0.3048163,0.38192904,0.6271485,0.3797389,0.31991485,0.33329886,0.3329658,0.4504504,0.32056236,0.5683724
"np.mean(np.sin(2*np.pi*np.square(np.cos(2*np.pi*np.sin(2*np.pi*np.round(9.392697985358366))*array_x))+array_x-6.360231829934126/7.440398571345025-array_x/np.sin(2*np.pi*7.924498788932919)), axis=1)",0.757432,0.019244922,0.0,0.54547936,0.040913675,0.4733107,0.017496647,0.07035524,0.06184325,1.0,0.022569839,0.01919935,0.45363694,0.5555951,0.3048163,0.38192904,0.6271485,0.3797389,0.31991485,0.33329886,0.3329658,0.4504504,0.32056236,0.5683724
"np.mean(np.sin(2*np.pi*np.square(np.exp(4.107745473959309/np.sqrt(abs(array_x))))), axis=1)",0.52576995,0.49036306,0.519577,0.6127624,0.62282443,0.44403788,0.8581338,0.6659066,0.48544493,0.24993588,0.6252343,0.49806195,0.45363694,0.5555951,0.3048163,0.38192904,0.6271485,0.3797389,0.31991485,0.33329886,0.3329658,0.4504504,0.32056236,0.5683724
"np.mean(np.sin(2*np.pi*np.square(np.exp(7.337213935118384+array_x)-8.056865171685393-np.round((np.array(range(1, array_x.shape[1]+1)))))), axis=1)",0.53046983,0.5427975,0.5484572,0.659603,0.3320694,0.2753788,0.3669944,0.5642779,0.51234317,0.54124993,0.5470036,0.4808573,0.45363694,0.5555951,0.3048163,0.38192904,0.6271485,0.3797389,0.31991485,0.33329886,0.3329658,0.4504504,0.32056236,0.5683724
"np.mean(np.sin(2*np.pi*np.square(np.exp(np.sqrt(abs(array_x))))), axis=1)",0.6424405,0.3159587,0.0,0.62412244,0.48235482,0.6867285,0.5642434,0.70712745,0.6293572,0.6000576,0.5468777,0.2193314,0.45363694,0.5555951,0.3048163,0.38192904,0.6271485,0.3797389,0.31991485,0.33329886,0.3329658,0.4504504,0.32056236,0.5683724
"np.mean(np.sqrt(abs((np.array(range(1, array_x.shape[1]+1)))*array_x*1.925262229875091+np.sqrt(abs((np.array(range(1, array_x.shape[1]+1)))*array_x))-5.065270224342979))-4.98754087535038, axis=1)",0.8269167,0.255277,0.08393634,0.5039367,0.5302715,0.53015274,0.031261064,0.2630471,0.27999452,1.0,0.040412683,0.19506602,0.45363694,0.5555951,0.3048163,0.38192904,0.6271485,0.3797389,0.31991485,0.33329886,0.3329658,0.4504504,0.32056236,0.5683724
"np.mean(np.sqrt(abs((np.array(range(1, array_x.shape[1]+1)))*array_x-1.5305295734320994)), axis=1)",0.9245208,0.33123884,0.09334968,0.49734554,0.4997696,0.55611825,0.036854222,0.30857554,0.35654077,1.0,0.091259636,0.24252512,0.45363694,0.5555951,0.3048163,0.38192904,0.6271485,0.3797389,0.31991485,0.33329886,0.3329658,0.4504504,0.32056236,0.5683724
"np.mean(np.sqrt(abs((np.array(range(1, array_x.shape[1]+1)))*array_x/9.279387263888003/8.240277540155326)), axis=1)",0.95302397,0.3138294,0.10192011,0.42605376,0.47181815,0.52583915,0.08596164,0.28040287,0.23968893,0.9699994,0.012396249,0.23150823,0.45363694,0.5555951,0.3048163,0.38192904,0.6271485,0.3797389,0.31991485,0.33329886,0.3329658,0.4504504,0.32056236,0.5683724
"np.mean(np.sqrt(abs((np.array(range(1, array_x.shape[1]+1)))+1.4322586196250557-2.9113998731310358))*np.cos(2*np.pi*array_x), axis=1)",0.6460742,0.031844795,0.0,0.48370248,0.10018891,0.8545417,0.15241218,0.1898168,0.26359868,0.7904817,0.0951717,0.029759172,0.45363694,0.5555951,0.3048163,0.38192904,0.6271485,0.3797389,0.31991485,0.33329886,0.3329658,0.4504504,0.32056236,0.5683724
"np.mean(np.sqrt(abs((np.array(range(1, array_x.shape[1]+1)))-8.511110100102057))-np.square(7.677145334954261)+np.square(6.39580663784243-array_x+array_x)-array_x*6.569209177291791, axis=1)+10*(np.sin(2*np.pi*np.mean(np.sqrt(abs((np.array(range(1, array_x.shape[1]+1)))-1.9058508138868002))-np.square(2.581740416100376)+np.square(6.657370714744702-array_x+array_x)-array_x*3.2331724244813396, axis=1)))",2.2557917e-05,0.9128785,0.9375,0.095461555,0.95454544,0.14624766,0.24999234,0.17424253,0.18181673,0.0,0.27272362,1.0,0.45363694,0.5555951,0.3048163,0.38192904,0.6271485,0.3797389,0.31991485,0.33329886,0.3329658,0.4504504,0.32056236,0.5683724
"np.mean(np.sqrt(abs((np.array(range(1, array_x.shape[1]+1)))-np.cos(2*np.pi*array_x))), axis=1)",0.7299326,0.09224222,0.0,0.5184615,0.06471553,0.73929477,0.11886696,0.15752056,0.25816244,1.0,0.07213819,0.025411004,0.45363694,0.5555951,0.3048163,0.38192904,0.6271485,0.3797389,0.31991485,0.33329886,0.3329658,0.4504504,0.32056236,0.5683724
"np.mean(np.sqrt(abs(-(5.474729919112323/np.cos(2*np.pi*np.square(np.square(9.745171824597488)))/array_x/np.sqrt(abs(3.987329589428943))-9.975176229806673))), axis=1)",0.96436894,0.34318516,0.10674673,0.73498887,0.47666538,0.7810713,0.25056544,0.5263588,0.40081626,0.96836656,0.37933406,0.40523136,0.45363694,0.5555951,0.3048163,0.38192904,0.6271485,0.3797389,0.31991485,0.33329886,0.3329658,0.4504504,0.32056236,0.5683724
"np.mean(np.sqrt(abs(-(array_x)))-9.837603898865035/-(6.551565559060483*np.cumsum(array_x-(np.array(range(1, array_x.shape[1]+1))), axis=1)), axis=1)",1.0,0.997169,0.99817467,1.0,0.9999679,1.0,1.0,1.0,1.0,1.0,1.0,0.0,0.45363694,0.5555951,0.3048163,0.38192904,0.6271485,0.3797389,0.31991485,0.33329886,0.3329658,0.4504504,0.32056236,0.5683724
"np.mean(np.sqrt(abs(-(np.exp(array_x-2.08486642707122+array_x-7.282268718360937)+5.430565912149189*np.log(abs(array_x))))), axis=1)",0.9793168,0.23589437,0.014926324,0.5647942,0.26829675,0.6666557,0.12053018,0.36331597,0.30278882,0.9881972,0.09523416,0.11657313,0.45363694,0.5555951,0.3048163,0.38192904,0.6271485,0.3797389,0.31991485,0.33329886,0.3329658,0.4504504,0.32056236,0.5683724
"np.mean(np.sqrt(abs(1.3851420898630429+5.600603566440466/array_x-4.825581872479365+np.square(np.sqrt(abs(array_x))+np.square(np.sin(2*np.pi*5.828764992615199))))), axis=1)",0.9767833,0.24712768,0.3923094,0.4977583,0.7847998,0.8631111,0.1269621,0.72394615,0.4390111,0.76463085,0.30691278,0.63665646,0.45363694,0.5555951,0.3048163,0.38192904,0.6271485,0.3797389,0.31991485,0.33329886,0.3329658,0.4504504,0.32056236,0.5683724
"np.mean(np.sqrt(abs(1.5225897166203606))+np.sin(2*np.pi*array_x*array_x+1/(array_x)), axis=1)",0.7321288,0.22708587,0.0,0.5712252,0.4154021,0.7835965,0.6072876,0.49049717,0.6874273,0.8756081,0.5439472,0.098990485,0.45363694,0.5555951,0.3048163,0.38192904,0.6271485,0.3797389,0.31991485,0.33329886,0.3329658,0.4504504,0.32056236,0.5683724
"np.mean(np.sqrt(abs(1.5388038791425647+array_x)), axis=1)+np.sin(2*np.pi*np.mean(np.sqrt(abs(2.1637572771598497+array_x)), axis=1))",0.7738437,0.8179364,0.5367027,0.5846847,0.7664036,0.5125182,0.21908641,0.25699905,0.3495174,0.7465964,0.18073764,0.7947967,0.45363694,0.5555951,0.3048163,0.38192904,0.6271485,0.3797389,0.31991485,0.33329886,0.3329658,0.4504504,0.32056236,0.5683724
"np.mean(np.sqrt(abs(1.7463059784653219/array_x)), axis=1)+np.sin(2*np.pi*np.mean(np.sqrt(abs(7.850669545302247/array_x)), axis=1))",1.0,1.0948726e-09,7.8792235e-09,0.042544927,3.4359184e-07,0.027440432,0.04344238,0.018897668,0.041612104,0.22932093,0.02990281,1.4720926e-08,0.45363694,0.5555951,0.3048163,0.38192904,0.6271485,0.3797389,0.31991485,0.33329886,0.3329658,0.4504504,0.32056236,0.5683724
"np.mean(np.sqrt(abs(1.8866031203935454-np.cos(2*np.pi*array_x))), axis=1)",1.0,0.03832272,0.0,0.7410825,0.12491869,0.8194908,0.1262174,0.16982636,0.22410513,0.8756345,0.14137514,0.02604102,0.45363694,0.5555951,0.3048163,0.38192904,0.6271485,0.3797389,0.31991485,0.33329886,0.3329658,0.4504504,0.32056236,0.5683724
"np.mean(np.sqrt(abs(1/(6.326413451655682)))+np.sqrt(abs(np.log(abs(array_x))))+2.701538412319586-array_x-np.round(7.222196292627984), axis=1)+10*(np.sin(2*np.pi*np.mean(np.sqrt(abs(1/(3.7558446067990428)))+np.sqrt(abs(np.log(abs(array_x))))+1.8961602193852816-array_x-np.round(5.205724365579257), axis=1)))",0.004497356,0.25238186,0.74995714,0.08090758,0.49995437,0.9999816,0.4999699,0.99995005,0.49987486,0.0004768006,0.63073385,0.9999467,0.45363694,0.5555951,0.3048163,0.38192904,0.6271485,0.3797389,0.31991485,0.33329886,0.3329658,0.4504504,0.32056236,0.5683724
"np.mean(np.sqrt(abs(1/(7.2157231521497796+array_x))), axis=1)",0.0,0.90243137,0.27023703,0.0,0.85909116,0.0,6.843564e-08,0.0,0.0,0.0,3.2482201e-09,0.96627885,0.45363694,0.5555951,0.3048163,0.38192904,0.6271485,0.3797389,0.31991485,0.33329886,0.3329658,0.4504504,0.32056236,0.5683724
"np.mean(np.sqrt(abs(1/(np.sin(2*np.pi*4.030693499399208+array_x*np.log(abs(array_x))*array_x)))), axis=1)",0.5931057,0.15850042,0.0,0.63758546,0.16326685,0.63932633,0.3453457,0.29292163,0.2906649,0.6414465,0.2466382,0.0824664,0.45363694,0.5555951,0.3048163,0.38192904,0.6271485,0.3797389,0.31991485,0.33329886,0.3329658,0.4504504,0.32056236,0.5683724
"np.mean(np.sqrt(abs(1/(np.sin(2*np.pi*6.899596698377207+(np.array(range(1, array_x.shape[1]+1)))*array_x+3.791648026696351)))), axis=1)",0.53370404,0.08776408,0.0,0.63013434,0.2413706,0.5857107,0.46001735,0.3688817,0.48114687,0.81378186,0.3282108,0.109534845,0.45363694,0.5555951,0.3048163,0.38192904,0.6271485,0.3797389,0.31991485,0.33329886,0.3329658,0.4504504,0.32056236,0.5683724
"np.mean(np.sqrt(abs(1/(np.sqrt(abs(6.984434264455559))+np.cos(2*np.pi*array_x)*10*(8.35471596661959)))), axis=1)+10*(np.sin(2*np.pi*np.mean(np.sqrt(abs(1/(np.sqrt(abs(3.1193158078061014))+np.cos(2*np.pi*array_x)*10*(3.0911593792092837)))), axis=1)))",0.19351229,0.25594282,0.29411483,0.35795787,0.2460377,0.40222758,0.19282325,0.1447437,0.22143322,0.5242631,0.26730293,0.14428645,0.45363694,0.5555951,0.3048163,0.38192904,0.6271485,0.3797389,0.31991485,0.33329886,0.3329658,0.4504504,0.32056236,0.5683724
"np.mean(np.sqrt(abs(1/(np.sqrt(abs(np.sqrt(abs(np.sqrt(abs(9.733175350982476-np.sqrt(abs(array_x))))))))))), axis=1)",1.0,0.4056905,0.09138239,0.47240338,0.49539384,0.566177,0.046487648,0.32432514,0.29896796,0.96599597,0.06640736,0.39558882,0.45363694,0.5555951,0.3048163,0.38192904,0.6271485,0.3797389,0.31991485,0.33329886,0.3329658,0.4504504,0.32056236,0.5683724
"np.mean(np.sqrt(abs(10*(1.4399675731217843/array_x))), axis=1)+10*(np.sin(2*np.pi*np.mean(np.sqrt(abs(10*(4.433315962825766/array_x))), axis=1)))",0.15223631,0.99941164,0.9996094,0.5414899,0.99941164,0.3059951,0.028741516,0.74974656,0.32608005,0.25003406,0.74966013,0.9994117,0.45363694,0.5555951,0.3048163,0.38192904,0.6271485,0.3797389,0.31991485,0.33329886,0.3329658,0.4504504,0.32056236,0.5683724
"np.mean(np.sqrt(abs(10*(array_x)*2.0936765985079386/8.182330617693513))-4.683983316616768, axis=1)+np.sin(2*np.pi*np.mean(np.sqrt(abs(10*(array_x)*5.4827122035058755/2.981294563231443))-3.7602023479860636, axis=1))",0.194393,0.4847476,0.9999985,0.2412075,0.9842899,0.023091855,0.16713414,0.17312482,1.43595835e-05,0.16936414,6.0559512e-05,0.16664669,0.45363694,0.5555951,0.3048163,0.38192904,0.6271485,0.3797389,0.31991485,0.33329886,0.3329658,0.4504504,0.32056236,0.5683724
"np.mean(np.sqrt(abs(10*(np.sqrt(abs(np.log(abs(np.square(10*(8.116162084276716))-2.367776254327912*(np.array(range(1, array_x.shape[1]+1)))*array_x+9.934421648474352/np.square(np.sqrt(abs(4.0214412147305705))-np.square((np.array(range(1, array_x.shape[1]+1)))*array_x))))))))), axis=1)",0.0,0.88171697,0.36882228,0.0,0.9711933,0.0,2.2966786e-05,0.0,0.0,0.0,1.2985078e-07,0.9296334,0.45363694,0.5555951,0.3048163,0.38192904,0.6271485,0.3797389,0.31991485,0.33329886,0.3329658,0.4504504,0.32056236,0.5683724
"np.mean(np.sqrt(abs(2.2638792257262086-abs(8.875404154968045)+array_x+6.193268334226855)), axis=1)",0.9793384,0.36193147,0.1420541,0.5109829,0.46153703,0.55795,0.00093863555,0.33500656,0.26657864,0.98550606,0.061633017,0.34915575,0.45363694,0.5555951,0.3048163,0.38192904,0.6271485,0.3797389,0.31991485,0.33329886,0.3329658,0.4504504,0.32056236,0.5683724
"np.mean(np.sqrt(abs(2.293256778520464))*np.log(abs(7.050273910879-array_x/8.823121439477866)), axis=1)+np.sin(2*np.pi*np.mean(np.sqrt(abs(1.6960197800508716))*np.log(abs(4.908288878997734-array_x/2.3739787581813907)), axis=1))",0.117227696,1.0,0.5038975,0.06078014,0.64399946,0.08732031,0.016815394,0.0120289605,0.04103327,0.22131862,0.0038256114,0.7557756,0.45363694,0.5555951,0.3048163,0.38192904,0.6271485,0.3797389,0.31991485,0.33329886,0.3329658,0.4504504,0.32056236,0.5683724
"np.mean(np.sqrt(abs(2.406857918146584-np.log(abs(array_x)))), axis=1)",0.0,0.82723576,0.011720598,3.3565398e-15,0.6742596,2.3196044e-15,7.451463e-09,0.0,0.0,0.0,5.3266183e-09,1.0,0.45363694,0.5555951,0.3048163,0.38192904,0.6271485,0.3797389,0.31991485,0.33329886,0.3329658,0.4504504,0.32056236,0.5683724
"np.mean(np.sqrt(abs(2.8318902558655434-np.square(array_x))), axis=1)+np.sin(2*np.pi*np.mean(np.sqrt(abs(9.885048247849912-np.square(array_x))), axis=1))",0.95317036,0.08846719,0.0,0.58943844,0.709777,0.6276854,0.1548247,0.28499475,0.28032127,0.98532873,0.12907311,0.2974232,0.45363694,0.5555951,0.3048163,0.38192904,0.6271485,0.3797389,0.31991485,0.33329886,0.3329658,0.4504504,0.32056236,0.5683724
"np.mean(np.sqrt(abs(3.379283862374584))-np.sqrt(abs(10*(8.67220159241673/array_x)*abs(9.36340349526644)))/array_x+4.070059257761509+2.1772004773123688, axis=1)",1.0,0.4901586,0.7372748,1.0,0.99999833,1.0,1.0,1.0,1.0,1.0,1.0,0.98568803,0.45363694,0.5555951,0.3048163,0.38192904,0.6271485,0.3797389,0.31991485,0.33329886,0.3329658,0.4504504,0.32056236,0.5683724
"np.mean(np.sqrt(abs(3.4284581352729124))/2.167111917719981-array_x, axis=1)+np.sin(2*np.pi*np.mean(np.sqrt(abs(6.5054555721268175))/3.2553806352846313-array_x, axis=1))",0.0,0.99999946,0.99999946,0.41666684,0.99999946,0.41666567,0.99999994,0.99999607,0.83332384,0.3299881,0.8333301,0.99999946,0.45363694,0.5555951,0.3048163,0.38192904,0.6271485,0.3797389,0.31991485,0.33329886,0.3329658,0.4504504,0.32056236,0.5683724
"np.mean(np.sqrt(abs(3.5243653534762562*array_x-2.739964194181451)), axis=1)",1.0,0.33096564,0.08741021,0.54432565,0.47940317,0.48146775,0.13617085,0.2613935,0.27174473,0.9081188,0.0542038,0.31572607,0.45363694,0.5555951,0.3048163,0.38192904,0.6271485,0.3797389,0.31991485,0.33329886,0.3329658,0.4504504,0.32056236,0.5683724
"np.mean(np.sqrt(abs(3.5374051065718466/np.log(abs(np.log(abs(5.8069627753489375))))-array_x*2.8545577307563503)), axis=1)",0.9922568,0.5857094,0.15401438,0.49776557,0.4526876,0.4591786,0.063422956,0.22949386,0.22421221,0.860202,0.049449697,0.5545133,0.45363694,0.5555951,0.3048163,0.38192904,0.6271485,0.3797389,0.31991485,0.33329886,0.3329658,0.4504504,0.32056236,0.5683724
"np.mean(np.sqrt(abs(3.729319592547726/array_x))+array_x*7.190008945764999*5.723834369088175, axis=1)+np.sin(2*np.pi*np.mean(np.sqrt(abs(8.62417768285119/array_x))+array_x*6.436166334384639*9.143820765542603, axis=1))",1.1739277e-07,0.84719676,0.43785506,7.688854e-09,0.9290113,3.8983305e-09,2.8227342e-08,8.604504e-10,4.6592117e-09,1.5269094e-08,9.636051e-09,0.9429423,0.45363694,0.5555951,0.3048163,0.38192904,0.6271485,0.3797389,0.31991485,0.33329886,0.3329658,0.4504504,0.32056236,0.5683724
"np.mean(np.sqrt(abs(3.9023518983597656))*np.cos(2*np.pi*array_x+5.05601437598499), axis=1)+np.sin(2*np.pi*np.mean(np.sqrt(abs(9.867360008506482))*np.cos(2*np.pi*array_x+8.805058617698553), axis=1))",0.90622264,0.22275491,0.0,0.72069395,0.5252419,0.6448569,0.3552405,0.26287413,0.27234527,0.77386665,0.35816526,0.2956041,0.45363694,0.5555951,0.3048163,0.38192904,0.6271485,0.3797389,0.31991485,0.33329886,0.3329658,0.4504504,0.32056236,0.5683724
"np.mean(np.sqrt(abs(3.9150004026921907))+np.sin(2*np.pi*-(array_x/3.30919239679457))+3.346131046147423, axis=1)",0.8842234,0.039255604,0.0,0.21972772,0.038567536,0.22906932,0.0114284055,0.026240908,0.026073782,0.9687512,0.008181346,0.049629036,0.45363694,0.5555951,0.3048163,0.38192904,0.6271485,0.3797389,0.31991485,0.33329886,0.3329658,0.4504504,0.32056236,0.5683724
"np.mean(np.sqrt(abs(3.916748220537814-array_x+np.sin(2*np.pi*8.04866094384369)))*abs(8.502403686087689), axis=1)",0.36767688,0.9640395,0.4933949,0.19740334,0.8563418,0.18276612,0.04109774,0.098284975,0.18249959,0.3893923,0.01123741,0.9909437,0.45363694,0.5555951,0.3048163,0.38192904,0.6271485,0.3797389,0.31991485,0.33329886,0.3329658,0.4504504,0.32056236,0.5683724
"np.mean(np.sqrt(abs(4.3554243084120765))*array_x/6.7490694226151735+array_x-2.0295066995113875*np.sqrt(abs((np.array(range(1, array_x.shape[1]+1)))))+1.5778911899688763, axis=1)+np.sin(2*np.pi*np.mean(np.sqrt(abs(9.879263258757973))*array_x/9.901483600472613+array_x-8.943004416378624*np.sqrt(abs((np.array(range(1, array_x.shape[1]+1)))))+9.47785219187123, axis=1))",2.2294192e-07,1.0,1.0,0.25002846,1.0,0.48913127,0.7500013,0.50000006,0.4166669,0.0,0.5833347,0.9999997,0.45363694,0.5555951,0.3048163,0.38192904,0.6271485,0.3797389,0.31991485,0.33329886,0.3329658,0.4504504,0.32056236,0.5683724
"np.mean(np.sqrt(abs(4.576216653831161-array_x))+7.041451000083482, axis=1)",0.22557677,0.9782989,0.51967824,0.120016865,0.8683256,0.12261842,0.007767025,0.09702945,0.11654281,0.2556727,0.033037916,0.9500441,0.45363694,0.5555951,0.3048163,0.38192904,0.6271485,0.3797389,0.31991485,0.33329886,0.3329658,0.4504504,0.32056236,0.5683724
"np.mean(np.sqrt(abs(4.728549491281869))+array_x*np.sin(2*np.pi*array_x/9.033479453825649)+np.sqrt(abs(6.9954638137875955))-array_x*6.040481856757706*np.square(8.432103964955553+array_x), axis=1)",0.11920914,0.99466443,0.5321856,0.23357639,0.9012868,0.10810499,0.24962775,0.13142958,0.11772182,0.23295256,0.22582707,0.959425,0.45363694,0.5555951,0.3048163,0.38192904,0.6271485,0.3797389,0.31991485,0.33329886,0.3329658,0.4504504,0.32056236,0.5683724
"np.mean(np.sqrt(abs(4.734034189672823+np.sin(2*np.pi*array_x)+array_x)), axis=1)",0.13703778,0.9848871,0.72067916,0.03331979,0.8844296,0.16087954,0.27800718,0.14102194,0.08911344,0.115371786,0.28015324,0.9212672,0.45363694,0.5555951,0.3048163,0.38192904,0.6271485,0.3797389,0.31991485,0.33329886,0.3329658,0.4504504,0.32056236,0.5683724
"np.mean(np.sqrt(abs(5.199055014238164+np.sqrt(abs(array_x))*np.cos(2*np.pi*6.935326485057898)/array_x-array_x-array_x)), axis=1)",0.7791295,0.73619145,0.21158399,0.5706127,0.67994595,0.40236908,0.04648919,0.32413787,0.28516573,0.857471,0.053056754,0.6830587,0.45363694,0.5555951,0.3048163,0.38192904,0.6271485,0.3797389,0.31991485,0.33329886,0.3329658,0.4504504,0.32056236,0.5683724
"np.mean(np.sqrt(abs(5.213822805297381/4.870600477704526*array_x/(np.array(range(1, array_x.shape[1]+1)))*array_x*9.627947472809247)), axis=1)",1.0,0.345926,0.005009415,0.32865608,0.3042526,0.29511335,0.02837239,0.117675535,0.14084221,0.96376884,0.023433855,0.25169578,0.45363694,0.5555951,0.3048163,0.38192904,0.6271485,0.3797389,0.31991485,0.33329886,0.3329658,0.4504504,0.32056236,0.5683724
"np.mean(np.sqrt(abs(5.288431412528061*array_x-4.969451393229707+(np.array(range(1, array_x.shape[1]+1)))+np.sqrt(abs(7.900035918688494)))), axis=1)+np.sin(2*np.pi*np.mean(np.sqrt(abs(2.4937831743803156*array_x-5.538296366766991+(np.array(range(1, array_x.shape[1]+1)))+np.sqrt(abs(1.6392727565792793)))), axis=1))",0.92070806,0.5708133,0.23722316,0.6532332,0.44721514,0.5523085,0.13515641,0.29017067,0.2854501,0.9061323,0.09465911,0.40630907,0.45363694,0.5555951,0.3048163,0.38192904,0.6271485,0.3797389,0.31991485,0.33329886,0.3329658,0.4504504,0.32056236,0.5683724
"np.mean(np.sqrt(abs(5.435019240445466/2.403487468954224-array_x*abs(6.645257261013575)+np.sin(2*np.pi*np.round(np.log(abs(1.8604412253389078))-(np.array(range(1, array_x.shape[1]+1)))))-5.051356736312491*array_x)), axis=1)",0.882945,0.3928846,0.0024588867,0.46350983,0.51671135,0.526125,0.06681968,0.32131368,0.28657717,0.9925182,0.09143723,0.22850935,0.45363694,0.5555951,0.3048163,0.38192904,0.6271485,0.3797389,0.31991485,0.33329886,0.3329658,0.4504504,0.32056236,0.5683724
"np.mean(np.sqrt(abs(5.666797278554403))-array_x/9.609703118676716+np.sqrt(abs(10*(array_x))), axis=1)",1.0,0.28893757,0.071073644,0.5332562,0.5768143,0.5810895,0.04524614,0.31483188,0.3151191,0.98292106,0.021083528,0.30584964,0.45363694,0.5555951,0.3048163,0.38192904,0.6271485,0.3797389,0.31991485,0.33329886,0.3329658,0.4504504,0.32056236,0.5683724
"np.mean(np.sqrt(abs(6.127702347809738/array_x))-4.59718509330441-array_x-1.4546293178063892*array_x/8.843258280443624*6.164916500625966+3.5377114518359667*np.exp(np.square(4.891226288564292)), axis=1)",0.0,0.92738974,0.6466944,0.0,0.87692016,0.0,0.0,0.0,0.0,0.0,0.0,0.9830131,0.45363694,0.5555951,0.3048163,0.38192904,0.6271485,0.3797389,0.31991485,0.33329886,0.3329658,0.4504504,0.32056236,0.5683724
"np.mean(np.sqrt(abs(6.271453208161559))/array_x-array_x, axis=1)+np.sin(2*np.pi*np.mean(np.sqrt(abs(9.864123043226133))/array_x-array_x, axis=1))",1.0,0.999839,0.0,1.0,0.99860406,0.99999994,0.99999976,0.99999994,0.9999998,1.0,0.99999815,0.9995851,0.45363694,0.5555951,0.3048163,0.38192904,0.6271485,0.3797389,0.31991485,0.33329886,0.3329658,0.4504504,0.32056236,0.5683724
"np.mean(np.sqrt(abs(6.322179657952417/array_x)), axis=1)+10*(np.sin(2*np.pi*np.mean(np.sqrt(abs(2.5310962020969985/array_x)), axis=1)))",0.119268164,3.74874e-05,8.02841e-09,0.012044432,3.929892e-06,0.500292,0.09301777,0.038444676,0.095992595,0.14487843,0.057514608,1.5838807e-05,0.45363694,0.5555951,0.3048163,0.38192904,0.6271485,0.3797389,0.31991485,0.33329886,0.3329658,0.4504504,0.32056236,0.5683724
"np.mean(np.sqrt(abs(6.697180306486356-np.log(abs(array_x))-1.0958367771463264)), axis=1)+10*(np.sin(2*np.pi*np.mean(np.sqrt(abs(5.602810124227984-np.log(abs(array_x))-7.106355747244733)), axis=1)))",2.7240318e-07,1.0,0.0032462156,1.0254519e-06,0.4460626,2.4504791e-07,3.942902e-06,1.4690478e-09,1.3181493e-09,9.589494e-07,2.246283e-05,0.4315034,0.45363694,0.5555951,0.3048163,0.38192904,0.6271485,0.3797389,0.31991485,0.33329886,0.3329658,0.4504504,0.32056236,0.5683724
"np.mean(np.sqrt(abs(6.78921836675382+array_x-abs(4.99291040167017))), axis=1)",0.7627947,0.48376828,0.194264,0.450009,0.9461314,0.36334595,0.0,0.19372436,0.2492168,0.7476556,0.079142,0.6704946,0.45363694,0.5555951,0.3048163,0.38192904,0.6271485,0.3797389,0.31991485,0.33329886,0.3329658,0.4504504,0.32056236,0.5683724
"np.mean(np.sqrt(abs(7.04513452990916+array_x+2.4108886570134356+array_x-4.331087576428403-array_x)), axis=1)",1.0537826e-15,0.922827,0.5384341,3.4340236e-15,0.93917555,1.0207844e-15,6.820287e-06,3.6954082e-15,7.843577e-15,3.6269924e-16,1.2110881e-06,0.9714713,0.45363694,0.5555951,0.3048163,0.38192904,0.6271485,0.3797389,0.31991485,0.33329886,0.3329658,0.4504504,0.32056236,0.5683724
"np.mean(np.sqrt(abs(7.105155490150811/np.log(abs(np.square(6.222238934105101*array_x)))))*2.384774251709215, axis=1)",0.35092708,0.5700583,0.17934652,0.35092708,0.7730337,0.20439301,0.3509271,0.35092708,0.35092708,0.35092708,0.0868424,1.0,0.45363694,0.5555951,0.3048163,0.38192904,0.6271485,0.3797389,0.31991485,0.33329886,0.3329658,0.4504504,0.32056236,0.5683724
"np.mean(np.sqrt(abs(7.378079938411833+8.12440355227708*array_x))-8.176419256509812-(np.array(range(1, array_x.shape[1]+1)))/abs(np.square(5.770314420388552)), axis=1)",1.0,0.45729756,0.07364992,0.465131,0.7245302,0.54732484,0.054917537,0.24430451,0.29952082,0.91895574,0.06843176,0.4195229,0.45363694,0.5555951,0.3048163,0.38192904,0.6271485,0.3797389,0.31991485,0.33329886,0.3329658,0.4504504,0.32056236,0.5683724
"np.mean(np.sqrt(abs(8.562062656076966-np.sqrt(abs(array_x*3.762258447136383))))+np.exp(6.269879090706983)/np.sqrt(abs(4.57076648636051))+array_x, axis=1)",0.0,0.8904441,0.43722853,0.0,0.9851095,0.0,2.0896271e-08,0.0,0.0,0.0,1.517242e-08,0.97172785,0.45363694,0.5555951,0.3048163,0.38192904,0.6271485,0.3797389,0.31991485,0.33329886,0.3329658,0.4504504,0.32056236,0.5683724
"np.mean(np.sqrt(abs(8.650022046934687+array_x))+np.square(array_x*8.592417646207661+np.cos(2*np.pi*-(np.log(abs(8.802747029906891)))))-4.534852136666796, axis=1)+10*(np.sin(2*np.pi*np.mean(np.sqrt(abs(1.0559080129566087+array_x))+np.square(array_x*8.85277901343317+np.cos(2*np.pi*-(np.log(abs(9.661255840894114)))))-8.513577568693133, axis=1)))",0.44883955,0.5382304,0.28485912,0.12331698,0.78818744,0.17440772,0.022860965,0.004567237,0.0,0.66761756,0.025814269,0.5058056,0.45363694,0.5555951,0.3048163,0.38192904,0.6271485,0.3797389,0.31991485,0.33329886,0.3329658,0.4504504,0.32056236,0.5683724
"np.mean(np.sqrt(abs(8.688443435086075*3.5863557011400014*array_x+1/(7.206809088056672)+np.square(8.581203973813214)+array_x+(np.array(range(1, array_x.shape[1]+1)))*9.443145897137603)), axis=1)",0.28933048,0.85102534,0.5025956,0.14237386,0.95787036,0.22929837,0.042948842,0.14327607,0.12183896,0.2839184,0.0,0.9358795,0.45363694,0.5555951,0.3048163,0.38192904,0.6271485,0.3797389,0.31991485,0.33329886,0.3329658,0.4504504,0.32056236,0.5683724
"np.mean(np.sqrt(abs(8.9604032625777+array_x))*np.round(8.448403512697013)-array_x, axis=1)",0.0,0.93087584,0.53520304,0.0,0.9829155,5.433489e-15,1.0945809e-06,4.4086007e-15,0.0,0.0,2.9138686e-08,0.960278,0.45363694,0.5555951,0.3048163,0.38192904,0.6271485,0.3797389,0.31991485,0.33329886,0.3329658,0.4504504,0.32056236,0.5683724
"np.mean(np.sqrt(abs(9.118333815889441-(np.array(range(1, array_x.shape[1]+1)))*array_x-(np.array(range(1, array_x.shape[1]+1)))*array_x-np.sin(2*np.pi*(np.array(range(1, array_x.shape[1]+1)))))), axis=1)",0.9740431,0.52293235,0.18887666,0.4721921,0.7390467,0.461518,0.044523902,0.28929564,0.26207608,0.8399364,0.0,0.4069398,0.45363694,0.5555951,0.3048163,0.38192904,0.6271485,0.3797389,0.31991485,0.33329886,0.3329658,0.4504504,0.32056236,0.5683724
"np.mean(np.sqrt(abs(9.124717026737938-array_x)), axis=1)",0.0,0.94897676,0.32959947,5.1773433e-16,0.9219397,0.0,2.6492215e-08,0.0,1.1938071e-15,0.0,1.766741e-08,0.9022704,0.45363694,0.5555951,0.3048163,0.38192904,0.6271485,0.3797389,0.31991485,0.33329886,0.3329658,0.4504504,0.32056236,0.5683724
"np.mean(np.sqrt(abs(9.220273486536266+np.round(np.round(array_x/4.864830765244748)))), axis=1)",0.0,0.8,0.775,0.2,1.0,0.225,0.5,0.325,0.325,0.0,0.41666666,0.8,0.45363694,0.5555951,0.3048163,0.38192904,0.6271485,0.3797389,0.31991485,0.33329886,0.3329658,0.4504504,0.32056236,0.5683724
"np.mean(np.sqrt(abs(9.24145534467598*array_x))+np.cumsum(array_x, axis=1), axis=1)",0.021441644,0.87766886,0.2111666,0.00070246804,0.97645634,0.009519087,0.031775996,0.019168012,2.2495311e-05,0.0011867515,0.013376974,0.898093,0.45363694,0.5555951,0.3048163,0.38192904,0.6271485,0.3797389,0.31991485,0.33329886,0.3329658,0.4504504,0.32056236,0.5683724
"np.mean(np.sqrt(abs(9.699349551555427/np.sqrt(abs(8.06900976482896-np.exp(7.514231274631797+array_x))))), axis=1)",0.0,0.94697917,0.24621662,0.0,0.75408375,0.0,3.925206e-08,0.0,0.0,0.0,1.5461222e-08,0.9516143,0.45363694,0.5555951,0.3048163,0.38192904,0.6271485,0.3797389,0.31991485,0.33329886,0.3329658,0.4504504,0.32056236,0.5683724
"np.mean(np.sqrt(abs(9.804206813181557-3.345394184328558/array_x)), axis=1)",0.98994845,0.0065185316,0.3053183,0.6562035,0.5049976,0.77523136,0.18557002,0.32674888,0.2777357,0.94417554,0.13674249,0.32136434,0.45363694,0.5555951,0.3048163,0.38192904,0.6271485,0.3797389,0.31991485,0.33329886,0.3329658,0.4504504,0.32056236,0.5683724
"np.mean(np.sqrt(abs(9.825489753746773+array_x))-7.705217581739744/2.698211121154059, axis=1)+10*(np.sin(2*np.pi*np.mean(np.sqrt(abs(1.6617554519000362+array_x))-5.020642356128168/4.611768533308843, axis=1)))",0.15684211,0.9789466,0.8510772,0.29973024,0.9556932,0.49816957,0.7307827,0.4978285,0.60342175,0.23810227,0.69893444,0.9976921,0.45363694,0.5555951,0.3048163,0.38192904,0.6271485,0.3797389,0.31991485,0.33329886,0.3329658,0.4504504,0.32056236,0.5683724
"np.mean(np.sqrt(abs(abs(5.959701311336198)-np.sqrt(abs(array_x+4.685801494111064))*9.97510235133079)), axis=1)",0.08748498,0.92710197,0.5345818,0.08900802,0.90152234,0.058801368,0.035609737,0.08678723,0.17645311,0.12001845,0.116791785,0.978989,0.45363694,0.5555951,0.3048163,0.38192904,0.6271485,0.3797389,0.31991485,0.33329886,0.3329658,0.4504504,0.32056236,0.5683724
"np.mean(np.sqrt(abs(array_x))+8.448133431401772*7.899069717524375*np.sin(2*np.pi*array_x)/2.542841278744528, axis=1)",0.7457152,0.05295392,0.0015560352,0.55444217,0.08727539,0.5546274,0.20154451,0.19996111,0.23672986,1.0,0.20043965,0.013593199,0.45363694,0.5555951,0.3048163,0.38192904,0.6271485,0.3797389,0.31991485,0.33329886,0.3329658,0.4504504,0.32056236,0.5683724
"np.mean(np.sqrt(abs(array_x))+np.cos(2*np.pi*array_x), axis=1)",0.9034625,0.15811305,0.37246045,0.46925747,0.47195202,0.5755025,0.27389538,0.5589911,0.32505506,0.9224273,0.3168947,0.15362126,0.45363694,0.5555951,0.3048163,0.38192904,0.6271485,0.3797389,0.31991485,0.33329886,0.3329658,0.4504504,0.32056236,0.5683724
"np.mean(np.sqrt(abs(array_x))-8.61651087203549-array_x, axis=1)",0.0,0.90262645,0.41293314,0.0,0.8484629,0.0,5.0428497e-08,0.0,0.0,0.0,1.3172921e-08,0.88925266,0.45363694,0.5555951,0.3048163,0.38192904,0.6271485,0.3797389,0.31991485,0.33329886,0.3329658,0.4504504,0.32056236,0.5683724
"np.mean(np.sqrt(abs(array_x))/abs((np.array(range(1, array_x.shape[1]+1))))-5.15011612306487, axis=1)",0.95793813,0.22006853,0.21647944,0.47204858,0.49536154,0.52906466,0.057134613,0.3525829,0.36778775,0.999273,0.06669885,0.36424303,0.45363694,0.5555951,0.3048163,0.38192904,0.6271485,0.3797389,0.31991485,0.33329886,0.3329658,0.4504504,0.32056236,0.5683724
"np.mean(np.sqrt(abs(array_x))/array_x-7.211337509328585+np.log(abs(9.646328552460371)), axis=1)",0.99999523,0.9584541,0.0,0.9999796,0.9800907,0.9999645,0.9995953,0.99992836,0.99989283,0.99999464,0.99978775,0.981079,0.45363694,0.5555951,0.3048163,0.38192904,0.6271485,0.3797389,0.31991485,0.33329886,0.3329658,0.4504504,0.32056236,0.5683724
"np.mean(np.sqrt(abs(array_x*array_x)), axis=1)+10*(np.sin(2*np.pi*np.mean(np.sqrt(abs(array_x*array_x)), axis=1)))",0.001651339,2.816324e-09,1.3935002e-09,1.2989357e-05,6.776707e-09,6.275946e-05,1.488178e-05,0.49986118,0.99974686,7.815142e-05,3.9465715e-05,5.050283e-09,0.45363694,0.5555951,0.3048163,0.38192904,0.6271485,0.3797389,0.31991485,0.33329886,0.3329658,0.4504504,0.32056236,0.5683724
"np.mean(np.sqrt(abs(array_x+1.663114376877654))-np.round(7.723633187914203), axis=1)",0.8889613,0.5630288,0.27520195,0.4918353,1.0,0.43394116,0.04235674,0.3181407,0.23108034,0.7871862,0.008720291,0.7890801,0.45363694,0.5555951,0.3048163,0.38192904,0.6271485,0.3797389,0.31991485,0.33329886,0.3329658,0.4504504,0.32056236,0.5683724
"np.mean(np.sqrt(abs(array_x+5.348919021738873)), axis=1)",2.7756067e-15,0.9295453,0.39179403,2.6266756e-15,1.0,1.4590158e-15,1.4125096e-07,2.0942682e-15,7.598842e-16,6.189195e-17,3.141467e-07,0.92422634,0.45363694,0.5555951,0.3048163,0.38192904,0.6271485,0.3797389,0.31991485,0.33329886,0.3329658,0.4504504,0.32056236,0.5683724
"np.mean(np.sqrt(abs(array_x+9.568038464723472))/np.square(7.716776179601533), axis=1)",0.0,0.8764423,0.34429023,0.0,0.91127276,0.0,1.0665041e-08,0.0,0.0,0.0,2.41613e-07,1.0,0.45363694,0.5555951,0.3048163,0.38192904,0.6271485,0.3797389,0.31991485,0.33329886,0.3329658,0.4504504,0.32056236,0.5683724
"np.mean(np.sqrt(abs(array_x+array_x))/6.840655327033048+np.log(abs(np.cumsum(10*(array_x), axis=1))), axis=1)",0.9386096,0.3127932,0.098458596,0.7530054,0.355483,0.86575574,0.6497584,0.7518258,0.91606766,0.9367942,0.71198905,0.29221192,0.45363694,0.5555951,0.3048163,0.38192904,0.6271485,0.3797389,0.31991485,0.33329886,0.3329658,0.4504504,0.32056236,0.5683724
"np.mean(np.sqrt(abs(array_x+np.cos(2*np.pi*5.2502163706051395)-np.cos(2*np.pi*np.square(1.3779764733597295)))), axis=1)",1.0,0.31687295,0.08349484,0.56762314,0.36713365,0.6057499,0.07225803,0.38192242,0.36017543,0.9718502,0.07058074,0.31775513,0.45363694,0.5555951,0.3048163,0.38192904,0.6271485,0.3797389,0.31991485,0.33329886,0.3329658,0.4504504,0.32056236,0.5683724
"np.mean(np.sqrt(abs(array_x+np.sqrt(abs(array_x/5.65868906614908))))*1.1806408638888668, axis=1)",0.8513838,0.37009004,0.026368437,0.47147727,0.605885,0.35470918,0.0343398,0.25243506,0.15836382,1.0,0.019034175,0.30511427,0.45363694,0.5555951,0.3048163,0.38192904,0.6271485,0.3797389,0.31991485,0.33329886,0.3329658,0.4504504,0.32056236,0.5683724
"np.mean(np.sqrt(abs(array_x-4.607054022469577))/array_x+array_x-abs(np.log(abs(np.sqrt(abs(array_x))+8.479492526907045))*10*(2.1513232923675423)), axis=1)+10*(np.sin(2*np.pi*np.mean(np.sqrt(abs(array_x-1.862574215742986))/array_x+array_x-abs(np.log(abs(np.sqrt(abs(array_x))+1.7858066253850637))*10*(2.299821930025029)), axis=1)))",1.0,0.99482524,0.0,0.9999999,0.9999757,1.0,0.9999998,1.0,0.99999976,1.0,0.99999917,0.9997554,0.45363694,0.5555951,0.3048163,0.38192904,0.6271485,0.3797389,0.31991485,0.33329886,0.3329658,0.4504504,0.32056236,0.5683724
"np.mean(np.sqrt(abs(array_x-8.948977711079204-2.7163718399678602+array_x*np.sqrt(abs(-(np.sin(2*np.pi*5.452855519757303)+np.round(array_x)))))), axis=1)",0.46905786,0.92705953,0.5923094,0.32850796,0.80917597,0.2745363,0.06143241,0.25425717,0.18265764,0.49688387,0.0,0.92994344,0.45363694,0.5555951,0.3048163,0.38192904,0.6271485,0.3797389,0.31991485,0.33329886,0.3329658,0.4504504,0.32056236,0.5683724
"np.mean(np.sqrt(abs(array_x/np.log(abs((np.array(range(1, array_x.shape[1]+1)))+4.951092185188514)))), axis=1)",1.0,0.49989974,0.106186464,0.46499377,0.4258235,0.55930555,0.0,0.29528442,0.2977478,0.718282,0.12334739,0.33185336,0.45363694,0.5555951,0.3048163,0.38192904,0.6271485,0.3797389,0.31991485,0.33329886,0.3329658,0.4504504,0.32056236,0.5683724
"np.mean(np.sqrt(abs(np.cos(2*np.pi*(np.array(range(1, array_x.shape[1]+1)))*array_x)))*np.square(1/((np.array(range(1, array_x.shape[1]+1)))*array_x)), axis=1)",0.6093145,0.21220595,0.0,0.5526361,0.4181605,0.5519301,0.3083287,0.32419428,0.27581418,0.6635401,0.21498364,0.1345446,0.45363694,0.5555951,0.3048163,0.38192904,0.6271485,0.3797389,0.31991485,0.33329886,0.3329658,0.4504504,0.32056236,0.5683724
"np.mean(np.sqrt(abs(np.cos(2*np.pi*-(array_x)))), axis=1)",0.9419816,0.2069385,0.0,0.76931643,0.32464284,0.8121419,0.66844916,0.677174,0.6619455,0.85954624,0.62645596,0.22937009,0.45363694,0.5555951,0.3048163,0.38192904,0.6271485,0.3797389,0.31991485,0.33329886,0.3329658,0.4504504,0.32056236,0.5683724
"np.mean(np.sqrt(abs(np.cos(2*np.pi*1.2052674376789594-array_x/4.385023039996042)+np.cos(2*np.pi*10*(np.cos(2*np.pi*np.square(np.log(abs(array_x))))-np.log(abs(9.18316839834722)))))), axis=1)",0.6407642,0.66543376,0.0,0.57128984,0.5714303,0.7129781,0.75082433,0.7591948,0.83810264,0.8384318,0.6536212,0.5593949,0.45363694,0.5555951,0.3048163,0.38192904,0.6271485,0.3797389,0.31991485,0.33329886,0.3329658,0.4504504,0.32056236,0.5683724
"np.mean(np.sqrt(abs(np.cos(2*np.pi*10*(np.square(7.218130362702507)/array_x))))+3.0722312227148567, axis=1)",0.5116287,0.64397866,0.3679695,0.6513699,0.35551226,0.58421594,0.34929642,0.43622887,0.6448805,0.56258076,0.28904346,0.32830167,0.45363694,0.5555951,0.3048163,0.38192904,0.6271485,0.3797389,0.31991485,0.33329886,0.3329658,0.4504504,0.32056236,0.5683724
"np.mean(np.sqrt(abs(np.cos(2*np.pi*5.017504710449609+array_x*abs(array_x)+2.751557005823629))), axis=1)",0.8980975,0.30601248,0.0,0.89812493,0.43664065,0.83511454,0.59655875,0.7328554,0.75956124,0.93537617,0.5201207,0.21757716,0.45363694,0.5555951,0.3048163,0.38192904,0.6271485,0.3797389,0.31991485,0.33329886,0.3329658,0.4504504,0.32056236,0.5683724
"np.mean(np.sqrt(abs(np.cos(2*np.pi*5.517200856526165/np.exp(array_x)/3.009749498389952))), axis=1)",0.86788064,0.20936155,0.0,0.76773065,0.52810276,0.76859653,0.7205558,0.6845434,0.6858792,0.828637,0.5970857,0.3456457,0.45363694,0.5555951,0.3048163,0.38192904,0.6271485,0.3797389,0.31991485,0.33329886,0.3329658,0.4504504,0.32056236,0.5683724
"np.mean(np.sqrt(abs(np.cos(2*np.pi*8.094773732043762/array_x))), axis=1)",0.73081803,0.64549136,0.0,0.68106264,0.60905993,0.75141317,0.756007,0.7547953,0.7251919,0.7822437,0.5840735,0.31506777,0.45363694,0.5555951,0.3048163,0.38192904,0.6271485,0.3797389,0.31991485,0.33329886,0.3329658,0.4504504,0.32056236,0.5683724
"np.mean(np.sqrt(abs(np.cos(2*np.pi*8.125096500421844+array_x+np.cos(2*np.pi*3.089289460579334))))*np.log(abs(7.513550199770787-array_x/3.4034124915354367)), axis=1)+10*(np.sin(2*np.pi*np.mean(np.sqrt(abs(np.cos(2*np.pi*1.6899511602134978+array_x+np.cos(2*np.pi*3.0400442716570075))))*np.log(abs(9.046026962091691-array_x/1.0627135475206693)), axis=1)))",0.9120186,0.5618799,0.0,0.7776465,0.59523344,0.7076358,0.35102847,0.44300696,0.3198185,0.9087966,0.4040763,0.30560288,0.45363694,0.5555951,0.3048163,0.38192904,0.6271485,0.3797389,0.31991485,0.33329886,0.3329658,0.4504504,0.32056236,0.5683724
"np.mean(np.sqrt(abs(np.cos(2*np.pi*8.939572937061989*np.exp(array_x)))), axis=1)",0.7208678,0.467249,0.0,0.6504558,0.63781816,0.7759334,0.7212566,0.64557713,0.7687499,0.75281876,0.7775372,0.4189461,0.45363694,0.5555951,0.3048163,0.38192904,0.6271485,0.3797389,0.31991485,0.33329886,0.3329658,0.4504504,0.32056236,0.5683724
"np.mean(np.sqrt(abs(np.cos(2*np.pi*9.176245560687608-np.exp((np.array(range(1, array_x.shape[1]+1)))-7.564399260431912)*array_x*np.cumsum(np.square(np.cos(2*np.pi*array_x)), axis=1)))), axis=1)",0.72481954,0.5746896,0.28930748,0.4025405,0.6202907,0.45543042,0.52752006,0.5525012,0.6089862,0.85533035,0.4971755,0.38959557,0.45363694,0.5555951,0.3048163,0.38192904,0.6271485,0.3797389,0.31991485,0.33329886,0.3329658,0.4504504,0.32056236,0.5683724
"np.mean(np.sqrt(abs(np.cos(2*np.pi*array_x))), axis=1)+np.sin(2*np.pi*np.mean(np.sqrt(abs(np.cos(2*np.pi*array_x))), axis=1))",0.124460936,0.4370832,0.0018084466,0.07241188,0.028444635,0.45941734,0.035697572,0.0056801154,0.1966995,0.034856927,0.024548467,0.030527806,0.45363694,0.5555951,0.3048163,0.38192904,0.6271485,0.3797389,0.31991485,0.33329886,0.3329658,0.4504504,0.32056236,0.5683724
"np.mean(np.sqrt(abs(np.cos(2*np.pi*array_x*2.7270613886954402))), axis=1)",0.994271,0.17844835,0.0,0.79615474,0.50476843,0.80130786,0.83004427,0.6764628,0.8611655,0.74524504,0.8225672,0.24678123,0.45363694,0.5555951,0.3048163,0.38192904,0.6271485,0.3797389,0.31991485,0.33329886,0.3329658,0.4504504,0.32056236,0.5683724
"np.mean(np.sqrt(abs(np.cos(2*np.pi*np.cos(2*np.pi*np.exp(10*((np.array(range(1, array_x.shape[1]+1)))*array_x-8.318393749167088)))*np.sqrt(abs((np.array(range(1, array_x.shape[1]+1)))*array_x))/2.9381780482706663-np.sin(2*np.pi*np.square((np.array(range(1, array_x.shape[1]+1)))*array_x+2.4246410651664587-9.198133427307376))))), axis=1)",0.53978246,0.44962198,0.26838425,0.3324576,0.7631361,0.4223532,0.7201614,0.4633946,0.6196846,0.5848169,0.44933134,0.564365,0.45363694,0.5555951,0.3048163,0.38192904,0.6271485,0.3797389,0.31991485,0.33329886,0.3329658,0.4504504,0.32056236,0.5683724
"np.mean(np.sqrt(abs(np.cos(2*np.pi*np.cos(2*np.pi*np.square(array_x)-8.787862972219102-array_x))*5.1482796914048965)), axis=1)",0.7480967,0.7735463,0.0,0.69116485,0.5432841,0.800405,0.7313703,0.74583894,0.6026266,0.70196164,0.77483743,0.5995705,0.45363694,0.5555951,0.3048163,0.38192904,0.6271485,0.3797389,0.31991485,0.33329886,0.3329658,0.4504504,0.32056236,0.5683724
"np.mean(np.sqrt(abs(np.cos(2*np.pi*np.round(3.1620697752082054-array_x))*1.3780199935772672*10*(2.023963209196536+array_x))), axis=1)+np.sin(2*np.pi*np.mean(np.sqrt(abs(np.cos(2*np.pi*np.round(3.307708030991822-array_x))*1.3615797604666575*10*(1.1336739981471318+array_x))), axis=1))",0.49259746,0.7670981,0.45972693,0.27553245,1.0,0.32807598,0.07782889,0.17704459,0.186666,0.567017,0.087698124,0.73022884,0.45363694,0.5555951,0.3048163,0.38192904,0.6271485,0.3797389,0.31991485,0.33329886,0.3329658,0.4504504,0.32056236,0.5683724
"np.mean(np.sqrt(abs(np.cos(2*np.pi*np.sin(2*np.pi*array_x))*array_x*(np.array(range(1, array_x.shape[1]+1)))*np.sin(2*np.pi*2.7430558872189486))), axis=1)",0.7816789,0.12137883,0.0,0.66948926,0.31386685,0.6555894,0.4091417,0.6217996,0.5985081,0.7960867,0.40166864,0.062838204,0.45363694,0.5555951,0.3048163,0.38192904,0.6271485,0.3797389,0.31991485,0.33329886,0.3329658,0.4504504,0.32056236,0.5683724
"np.mean(np.sqrt(abs(np.cumsum(6.184043505421299-(np.array(range(1, array_x.shape[1]+1)))-array_x, axis=1)-2.031597708723612)), axis=1)",0.30428845,0.8722025,0.6046548,0.14735648,0.7946258,0.2252379,0.06765796,0.3190151,0.061917607,0.36762273,0.11887034,0.9809684,0.45363694,0.5555951,0.3048163,0.38192904,0.6271485,0.3797389,0.31991485,0.33329886,0.3329658,0.4504504,0.32056236,0.5683724
"np.mean(np.sqrt(abs(np.cumsum(abs(np.sqrt(abs((np.array(range(1, array_x.shape[1]+1)))*array_x))*7.297144549217117), axis=1))), axis=1)",1.0,0.46626243,0.111972965,0.5497343,0.585537,0.6177644,0.12249463,0.29184246,0.35421547,0.93848336,0.1214907,0.08352045,0.45363694,0.5555951,0.3048163,0.38192904,0.6271485,0.3797389,0.31991485,0.33329886,0.3329658,0.4504504,0.32056236,0.5683724
"np.mean(np.sqrt(abs(np.cumsum(np.sin(2*np.pi*2.772304659502381/np.cos(2*np.pi*np.sin(2*np.pi*array_x+1.2631394694329918-np.cos(2*np.pi*3.900581727034539)))), axis=1))), axis=1)",0.6502532,0.6465033,0.14695825,0.5117999,0.8964081,0.58324397,0.8575874,0.42750996,0.61519873,0.55460775,0.5878552,0.5616953,0.45363694,0.5555951,0.3048163,0.38192904,0.6271485,0.3797389,0.31991485,0.33329886,0.3329658,0.4504504,0.32056236,0.5683724
"np.mean(np.sqrt(abs(np.exp(5.306020700188985)))+9.343567625090582/np.log(abs(4.194537077089569))-abs((np.array(range(1, array_x.shape[1]+1))))-np.sqrt(abs(array_x)), axis=1)+10*(np.sin(2*np.pi*np.mean(np.sqrt(abs(np.exp(8.024324288893128)))+8.429711802985569/np.log(abs(7.978557196014497))-abs((np.array(range(1, array_x.shape[1]+1))))-np.sqrt(abs(array_x)), axis=1)))",0.10667245,3.2896808e-06,2.372195e-08,0.3326054,5.5587957e-06,0.032412734,0.057903145,0.0043552285,0.038043234,0.3063968,0.012173184,1.5499272e-07,0.45363694,0.5555951,0.3048163,0.38192904,0.6271485,0.3797389,0.31991485,0.33329886,0.3329658,0.4504504,0.32056236,0.5683724
"np.mean(np.sqrt(abs(np.exp(6.062484488363957-array_x))), axis=1)+np.sin(2*np.pi*np.mean(np.sqrt(abs(np.exp(3.0134221292160923-array_x))), axis=1))",1.3837796e-08,1.0,0.75,1.1713143e-09,0.75,3.9360282e-10,7.9971624e-10,4.3000728e-10,2.592339e-10,4.0617714e-09,2.290069e-09,1.0,0.45363694,0.5555951,0.3048163,0.38192904,0.6271485,0.3797389,0.31991485,0.33329886,0.3329658,0.4504504,0.32056236,0.5683724
"np.mean(np.sqrt(abs(np.exp(6.480801435277765-(np.array(range(1, array_x.shape[1]+1))))*(np.array(range(1, array_x.shape[1]+1)))*array_x+np.exp((np.array(range(1, array_x.shape[1]+1)))*array_x+2.5574965468928323)-(np.array(range(1, array_x.shape[1]+1)))*array_x)), axis=1)",0.8440984,0.27929005,0.028166415,0.42367414,0.56833535,0.3467088,0.022997899,0.28196013,0.24108033,0.7584131,0.027486308,0.40655592,0.45363694,0.5555951,0.3048163,0.38192904,0.6271485,0.3797389,0.31991485,0.33329886,0.3329658,0.4504504,0.32056236,0.5683724
"np.mean(np.sqrt(abs(np.exp(abs(array_x)-np.sqrt(abs(array_x))+4.593823817911803)))+np.sin(2*np.pi*-(np.sqrt(abs(5.374869223963559)))), axis=1)",0.63354987,0.11000971,0.0,0.2618217,0.2608575,0.31692567,0.032145076,0.096767455,0.043819,1.0,0.024561007,0.11419417,0.45363694,0.5555951,0.3048163,0.38192904,0.6271485,0.3797389,0.31991485,0.33329886,0.3329658,0.4504504,0.32056236,0.5683724
"np.mean(np.sqrt(abs(np.exp(array_x+np.square(9.050835301474965)))), axis=1)",0.0,0.68584585,0.17038406,0.0,0.9652657,0.0,1.2496687e-08,3.1629695e-16,0.0,0.0,9.7218e-08,0.9828689,0.45363694,0.5555951,0.3048163,0.38192904,0.6271485,0.3797389,0.31991485,0.33329886,0.3329658,0.4504504,0.32056236,0.5683724
"np.mean(np.sqrt(abs(np.exp(np.cos(2*np.pi*np.exp(array_x)))))+np.sqrt(abs(3.556980719341455+np.sin(2*np.pi*6.6089845196853485/array_x))), axis=1)",0.546432,0.22538592,0.0,0.7201082,0.2838891,0.7797919,0.64060515,0.6610342,0.7865681,0.8510888,0.53525317,0.32087302,0.45363694,0.5555951,0.3048163,0.38192904,0.6271485,0.3797389,0.31991485,0.33329886,0.3329658,0.4504504,0.32056236,0.5683724
"np.mean(np.sqrt(abs(np.exp(np.round(abs(9.936658042931079)-(np.array(range(1, array_x.shape[1]+1)))*array_x)))), axis=1)",0.0,1.0,0.12056734,0.0,0.31953233,0.0,0.0,0.0,0.0,0.0,0.0,0.4797877,0.45363694,0.5555951,0.3048163,0.38192904,0.6271485,0.3797389,0.31991485,0.33329886,0.3329658,0.4504504,0.32056236,0.5683724
"np.mean(np.sqrt(abs(np.exp(np.sin(2*np.pi*1/(array_x))/2.8637561051006344)*np.cos(2*np.pi*np.round(2.142756303882717)-array_x))), axis=1)+10*(np.sin(2*np.pi*np.mean(np.sqrt(abs(np.exp(np.sin(2*np.pi*1/(array_x))/5.314791999913177)*np.cos(2*np.pi*np.round(4.381526895848096)-array_x))), axis=1)))",0.8303663,0.4597157,0.3980372,0.35053715,0.6434743,0.43788904,0.3535302,0.33218738,0.4143717,0.63862884,0.43731338,0.53372157,0.45363694,0.5555951,0.3048163,0.38192904,0.6271485,0.3797389,0.31991485,0.33329886,0.3329658,0.4504504,0.32056236,0.5683724
"np.mean(np.sqrt(abs(np.exp(np.sqrt(abs(-(np.cos(2*np.pi*np.exp(array_x+1.0685667851244998)))))-7.763154697027806/6.810239287776307-np.round(array_x-array_x)*5.494416406417373))), axis=1)",0.85178614,0.5056319,0.0,0.7081161,0.4460481,0.8551972,0.75122356,0.7741934,0.7624395,0.9501392,0.6533808,0.28702936,0.45363694,0.5555951,0.3048163,0.38192904,0.6271485,0.3797389,0.31991485,0.33329886,0.3329658,0.4504504,0.32056236,0.5683724
"np.mean(np.sqrt(abs(np.exp(np.square(np.square(np.cos(2*np.pi*array_x+array_x))/2.935471824252084)))), axis=1)",0.37278834,0.050749633,0.0,0.5365626,0.22502378,0.42740956,0.3327504,0.20671333,0.36668634,0.67046845,0.39905426,0.04230315,0.45363694,0.5555951,0.3048163,0.38192904,0.6271485,0.3797389,0.31991485,0.33329886,0.3329658,0.4504504,0.32056236,0.5683724
"np.mean(np.sqrt(abs(np.log(abs((np.array(range(1, array_x.shape[1]+1)))*array_x-8.244725725636636))))+np.sqrt(abs((np.array(range(1, array_x.shape[1]+1)))*array_x))*1.434898282650111, axis=1)",1.0,0.31158453,0.10971734,0.54133517,0.5445491,0.6245128,0.043896846,0.3050446,0.21480726,0.9555278,0.032879833,0.3219026,0.45363694,0.5555951,0.3048163,0.38192904,0.6271485,0.3797389,0.31991485,0.33329886,0.3329658,0.4504504,0.32056236,0.5683724
"np.mean(np.sqrt(abs(np.log(abs(1.5522206046236677-9.62637169705549-array_x-array_x)))), axis=1)",0.51310205,0.8069897,0.57751215,0.25667167,0.893912,0.5615887,0.23772125,0.45967323,0.24753754,0.66446346,0.18011,0.7012745,0.45363694,0.5555951,0.3048163,0.38192904,0.6271485,0.3797389,0.31991485,0.33329886,0.3329658,0.4504504,0.32056236,0.5683724
"np.mean(np.sqrt(abs(np.log(abs(6.058450456572975-array_x))+abs(3.5434094140643797)/np.sqrt(abs(np.cos(2*np.pi*7.9172539215970605))))), axis=1)",0.0,0.9991546,0.40251127,3.1186584e-15,0.9037914,4.503196e-15,1.7669487e-05,0.0,0.0,0.0,2.113941e-07,0.9653358,0.45363694,0.5555951,0.3048163,0.38192904,0.6271485,0.3797389,0.31991485,0.33329886,0.3329658,0.4504504,0.32056236,0.5683724
"np.mean(np.sqrt(abs(np.log(abs(7.025102747417289-array_x/1.8210193699804584*np.sin(2*np.pi*3.6703517612365157))))), axis=1)+np.sin(2*np.pi*np.mean(np.sqrt(abs(np.log(abs(5.2137807211741265-array_x/8.275059702104404*np.sin(2*np.pi*6.373341570942712))))), axis=1))",0.0,0.8746641,0.3279324,2.1624417e-15,0.970624,2.0133937e-15,9.624786e-09,0.0,0.0,0.0,1.05098835e-07,0.99829865,0.45363694,0.5555951,0.3048163,0.38192904,0.6271485,0.3797389,0.31991485,0.33329886,0.3329658,0.4504504,0.32056236,0.5683724
"np.mean(np.sqrt(abs(np.log(abs(7.27455453192726/abs((np.array(range(1, array_x.shape[1]+1)))*array_x))))), axis=1)",0.95544165,0.32769924,0.26571068,0.47876108,0.44885898,0.6420138,0.047541417,0.30375513,0.37935847,0.91317374,0.023536788,0.524149,0.45363694,0.5555951,0.3048163,0.38192904,0.6271485,0.3797389,0.31991485,0.33329886,0.3329658,0.4504504,0.32056236,0.5683724
"np.mean(np.sqrt(abs(np.log(abs(9.172530223155535/array_x/7.880225856532321+6.082315731102743)))), axis=1)",1.0,0.3815964,0.23041315,0.77571285,0.44753805,0.7100859,0.5569922,0.7433995,0.6903169,0.82544047,0.40633836,0.34654745,0.45363694,0.5555951,0.3048163,0.38192904,0.6271485,0.3797389,0.31991485,0.33329886,0.3329658,0.4504504,0.32056236,0.5683724
"np.mean(np.sqrt(abs(np.log(abs(array_x-3.404241226136932))+10*(2.148671779504654)*array_x-2.2454006716112+(np.array(range(1, array_x.shape[1]+1))))), axis=1)+np.sin(2*np.pi*np.mean(np.sqrt(abs(np.log(abs(array_x-4.218122954781087))+10*(7.241384155446371)*array_x-7.261482853692238+(np.array(range(1, array_x.shape[1]+1))))), axis=1))",0.8380978,0.4380881,0.48150232,0.50634015,0.63552904,0.433535,0.19976714,0.20147423,0.28794706,0.84206843,0.10355996,0.44834435,0.45363694,0.5555951,0.3048163,0.38192904,0.6271485,0.3797389,0.31991485,0.33329886,0.3329658,0.4504504,0.32056236,0.5683724
"np.mean(np.sqrt(abs(np.log(abs(np.cumsum(array_x-5.3054462738672274, axis=1)/8.118041673646799)))), axis=1)+np.sin(2*np.pi*np.mean(np.sqrt(abs(np.log(abs(np.cumsum(array_x-5.487372906621881, axis=1)/5.1901845094436725)))), axis=1))",0.0014093289,0.9609594,0.52157414,0.00043048136,0.78812206,0.0009813064,0.026533071,0.00020303793,0.0009976727,0.0016888219,0.0041814153,0.97902435,0.45363694,0.5555951,0.3048163,0.38192904,0.6271485,0.3797389,0.31991485,0.33329886,0.3329658,0.4504504,0.32056236,0.5683724
"np.mean(np.sqrt(abs(np.log(abs(np.exp(array_x)-9.550125947328135)))), axis=1)",1.0,0.41563267,0.35463193,0.6189879,0.35364947,0.5322054,0.21622185,0.45440924,0.39838627,0.8161128,0.29816633,0.5324038,0.45363694,0.5555951,0.3048163,0.38192904,0.6271485,0.3797389,0.31991485,0.33329886,0.3329658,0.4504504,0.32056236,0.5683724
"np.mean(np.sqrt(abs(np.round(-(1.150215037659872+2.014524881227437/6.017946766327305+array_x)))), axis=1)+np.sin(2*np.pi*np.mean(np.sqrt(abs(np.round(-(1.3979653739506905+8.99888705684301/8.771107025679214+array_x)))), axis=1))",0.31128427,0.54266006,0.8900428,0.006493955,0.96222484,0.009354486,0.009361551,0.008219032,0.004426943,0.4223547,0.0065703467,0.92733204,0.45363694,0.5555951,0.3048163,0.38192904,0.6271485,0.3797389,0.31991485,0.33329886,0.3329658,0.4504504,0.32056236,0.5683724
"np.mean(np.sqrt(abs(np.round(7.984559570225836)+array_x))+array_x*array_x, axis=1)",0.83441365,0.1367549,0.001789139,0.18725279,0.4181881,0.12678656,0.0025976195,0.020368556,0.022044653,0.7988864,0.003668462,0.11334949,0.45363694,0.5555951,0.3048163,0.38192904,0.6271485,0.3797389,0.31991485,0.33329886,0.3329658,0.4504504,0.32056236,0.5683724
"np.mean(np.sqrt(abs(np.round(9.924414391015672)))*np.sqrt(abs(array_x))+8.698864396385579, axis=1)+np.sin(2*np.pi*np.mean(np.sqrt(abs(np.round(4.646921201642716)))*np.sqrt(abs(array_x))+8.48911602260225, axis=1))",0.00028501946,1.227798e-08,0.9999966,1.5978232e-05,4.301425e-12,0.2864668,0.9999967,0.9999996,1.628398e-05,0.0011081521,0.9999967,1.2468631e-09,0.45363694,0.5555951,0.3048163,0.38192904,0.6271485,0.3797389,0.31991485,0.33329886,0.3329658,0.4504504,0.32056236,0.5683724
"np.mean(np.sqrt(abs(np.round(array_x)*-(5.268513245536909+array_x))), axis=1)",0.23112871,0.63744533,0.45965445,7.749551e-05,0.6466903,0.015085838,0.0,0.0,0.089502476,0.5431697,0.0,0.4433382,0.45363694,0.5555951,0.3048163,0.38192904,0.6271485,0.3797389,0.31991485,0.33329886,0.3329658,0.4504504,0.32056236,0.5683724
"np.mean(np.sqrt(abs(np.round(np.cos(2*np.pi*np.sin(2*np.pi*6.785401671680768)/np.square(9.791695050215287)*6.084613311033021-(np.array(range(1, array_x.shape[1]+1)))*array_x)))), axis=1)",0.25,0.25,0.0,0.75,0.5,0.0,0.5,0.5,0.0,0.75,0.0,0.0,0.45363694,0.5555951,0.3048163,0.38192904,0.6271485,0.3797389,0.31991485,0.33329886,0.3329658,0.4504504,0.32056236,0.5683724
"np.mean(np.sqrt(abs(np.round(np.exp(6.358434506725886)/10*(np.sqrt(abs(array_x*6.48104302645139)))-array_x-array_x*np.sqrt(abs(8.954467456122334))))), axis=1)",0.99450934,0.1864386,0.043248318,0.6704817,0.34769785,0.66271514,0.16901962,0.42616197,0.46880737,0.99615896,0.21651588,0.35178867,0.45363694,0.5555951,0.3048163,0.38192904,0.6271485,0.3797389,0.31991485,0.33329886,0.3329658,0.4504504,0.32056236,0.5683724
"np.mean(np.sqrt(abs(np.round(np.log(abs(2.577799179304435)))+array_x)), axis=1)",0.9388752,0.40032315,0.1023733,0.4974154,0.86806965,0.49846375,0.021945471,0.25694618,0.29142743,0.80674404,0.024076749,0.3914575,0.45363694,0.5555951,0.3048163,0.38192904,0.6271485,0.3797389,0.31991485,0.33329886,0.3329658,0.4504504,0.32056236,0.5683724
"np.mean(np.sqrt(abs(np.round(np.sqrt(abs(np.exp(np.sqrt(abs(np.cos(2*np.pi*array_x-array_x*6.821692117452644))))))))), axis=1)",0.0,0.0,0.0,0.0,0.0,0.0,0.0,0.0,0.0,0.0,0.0,1.0,0.45363694,0.5555951,0.3048163,0.38192904,0.6271485,0.3797389,0.31991485,0.33329886,0.3329658,0.4504504,0.32056236,0.5683724
"np.mean(np.sqrt(abs(np.round(np.square(2.109156612660297)/array_x)))-8.363311749418688, axis=1)",0.0,0.5,0.36327046,0.0,0.5833333,0.0,0.0,0.0,0.0,0.0,0.0,1.0,0.45363694,0.5555951,0.3048163,0.38192904,0.6271485,0.3797389,0.31991485,0.33329886,0.3329658,0.4504504,0.32056236,0.5683724
"np.mean(np.sqrt(abs(np.round(np.square(array_x+array_x/4.000987906500108))/7.6104844506449)), axis=1)",0.35355338,0.0,0.0,0.0,0.0,0.0,0.0,0.0,0.0,0.0,0.0,0.0,0.45363694,0.5555951,0.3048163,0.38192904,0.6271485,0.3797389,0.31991485,0.33329886,0.3329658,0.4504504,0.32056236,0.5683724
"np.mean(np.sqrt(abs(np.sin(2*np.pi*1.9119306517775319)/(np.array(range(1, array_x.shape[1]+1)))/5.4406230423784505-array_x/1/(5.098185638234485)+np.exp(array_x*np.sin(2*np.pi*7.050980421961538)))), axis=1)",0.17671007,0.1331844,0.01453035,0.062399067,1.0,0.053988453,0.00033395033,0.0059784823,0.0059347227,0.21774986,0.00113985,0.35464305,0.45363694,0.5555951,0.3048163,0.38192904,0.6271485,0.3797389,0.31991485,0.33329886,0.3329658,0.4504504,0.32056236,0.5683724
"np.mean(np.sqrt(abs(np.sin(2*np.pi*4.714046932965032)+array_x-5.440191654316749*array_x/np.round(7.771370388729666))), axis=1)+10*(np.sin(2*np.pi*np.mean(np.sqrt(abs(np.sin(2*np.pi*3.6790427297943475)+array_x-7.373874351394848*array_x/np.round(1.6645716054934465))), axis=1)))",0.40805835,0.84612286,0.6676647,0.45159507,0.6978218,0.4995644,0.2887106,0.31855467,0.2145004,0.3317195,0.29041386,0.89543784,0.45363694,0.5555951,0.3048163,0.38192904,0.6271485,0.3797389,0.31991485,0.33329886,0.3329658,0.4504504,0.32056236,0.5683724
"np.mean(np.sqrt(abs(np.sin(2*np.pi*8.828535596022274)/array_x-8.669713780903116)), axis=1)+10*(np.sin(2*np.pi*np.mean(np.sqrt(abs(np.sin(2*np.pi*7.39045415020073)/array_x-4.331346439459925)), axis=1)))",0.9275885,0.63961756,0.8839407,0.8399142,0.9610252,0.8822779,0.8241508,0.8431583,0.76689214,0.9462217,0.72057223,0.92779493,0.45363694,0.5555951,0.3048163,0.38192904,0.6271485,0.3797389,0.31991485,0.33329886,0.3329658,0.4504504,0.32056236,0.5683724
"np.mean(np.sqrt(abs(np.sin(2*np.pi*abs(4.183814337423454))))+np.square(np.square(3.137105093023103+array_x)+np.sqrt(abs(4.427397146049504))), axis=1)",0.016484162,0.4766912,0.03697789,0.0036177605,0.99078566,0.0042820573,6.1473856e-06,0.00060434546,0.00040326902,0.022942305,0.0,0.64643216,0.45363694,0.5555951,0.3048163,0.38192904,0.6271485,0.3797389,0.31991485,0.33329886,0.3329658,0.4504504,0.32056236,0.5683724
"np.mean(np.sqrt(abs(np.sin(2*np.pi*array_x))), axis=1)+np.sin(2*np.pi*np.mean(np.sqrt(abs(np.sin(2*np.pi*array_x))), axis=1))",0.116184145,0.039153438,0.0038267472,0.07557246,0.07828979,0.07262839,0.12811257,0.04022698,0.31668696,0.23845808,0.08189667,0.032779384,0.45363694,0.5555951,0.3048163,0.38192904,0.6271485,0.3797389,0.31991485,0.33329886,0.3329658,0.4504504,0.32056236,0.5683724
"np.mean(np.sqrt(abs(np.sin(2*np.pi*array_x/5.7574556152509)+np.square(9.969628312902275))), axis=1)",0.80867034,0.11787266,0.00010303488,0.09654126,0.5364883,0.109345615,0.0027113718,0.013359014,0.020644888,0.5263794,0.0021245237,0.21064866,0.45363694,0.5555951,0.3048163,0.38192904,0.6271485,0.3797389,0.31991485,0.33329886,0.3329658,0.4504504,0.32056236,0.5683724
"np.mean(np.sqrt(abs(np.sin(2*np.pi*np.log(abs(array_x))-np.cos(2*np.pi*6.8325707117671*(np.array(range(1, array_x.shape[1]+1)))))+1/(8.533570539172818))), axis=1)",0.8806513,0.28354818,0.0,0.8011624,0.48205787,0.7891699,0.52319306,0.76950884,0.5577377,0.88982636,0.6227317,0.1846247,0.45363694,0.5555951,0.3048163,0.38192904,0.6271485,0.3797389,0.31991485,0.33329886,0.3329658,0.4504504,0.32056236,0.5683724
"np.mean(np.sqrt(abs(np.sin(2*np.pi*np.sin(2*np.pi*np.sqrt(abs(10*(array_x)))-3.9640442094304316)))), axis=1)",0.8305822,0.21317719,0.0,0.690684,0.48194256,0.7921197,0.6864833,0.6626405,0.75001144,0.8622643,0.8012047,0.32847747,0.45363694,0.5555951,0.3048163,0.38192904,0.6271485,0.3797389,0.31991485,0.33329886,0.3329658,0.4504504,0.32056236,0.5683724
"np.mean(np.sqrt(abs(np.sin(2*np.pi*np.sqrt(abs(np.cos(2*np.pi*10*(abs(7.100475496491644)))-np.exp(3.7862247904333906)+np.square(np.cos(2*np.pi*4.69434277066488))+1.9339805114884103*array_x))))), axis=1)",0.960794,0.20969282,0.0,0.59586656,0.37685603,0.5886654,0.13657895,0.30457956,0.30715984,1.0,0.10476869,0.2552323,0.45363694,0.5555951,0.3048163,0.38192904,0.6271485,0.3797389,0.31991485,0.33329886,0.3329658,0.4504504,0.32056236,0.5683724
"np.mean(np.sqrt(abs(np.sqrt(abs((np.array(range(1, array_x.shape[1]+1)))/array_x))))+array_x/2.864204921501026+np.cos(2*np.pi*abs(7.602573350062775)), axis=1)",0.0,0.8611387,0.5252128,1.5264212e-15,0.9143965,3.3814323e-16,0.10924765,7.3377337e-16,2.8601353e-15,2.2652438e-16,0.26999292,0.8824003,0.45363694,0.5555951,0.3048163,0.38192904,0.6271485,0.3797389,0.31991485,0.33329886,0.3329658,0.4504504,0.32056236,0.5683724
"np.mean(np.sqrt(abs(np.sqrt(abs(2.111191442082372*array_x-1.9665378584168494)))), axis=1)",1.0,0.22093697,0.20321086,0.6607806,0.5241035,0.61623883,0.10534409,0.33022198,0.4349249,0.9234332,0.14421311,0.1949531,0.45363694,0.5555951,0.3048163,0.38192904,0.6271485,0.3797389,0.31991485,0.33329886,0.3329658,0.4504504,0.32056236,0.5683724
"np.mean(np.sqrt(abs(np.sqrt(abs(2.189124694666391-array_x-2.057899812253189))*5.215447774771374)), axis=1)",0.9952673,0.28309932,0.19488005,0.57756364,0.40354633,0.66823107,0.16809683,0.42670548,0.4131266,0.98817515,0.1294332,0.10405635,0.45363694,0.5555951,0.3048163,0.38192904,0.6271485,0.3797389,0.31991485,0.33329886,0.3329658,0.4504504,0.32056236,0.5683724
"np.mean(np.sqrt(abs(np.sqrt(abs(array_x)))), axis=1)+np.sin(2*np.pi*np.mean(np.sqrt(abs(np.sqrt(abs(array_x)))), axis=1))",0.91382694,9.25884e-09,7.369571e-11,0.022316145,1.4729969e-07,0.002681277,0.0028548245,0.008493289,0.022405908,0.81196797,0.0023606338,3.6430077e-08,0.45363694,0.5555951,0.3048163,0.38192904,0.6271485,0.3797389,0.31991485,0.33329886,0.3329658,0.4504504,0.32056236,0.5683724
"np.mean(np.sqrt(abs(np.sqrt(abs(array_x))-1/(6.599233883218859))), axis=1)",0.94345826,0.2423364,0.25457835,0.6029462,0.43653482,0.5779705,0.16424538,0.33562362,0.451956,1.0,0.053964447,0.32703975,0.45363694,0.5555951,0.3048163,0.38192904,0.6271485,0.3797389,0.31991485,0.33329886,0.3329658,0.4504504,0.32056236,0.5683724
"np.mean(np.sqrt(abs(np.sqrt(abs(array_x))-np.cos(2*np.pi*9.587148863825387))), axis=1)+10*(np.sin(2*np.pi*np.mean(np.sqrt(abs(np.sqrt(abs(array_x))-np.cos(2*np.pi*3.5656617393004373))), axis=1)))",2.5557501e-05,0.64903057,0.00016347886,4.1649564e-05,0.07322901,6.174924e-05,0.00013236402,5.8967704e-05,7.600891e-05,4.6779714e-05,0.00013004491,0.9398745,0.45363694,0.5555951,0.3048163,0.38192904,0.6271485,0.3797389,0.31991485,0.33329886,0.3329658,0.4504504,0.32056236,0.5683724
"np.mean(np.sqrt(abs(np.sqrt(abs(array_x+np.sqrt(abs(3.3617654562287105))))*6.1699175616287425+1.8478187204630654)), axis=1)",0.8997926,0.5937959,0.24949147,0.5688349,0.91739774,0.4804799,0.0,0.33603418,0.19304197,0.91004896,0.15616214,0.6139375,0.45363694,0.5555951,0.3048163,0.38192904,0.6271485,0.3797389,0.31991485,0.33329886,0.3329658,0.4504504,0.32056236,0.5683724
"np.mean(np.sqrt(abs(np.sqrt(abs(np.round(np.square(4.2092869247643945-array_x))))*np.round(1.6778198470709675))), axis=1)",0.0,0.8663271,0.5740545,0.0,0.9752785,0.0,0.0,0.0,0.0,0.0,0.0,0.9010762,0.45363694,0.5555951,0.3048163,0.38192904,0.6271485,0.3797389,0.31991485,0.33329886,0.3329658,0.4504504,0.32056236,0.5683724
"np.mean(np.sqrt(abs(np.sqrt(abs(np.sqrt(abs(10*(array_x+5.888562520715684)*np.sqrt(abs(7.005606349341951)))))))), axis=1)",1.748517e-15,0.8996431,0.53410214,1.1613045e-15,0.95534426,4.3291206e-15,5.838132e-06,3.2649683e-15,2.949792e-15,0.0,2.1306745e-05,0.9333601,0.45363694,0.5555951,0.3048163,0.38192904,0.6271485,0.3797389,0.31991485,0.33329886,0.3329658,0.4504504,0.32056236,0.5683724
"np.mean(np.sqrt(abs(np.sqrt(abs(np.sqrt(abs(array_x))/3.612338331233401)))), axis=1)",0.89128363,0.118522465,0.17322066,0.70790905,0.30667514,0.81584597,0.2772118,0.6446892,0.5760269,1.0,0.34647152,0.0,0.45363694,0.5555951,0.3048163,0.38192904,0.6271485,0.3797389,0.31991485,0.33329886,0.3329658,0.4504504,0.32056236,0.5683724
"np.mean(np.sqrt(abs(np.sqrt(abs(np.sqrt(abs(np.exp(10*(array_x))))))))/3.858977576526396, axis=1)+10*(np.sin(2*np.pi*np.mean(np.sqrt(abs(np.sqrt(abs(np.sqrt(abs(np.exp(10*(array_x))))))))/5.100195833737354, axis=1)))",0.11244885,8.740455e-08,0.0,0.20445947,8.5628045e-07,0.06357107,0.004037872,0.011405219,0.011069918,0.8426044,0.0074134967,3.288402e-09,0.45363694,0.5555951,0.3048163,0.38192904,0.6271485,0.3797389,0.31991485,0.33329886,0.3329658,0.4504504,0.32056236,0.5683724
"np.mean(np.sqrt(abs(np.sqrt(abs(np.square(8.444292800795179)/np.square(array_x/2.971808198959768))))), axis=1)+np.sin(2*np.pi*np.mean(np.sqrt(abs(np.sqrt(abs(np.square(6.572346479683318)/np.square(array_x/3.950887205351621))))), axis=1))",0.07083913,0.5000702,0.50003684,0.09507773,0.4999756,0.5951463,0.01058794,0.0151899485,0.11236741,0.00026345623,0.5910936,0.499976,0.45363694,0.5555951,0.3048163,0.38192904,0.6271485,0.3797389,0.31991485,0.33329886,0.3329658,0.4504504,0.32056236,0.5683724
"np.mean(np.sqrt(abs(np.square((np.array(range(1, array_x.shape[1]+1)))*array_x)/4.907746517065808)), axis=1)",0.97667795,0.2118563,0.064822696,0.35429308,0.35598195,0.32101753,0.008932567,0.1025039,0.0852564,0.8265364,0.026828295,0.3927927,0.45363694,0.5555951,0.3048163,0.38192904,0.6271485,0.3797389,0.31991485,0.33329886,0.3329658,0.4504504,0.32056236,0.5683724
"np.mean(np.sqrt(abs(np.square(1.1174972198783835)/array_x))-array_x+np.cos(2*np.pi*array_x*9.24688941540051), axis=1)",0.081898995,0.96677935,0.776065,0.038254578,0.87297165,0.062725686,0.18268268,0.045906737,0.057451434,0.08168305,0.2554828,0.96737534,0.45363694,0.5555951,0.3048163,0.38192904,0.6271485,0.3797389,0.31991485,0.33329886,0.3329658,0.4504504,0.32056236,0.5683724
"np.mean(np.sqrt(abs(np.square(1.633931941128945)+abs(np.sin(2*np.pi*array_x))-(np.array(range(1, array_x.shape[1]+1)))-5.262568622110745-array_x)), axis=1)+np.sin(2*np.pi*np.mean(np.sqrt(abs(np.square(1.7537322791537235)+abs(np.sin(2*np.pi*array_x))-(np.array(range(1, array_x.shape[1]+1)))-4.242652288327263-array_x)), axis=1))",0.2445576,0.9990527,0.48204657,0.15168987,0.7471519,0.09850544,0.24006003,0.12639275,0.1991541,0.2058121,0.20169422,0.75069827,0.45363694,0.5555951,0.3048163,0.38192904,0.6271485,0.3797389,0.31991485,0.33329886,0.3329658,0.4504504,0.32056236,0.5683724
"np.mean(np.sqrt(abs(np.square(3.0711692288175367/array_x+5.179406435053035)*3.022783440872596))*2.591747993913007, axis=1)",0.91427034,0.55201656,0.2950649,0.6111002,0.6950828,0.6082552,0.041801464,0.40576434,0.36701667,0.83712614,0.16467905,0.30725566,0.45363694,0.5555951,0.3048163,0.38192904,0.6271485,0.3797389,0.31991485,0.33329886,0.3329658,0.4504504,0.32056236,0.5683724
"np.mean(np.sqrt(abs(np.square(3.4395655101405085)+np.square(array_x)-np.sin(2*np.pi*5.510250654838734/array_x+6.2798055710796925))), axis=1)",0.7397117,0.14818965,0.13554269,0.4242713,0.5914939,0.5545565,0.40864593,0.37898916,0.3070063,0.75049406,0.6207471,0.40015098,0.45363694,0.5555951,0.3048163,0.38192904,0.6271485,0.3797389,0.31991485,0.33329886,0.3329658,0.4504504,0.32056236,0.5683724
"np.mean(np.sqrt(abs(np.square(array_x)+np.sin(2*np.pi*np.log(abs(7.167718063950797+array_x+2.5854908104296466))))), axis=1)",1.0,0.13360782,0.008118491,0.24720886,0.20595855,0.16031656,0.0002229793,0.032485478,0.031817447,0.62081844,0.003110252,0.15440963,0.45363694,0.5555951,0.3048163,0.38192904,0.6271485,0.3797389,0.31991485,0.33329886,0.3329658,0.4504504,0.32056236,0.5683724
"np.mean(np.sqrt(abs(np.square(array_x)-4.296286098926975))+np.round(6.208396115225934), axis=1)",1.0,0.49469155,0.021321151,0.5239664,0.48427415,0.53515,0.1660703,0.32633612,0.29095006,0.91175693,0.06007095,0.42588666,0.45363694,0.5555951,0.3048163,0.38192904,0.6271485,0.3797389,0.31991485,0.33329886,0.3329658,0.4504504,0.32056236,0.5683724
"np.mean(np.sqrt(abs(np.square(np.log(abs(1/(abs(4.03225936875741)))))+abs(1.089358823221777-np.exp(array_x)-6.7171456422474085))), axis=1)",0.0,0.6526481,0.06684562,0.0,1.0,0.0,2.048608e-09,0.0,0.0,0.0,3.1026333e-09,0.86086833,0.45363694,0.5555951,0.3048163,0.38192904,0.6271485,0.3797389,0.31991485,0.33329886,0.3329658,0.4504504,0.32056236,0.5683724
"np.mean(np.sqrt(abs(np.square(np.round(array_x))/np.sqrt(abs(5.617489717192876)))), axis=1)+10*(np.sin(2*np.pi*np.mean(np.sqrt(abs(np.square(np.round(array_x))/np.sqrt(abs(7.892928457460683)))), axis=1)))",0.0,0.0,1.0,0.0,0.0,0.0,0.0,0.0,1.0,0.0,0.0,0.0,0.45363694,0.5555951,0.3048163,0.38192904,0.6271485,0.3797389,0.31991485,0.33329886,0.3329658,0.4504504,0.32056236,0.5683724
"np.mean(np.square((np.array(range(1, array_x.shape[1]+1)))*array_x-3.3463131195477684)-6.192479696701514, axis=1)",1.0,0.25769046,0.026561558,0.097922355,0.3129324,0.14547765,0.00020897,0.032711808,0.020538779,0.5386591,0.0015236632,0.4223752,0.45363694,0.5555951,0.3048163,0.38192904,0.6271485,0.3797389,0.31991485,0.33329886,0.3329658,0.4504504,0.32056236,0.5683724
"np.mean(np.square((np.array(range(1, array_x.shape[1]+1)))/array_x-array_x*array_x)/6.498105499514105, axis=1)",0.6152127,0.6076593,0.7827,0.3598342,0.5240315,0.36931595,0.44337893,0.6193513,0.5629815,0.5487194,0.08856386,0.3054422,0.45363694,0.5555951,0.3048163,0.38192904,0.6271485,0.3797389,0.31991485,0.33329886,0.3329658,0.4504504,0.32056236,0.5683724
"np.mean(np.square((np.array(range(1, array_x.shape[1]+1)))/np.square(np.cos(2*np.pi*array_x))), axis=1)",0.62442386,0.10471892,0.0,0.51676947,0.19519447,0.5337547,0.4497075,0.30239236,0.50428313,0.48795918,0.38491166,0.117424555,0.45363694,0.5555951,0.3048163,0.38192904,0.6271485,0.3797389,0.31991485,0.33329886,0.3329658,0.4504504,0.32056236,0.5683724
"np.mean(np.square(-(1/(np.sqrt(abs(np.log(abs(array_x/8.157767805007271*5.422474057156698))))+np.square(np.log(abs(-(3.8111063075021354+array_x*8.036515567940135))))))), axis=1)+np.sin(2*np.pi*np.mean(np.square(-(1/(np.sqrt(abs(np.log(abs(array_x/2.702849469906769*7.991266085258802))))+np.square(np.log(abs(-(8.581368080513823+array_x*5.2020285198609475))))))), axis=1))",0.13431767,0.913075,0.2952705,0.13431767,0.7905495,0.066181555,7.9188105e-08,0.04549903,0.066181555,0.13431767,0.06813613,0.8483219,0.45363694,0.5555951,0.3048163,0.38192904,0.6271485,0.3797389,0.31991485,0.33329886,0.3329658,0.4504504,0.32056236,0.5683724
"np.mean(np.square(-(abs(np.square(8.33880381194377/np.exp(array_x)/array_x)))), axis=1)",1.892947e-24,0.6902551,0.99958277,2.5173455e-22,4.7447218e-05,9.456452e-24,2.0346016e-16,2.7360013e-25,1.1451889e-21,1.0864238e-25,6.6520605e-16,0.50029564,0.45363694,0.5555951,0.3048163,0.38192904,0.6271485,0.3797389,0.31991485,0.33329886,0.3329658,0.4504504,0.32056236,0.5683724
"np.mean(np.square(-(array_x+4.145646536448632))-1/(np.square(array_x)), axis=1)",1.0,0.36146095,0.9999923,1.0,1.0,1.0,1.0,1.0,1.0,1.0,1.0,0.30184647,0.45363694,0.5555951,0.3048163,0.38192904,0.6271485,0.3797389,0.31991485,0.33329886,0.3329658,0.4504504,0.32056236,0.5683724
"np.mean(np.square(-(np.sin(2*np.pi*8.463666939699918*array_x-7.294380624482791))), axis=1)",0.64907265,0.36407155,0.0,0.37902564,0.43754062,0.617179,0.4488972,0.53996074,0.21848182,0.51046425,0.5766671,0.28175542,0.45363694,0.5555951,0.3048163,0.38192904,0.6271485,0.3797389,0.31991485,0.33329886,0.3329658,0.4504504,0.32056236,0.5683724
"np.mean(np.square(-(np.sin(2*np.pi*np.sqrt(abs(array_x+5.456237313486929+np.sqrt(abs(np.sin(2*np.pi*array_x)))))))*array_x+np.square(9.965539313559063)), axis=1)",0.159636,0.74386185,0.66775787,0.18693992,0.9314407,0.119504124,0.4055586,0.30043015,0.44353035,0.1719803,0.38210487,0.8855906,0.45363694,0.5555951,0.3048163,0.38192904,0.6271485,0.3797389,0.31991485,0.33329886,0.3329658,0.4504504,0.32056236,0.5683724
"np.mean(np.square(-(np.sqrt(abs(3.879658809490962))/10*(array_x))*8.105238710756995), axis=1)",1.0,0.17116888,0.0059915096,0.091192275,0.30265588,0.1237833,0.000545063,0.02426898,0.030351678,0.8179494,0.003467065,0.23840648,0.45363694,0.5555951,0.3048163,0.38192904,0.6271485,0.3797389,0.31991485,0.33329886,0.3329658,0.4504504,0.32056236,0.5683724
"np.mean(np.square(1.3611655511798118*array_x-np.sqrt(abs(np.log(abs(4.49344842245958))))+9.335581138263482), axis=1)",4.319877e-17,0.8144232,0.13639756,1.5460313e-16,0.98948854,5.840064e-17,1.9600423e-08,1.5785024e-16,1.8614518e-16,1.6528142e-17,9.059775e-09,0.86623245,0.45363694,0.5555951,0.3048163,0.38192904,0.6271485,0.3797389,0.31991485,0.33329886,0.3329658,0.4504504,0.32056236,0.5683724
"np.mean(np.square(1.602035382942427*5.808969144872806-array_x), axis=1)",1.5571435e-16,0.88570285,0.16957498,2.1046167e-16,0.8737248,3.016828e-16,5.2770627e-08,2.3559276e-16,2.1198897e-16,7.282917e-17,2.6394298e-09,1.0,0.45363694,0.5555951,0.3048163,0.38192904,0.6271485,0.3797389,0.31991485,0.33329886,0.3329658,0.4504504,0.32056236,0.5683724
"np.mean(np.square(1.6902554291508924/1.3899967990918145-array_x), axis=1)",0.49820554,0.25794306,0.00021481694,0.11757697,0.34461114,0.16281858,0.0013437514,0.027638234,0.014378913,0.93281895,0.0021953185,0.11713941,0.45363694,0.5555951,0.3048163,0.38192904,0.6271485,0.3797389,0.31991485,0.33329886,0.3329658,0.4504504,0.32056236,0.5683724
"np.mean(np.square(1/(np.sqrt(abs(8.903988927406774+array_x))-np.sqrt(abs(array_x*2.833302886701493-3.5861072963464826))-2.0764754218803665)), axis=1)",0.22730258,0.47958302,0.31342316,0.088270195,1.0,0.2548269,0.26597273,0.29750493,0.26597273,0.0,0.27392918,0.7388056,0.45363694,0.5555951,0.3048163,0.38192904,0.6271485,0.3797389,0.31991485,0.33329886,0.3329658,0.4504504,0.32056236,0.5683724
"np.mean(np.square(10*(4.417495767530798-np.square((np.array(range(1, array_x.shape[1]+1))))*4.436814976624007-np.square(array_x)/7.055953695402208*abs(array_x*3.3844700384569855))), axis=1)",0.97311896,0.04551719,0.0015658957,0.044567183,0.10672122,0.06105827,3.2429034e-05,0.0052427547,0.0024597666,0.41308412,0.0005335704,0.29724646,0.45363694,0.5555951,0.3048163,0.38192904,0.6271485,0.3797389,0.31991485,0.33329886,0.3329658,0.4504504,0.32056236,0.5683724
"np.mean(np.square(10*(array_x-3.348924605928424))/10*(8.34306660854098), axis=1)",0.059418447,1.0,0.03263039,0.01137713,0.38721374,0.013585854,0.00035026678,0.0016502643,0.0054543484,0.062193938,0.0,0.75843287,0.45363694,0.5555951,0.3048163,0.38192904,0.6271485,0.3797389,0.31991485,0.33329886,0.3329658,0.4504504,0.32056236,0.5683724
"np.mean(np.square(10*(np.round(7.408233416682064))-array_x*np.square(array_x+3.8269751675957924)-9.864741509231903), axis=1)",0.32949945,0.64797556,0.34094355,0.33835256,0.7034598,0.20115755,0.23820752,0.38287923,0.41152772,0.5628301,0.0017505367,0.6670777,0.45363694,0.5555951,0.3048163,0.38192904,0.6271485,0.3797389,0.31991485,0.33329886,0.3329658,0.4504504,0.32056236,0.5683724
"np.mean(np.square(2.0718773076414627+np.square(2.8849267733538673-array_x)), axis=1)",0.054739743,1.0,0.018577019,0.013206021,0.20018968,0.010432807,0.0,0.002743567,0.002310112,0.073917024,0.00016858066,0.36957553,0.45363694,0.5555951,0.3048163,0.38192904,0.6271485,0.3797389,0.31991485,0.33329886,0.3329658,0.4504504,0.32056236,0.5683724
"np.mean(np.square(2.2804220799247195+array_x)/np.exp(4.690875735229531)-array_x, axis=1)+10*(np.sin(2*np.pi*np.mean(np.square(9.777362909111703+array_x)/np.exp(3.5734541078964948)-array_x, axis=1)))",0.0012801593,0.9743951,0.697775,5.678164e-05,0.9496856,0.014848597,0.14262353,2.4373985e-09,5.436792e-05,0.0011272774,0.014620312,0.9813979,0.45363694,0.5555951,0.3048163,0.38192904,0.6271485,0.3797389,0.31991485,0.33329886,0.3329658,0.4504504,0.32056236,0.5683724
"np.mean(np.square(2.5343867487056655)-abs(array_x+7.2011074995612585), axis=1)+np.sin(2*np.pi*np.mean(np.square(9.844984025165843)-abs(array_x+6.943094270596937), axis=1))",0.012438353,0.9999974,0.9999992,0.999999,0.9999974,0.49999797,0.99999654,0.3333335,0.9999983,6.604314e-07,0.99999774,0.9999974,0.45363694,0.5555951,0.3048163,0.38192904,0.6271485,0.3797389,0.31991485,0.33329886,0.3329658,0.4504504,0.32056236,0.5683724
"np.mean(np.square(2.568390762618175-np.exp(np.sin(2*np.pi*np.exp(np.sqrt(abs(array_x)))))), axis=1)",0.36600497,0.010263964,0.0,0.4558824,0.032192484,0.25965756,0.23786567,0.10945979,0.14682017,0.532236,0.2195034,0.0072060223,0.45363694,0.5555951,0.3048163,0.38192904,0.6271485,0.3797389,0.31991485,0.33329886,0.3329658,0.4504504,0.32056236,0.5683724
"np.mean(np.square(2.595756999426489+np.log(abs(array_x+array_x-4.26987169276275+6.361969851603631))), axis=1)+np.sin(2*np.pi*np.mean(np.square(8.886710399970958+np.log(abs(array_x+array_x-7.455695797453359+9.08262852461208))), axis=1))",0.62651616,0.5548156,0.41735914,0.33106294,0.9519297,0.29003766,0.061661907,0.13326019,0.3290766,0.75628406,0.014510282,0.76073545,0.45363694,0.5555951,0.3048163,0.38192904,0.6271485,0.3797389,0.31991485,0.33329886,0.3329658,0.4504504,0.32056236,0.5683724
"np.mean(np.square(2.666248318785591*array_x/abs(array_x/5.760018688872036)/np.square(np.round(8.071480853743688))*7.40281472498764+array_x), axis=1)",0.8463079,0.21857107,0.023937834,0.34032208,0.46763182,0.38885632,0.02155371,0.12024092,0.13671134,0.89397806,0.013597699,0.25800973,0.45363694,0.5555951,0.3048163,0.38192904,0.6271485,0.3797389,0.31991485,0.33329886,0.3329658,0.4504504,0.32056236,0.5683724
"np.mean(np.square(2.6700123607293156+array_x), axis=1)",0.09563081,0.28607452,0.015391929,0.009306628,1.0,0.013867341,0.00038344762,0.002646656,0.0017747788,0.06328324,0.0,0.78942245,0.45363694,0.5555951,0.3048163,0.38192904,0.6271485,0.3797389,0.31991485,0.33329886,0.3329658,0.4504504,0.32056236,0.5683724
"np.mean(np.square(2.7503069711267765+array_x/7.051866004331305-np.sqrt(abs(np.sqrt(abs(7.401814076339577))-array_x))), axis=1)",0.034787323,0.31172138,0.0024915317,0.007375104,1.0,0.00997175,0.0,0.002755575,0.0021192573,0.037113037,0.00016668158,0.5633338,0.45363694,0.5555951,0.3048163,0.38192904,0.6271485,0.3797389,0.31991485,0.33329886,0.3329658,0.4504504,0.32056236,0.5683724
"np.mean(np.square(3.1567112833616413)/2.888959354047829-array_x, axis=1)+10*(np.sin(2*np.pi*np.mean(np.square(3.4627232930933616)/8.209709008885582-array_x, axis=1)))",1.252507e-05,0.99998856,0.9999885,0.7504267,0.49999568,0.2500104,0.9999856,0.9999649,0.9999878,0.00026856948,0.99996054,0.9999832,0.45363694,0.5555951,0.3048163,0.38192904,0.6271485,0.3797389,0.31991485,0.33329886,0.3329658,0.4504504,0.32056236,0.5683724
"np.mean(np.square(3.3043698300407827+4.278316535626372*array_x/np.sqrt(abs(np.sqrt(abs(8.056133171455368))))-np.sqrt(abs(np.exp(1/(np.log(abs(array_x))))))), axis=1)",0.97291845,0.47472703,0.06809243,0.3617004,0.63364667,0.33236286,0.06441254,0.113444835,0.18124948,0.8251402,0.08809277,0.29447624,0.45363694,0.5555951,0.3048163,0.38192904,0.6271485,0.3797389,0.31991485,0.33329886,0.3329658,0.4504504,0.32056236,0.5683724
"np.mean(np.square(3.5150339125710337-array_x)-8.78422579818897+1.2031020410251134*array_x-3.664343309074746-array_x/np.square(7.382267901561242), axis=1)+np.sin(2*np.pi*np.mean(np.square(7.71052661992534-array_x)-9.272846117777808+8.356454988125375*array_x-4.447582261887049-array_x/np.square(8.018094701007954), axis=1))",0.055266224,0.92182696,0.6936849,0.035266384,0.55512106,0.024972538,0.108505435,6.443088e-06,0.014446312,0.04560126,0.14810203,1.0,0.45363694,0.5555951,0.3048163,0.38192904,0.6271485,0.3797389,0.31991485,0.33329886,0.3329658,0.4504504,0.32056236,0.5683724
"np.mean(np.square(3.597807359776822*array_x+np.cos(2*np.pi*4.987977796282964)+np.log(abs(3.083213975819979+np.sin(2*np.pi*5.411990457614499)+array_x))), axis=1)",0.37829733,0.17028567,0.0026259187,0.113108076,0.7340899,0.12879169,0.00088248623,0.009513839,0.009267194,0.59358394,0.0010445482,0.19273373,0.45363694,0.5555951,0.3048163,0.38192904,0.6271485,0.3797389,0.31991485,0.33329886,0.3329658,0.4504504,0.32056236,0.5683724
"np.mean(np.square(3.6042708093817493)/np.cos(2*np.pi*np.cos(2*np.pi*np.square(2.792343286991046+np.square(1/(np.square(array_x)))))), axis=1)",0.99936473,0.98574924,0.59276205,0.997377,0.95579994,0.999486,0.9998552,0.9920372,0.9994698,0.999973,0.9983746,0.9973211,0.45363694,0.5555951,0.3048163,0.38192904,0.6271485,0.3797389,0.31991485,0.33329886,0.3329658,0.4504504,0.32056236,0.5683724
"np.mean(np.square(3.725129079916067)+10*(np.sin(2*np.pi*array_x-3.432786122549338*array_x)), axis=1)",0.6949367,0.037934043,0.0,0.31244537,0.050297737,0.36741439,0.012744193,0.027796542,0.065311804,1.0,0.013256572,0.014841992,0.45363694,0.5555951,0.3048163,0.38192904,0.6271485,0.3797389,0.31991485,0.33329886,0.3329658,0.4504504,0.32056236,0.5683724
"np.mean(np.square(3.7732761038569107-array_x), axis=1)",0.037715554,0.9965285,0.06821025,0.008967334,0.4834969,0.0077706208,2.8698518e-05,0.0013913234,0.001185365,0.031869728,7.6771816e-05,0.74446106,0.45363694,0.5555951,0.3048163,0.38192904,0.6271485,0.3797389,0.31991485,0.33329886,0.3329658,0.4504504,0.32056236,0.5683724
"np.mean(np.square(4.0268783464006805+(np.array(range(1, array_x.shape[1]+1)))*array_x+1.1409431557006269+np.sin(2*np.pi*(np.array(range(1, array_x.shape[1]+1)))*array_x+(np.array(range(1, array_x.shape[1]+1)))*array_x/1.3369312964248996)), axis=1)",0.5831952,0.6173393,0.31190553,0.11891699,0.8221707,0.1834729,0.0,0.09972196,0.03719375,0.38734233,0.022536287,0.5003302,0.45363694,0.5555951,0.3048163,0.38192904,0.6271485,0.3797389,0.31991485,0.33329886,0.3329658,0.4504504,0.32056236,0.5683724
"np.mean(np.square(4.1644118933292855+np.sqrt(abs(array_x+np.sqrt(abs(3.6544147146032793))))), axis=1)",0.68170017,0.5541129,0.094003506,0.42737922,1.0,0.4242925,0.053422034,0.21987481,0.24530488,0.6659478,0.04664462,0.66314626,0.45363694,0.5555951,0.3048163,0.38192904,0.6271485,0.3797389,0.31991485,0.33329886,0.3329658,0.4504504,0.32056236,0.5683724
"np.mean(np.square(4.233613624448926+array_x*4.697262204541108), axis=1)",0.67358226,0.19463623,0.010024272,0.11681544,0.69291466,0.08457018,0.0,0.017686952,0.021099674,0.46217927,0.00090275373,0.38763306,0.45363694,0.5555951,0.3048163,0.38192904,0.6271485,0.3797389,0.31991485,0.33329886,0.3329658,0.4504504,0.32056236,0.5683724
"np.mean(np.square(4.410797088597128+np.round(array_x)+3.8582355903325456/3.75544074386167*array_x+np.round(7.521486939382134)), axis=1)",0.0,0.7756351,0.20264174,1.4911e-16,1.0,1.5673367e-16,1.9230965e-08,2.0991663e-16,1.6932854e-16,1.3282384e-17,3.9448054e-09,0.95501703,0.45363694,0.5555951,0.3048163,0.38192904,0.6271485,0.3797389,0.31991485,0.33329886,0.3329658,0.4504504,0.32056236,0.5683724
"np.mean(np.square(4.595401704371415+array_x+np.round(2.162411956280214)-array_x)/np.sqrt(abs(np.exp(8.72930027332134)-5.863798433172565/array_x)), axis=1)",0.7971587,0.5536682,0.0,0.84422296,0.5511526,0.7374218,0.65134805,0.74426883,0.7505976,0.9036067,0.60046595,0.49441147,0.45363694,0.5555951,0.3048163,0.38192904,0.6271485,0.3797389,0.31991485,0.33329886,0.3329658,0.4504504,0.32056236,0.5683724
"np.mean(np.square(4.656366617217876+array_x+8.102892904209833), axis=1)",0.0,0.909261,0.37726977,1.2950214e-16,0.72345114,0.0,7.501626e-09,1.7043466e-16,0.0,0.0,5.6973386e-09,0.90936446,0.45363694,0.5555951,0.3048163,0.38192904,0.6271485,0.3797389,0.31991485,0.33329886,0.3329658,0.4504504,0.32056236,0.5683724
"np.mean(np.square(4.85979655182042-1/(np.sqrt(abs(np.log(abs(10*(array_x))))))), axis=1)",0.9900511,0.3401537,0.0,0.7545116,0.37934503,0.74225587,0.3945211,0.51056886,0.6046714,0.93725884,0.38585517,0.34316164,0.45363694,0.5555951,0.3048163,0.38192904,0.6271485,0.3797389,0.31991485,0.33329886,0.3329658,0.4504504,0.32056236,0.5683724
"np.mean(np.square(5.0625307785292515)+5.130005449197519/array_x+array_x*array_x*1.17362383607378*np.sin(2*np.pi*7.326770711871407)-np.sqrt(abs(array_x)), axis=1)",1.0,0.97611773,0.71808064,0.99999994,0.9989927,1.0,0.99999964,1.0,0.99999994,1.0,0.9999991,0.9820737,0.45363694,0.5555951,0.3048163,0.38192904,0.6271485,0.3797389,0.31991485,0.33329886,0.3329658,0.4504504,0.32056236,0.5683724
"np.mean(np.square(5.286188911595041)-1/(np.log(abs(array_x))), axis=1)",1.0,0.9907423,0.0,1.0,0.9999457,1.0,0.9999999,0.99999994,1.0,0.99999994,0.9999876,0.99999446,0.45363694,0.5555951,0.3048163,0.38192904,0.6271485,0.3797389,0.31991485,0.33329886,0.3329658,0.4504504,0.32056236,0.5683724
"np.mean(np.square(5.308399460539332)-array_x, axis=1)-np.sqrt(abs(np.cos(2*np.pi*np.sqrt(abs(np.sum(array_x, axis=1))))+np.sqrt(abs(9.908116176967496))))",0.0,1.0,1.0,1.5615139e-12,1.0,1.2651144e-15,0.6301225,1.2651144e-15,0.3881033,5.3160095e-16,0.72473234,1.0,0.45363694,0.5555951,0.3048163,0.38192904,0.6271485,0.3797389,0.31991485,0.33329886,0.3329658,0.4504504,0.32056236,0.5683724
"np.mean(np.square(5.990981128738378/np.sqrt(abs((np.array(range(1, array_x.shape[1]+1))))))/np.sin(2*np.pi*np.log(abs(np.cos(2*np.pi*3.6424972375312765))))/5.645305115700708/np.log(abs(array_x*array_x))+4.519280216822905, axis=1)",1.0,0.87201023,0.23339282,1.0,0.9999726,1.0,0.99999815,0.9999999,0.9999995,1.0,0.99999726,0.99992955,0.45363694,0.5555951,0.3048163,0.38192904,0.6271485,0.3797389,0.31991485,0.33329886,0.3329658,0.4504504,0.32056236,0.5683724
"np.mean(np.square(6.033237943835892)+np.log(abs(np.sin(2*np.pi*array_x+array_x-9.87569497256942))), axis=1)",0.9330316,0.35781878,0.0,0.9473374,0.6898715,0.8979966,0.8727029,0.86018306,0.90883416,0.9337908,0.84027576,0.44514418,0.45363694,0.5555951,0.3048163,0.38192904,0.6271485,0.3797389,0.31991485,0.33329886,0.3329658,0.4504504,0.32056236,0.5683724
"np.mean(np.square(6.396284831021129*array_x+7.144929491126054*np.exp(-(array_x)))-np.log(abs(array_x+9.621417514573528)), axis=1)",0.91044384,0.23967895,0.0067234584,0.12102376,0.8270689,0.1923935,0.00029798032,0.020292474,0.016146313,0.69540215,0.006078096,0.17170751,0.45363694,0.5555951,0.3048163,0.38192904,0.6271485,0.3797389,0.31991485,0.33329886,0.3329658,0.4504504,0.32056236,0.5683724
"np.mean(np.square(6.52304836613988-array_x), axis=1)",0.0,0.95871294,0.19410169,1.4077923e-16,0.89964825,1.6528859e-17,1.4005959e-08,1.3019215e-16,3.1365328e-16,0.0,1.9921389e-08,0.87971395,0.45363694,0.5555951,0.3048163,0.38192904,0.6271485,0.3797389,0.31991485,0.33329886,0.3329658,0.4504504,0.32056236,0.5683724
"np.mean(np.square(6.985456712981247)*np.sqrt(abs(np.sqrt(abs(8.62043640687244/array_x/9.059945152881557))))*np.sqrt(abs(np.square(7.515059803215098)/array_x)), axis=1)+10*(np.sin(2*np.pi*np.mean(np.square(5.985930985870175)*np.sqrt(abs(np.sqrt(abs(5.351699775059706/array_x/6.360909225242961))))*np.sqrt(abs(np.square(6.882784806479922)/array_x)), axis=1)))",5.1006426e-09,0.97826034,0.4777545,0.029435886,0.8695669,0.02943614,0.06601736,0.011903608,0.031818174,3.115026e-08,0.04882452,1.0,0.45363694,0.5555951,0.3048163,0.38192904,0.6271485,0.3797389,0.31991485,0.33329886,0.3329658,0.4504504,0.32056236,0.5683724
"np.mean(np.square(7.0673849034832985)*np.round(array_x-9.338577207099993), axis=1)",0.0,0.9365942,0.54658383,0.0,0.9569597,0.0,0.0,0.0,0.0,0.0,0.0,0.89652175,0.45363694,0.5555951,0.3048163,0.38192904,0.6271485,0.3797389,0.31991485,0.33329886,0.3329658,0.4504504,0.32056236,0.5683724
"np.mean(np.square(7.067919126573925+array_x-2.9095534369299765), axis=1)+np.sin(2*np.pi*np.mean(np.square(3.8627705877409735+array_x-2.022656963124364), axis=1))",0.030710913,0.7230825,0.29019088,0.0110768275,1.0,0.01607137,0.0028829547,0.010247152,0.007785802,0.023749894,0.0025732457,0.83616775,0.45363694,0.5555951,0.3048163,0.38192904,0.6271485,0.3797389,0.31991485,0.33329886,0.3329658,0.4504504,0.32056236,0.5683724
"np.mean(np.square(7.097956754600145-np.square(array_x)-1.239877642529352-np.sqrt(abs(4.7836739856812365))), axis=1)",0.903677,0.31755912,0.0014863466,0.15757066,0.37500596,0.16587175,0.004836619,0.03296868,0.030473,0.5001447,0.0065544066,0.18089229,0.45363694,0.5555951,0.3048163,0.38192904,0.6271485,0.3797389,0.31991485,0.33329886,0.3329658,0.4504504,0.32056236,0.5683724
"np.mean(np.square(7.206364794715288-abs(array_x)), axis=1)",5.1479846e-16,0.7459129,0.0071182745,2.4734904e-15,0.50826937,9.615049e-16,1.1836369e-08,3.6261547e-16,3.3604367e-16,5.4345433e-16,1.3641271e-08,1.0,0.45363694,0.5555951,0.3048163,0.38192904,0.6271485,0.3797389,0.31991485,0.33329886,0.3329658,0.4504504,0.32056236,0.5683724
"np.mean(np.square(7.5865538803547965-array_x/np.sqrt(abs(10*(8.321491763492258)))-1.1731946997889315*4.5939821591232395/-(9.840776805585227*array_x)/array_x+8.491361447827947), axis=1)+10*(np.sin(2*np.pi*np.mean(np.square(7.627929926354847-array_x/np.sqrt(abs(10*(7.411867941998791)))-5.92477049828519*5.292012264198466/-(5.073680353887572*array_x)/array_x+1.659736590383908), axis=1)))",0.12516856,0.9660938,0.7819446,0.2345233,0.91376644,0.3662648,0.31737494,0.24815874,0.27587846,0.28098834,0.3612685,0.9823334,0.45363694,0.5555951,0.3048163,0.38192904,0.6271485,0.3797389,0.31991485,0.33329886,0.3329658,0.4504504,0.32056236,0.5683724
"np.mean(np.square(7.94159990794229+array_x), axis=1)",0.0,0.81986433,0.23194146,2.2835407e-16,1.0,3.1695806e-16,1.661374e-08,1.9780441e-16,1.4155652e-16,4.2886565e-17,5.0485007e-09,0.9278259,0.45363694,0.5555951,0.3048163,0.38192904,0.6271485,0.3797389,0.31991485,0.33329886,0.3329658,0.4504504,0.32056236,0.5683724
"np.mean(np.square(8.03352359730129)*np.sqrt(abs(1.8332772867955773*array_x-8.18162695775032)), axis=1)+10*(np.sin(2*np.pi*np.mean(np.square(9.756158417431047)*np.sqrt(abs(5.243487796070185*array_x-6.54663822741807)), axis=1)))",0.19306046,0.94828516,0.78059304,0.12515144,0.8478632,0.18540734,0.07625154,0.06400619,0.13970044,0.17223674,0.06963861,0.97593296,0.45363694,0.5555951,0.3048163,0.38192904,0.6271485,0.3797389,0.31991485,0.33329886,0.3329658,0.4504504,0.32056236,0.5683724
"np.mean(np.square(8.049293663993048*np.log(abs(array_x))*1.1348954962223756/2.0880583383155056/np.sqrt(abs(array_x))-array_x+1.1214244007646548), axis=1)",0.2345024,0.67534035,0.31970146,0.47612795,0.44565645,0.19849448,0.02575718,0.02856624,0.058420323,0.50994337,0.0055431183,0.44686595,0.45363694,0.5555951,0.3048163,0.38192904,0.6271485,0.3797389,0.31991485,0.33329886,0.3329658,0.4504504,0.32056236,0.5683724
"np.mean(np.square(9.24891833802478-(np.array(range(1, array_x.shape[1]+1)))*array_x), axis=1)",0.43463627,0.8329796,0.2359431,0.055785064,0.81409687,0.04213584,0.0,0.0086096795,0.007832934,0.24889158,0.00090195064,0.6008717,0.45363694,0.5555951,0.3048163,0.38192904,0.6271485,0.3797389,0.31991485,0.33329886,0.3329658,0.4504504,0.32056236,0.5683724
"np.mean(np.square(9.260395056579569+array_x-np.log(abs(8.37772215076247))), axis=1)",4.5164425e-17,0.77243584,0.24788743,1.5448945e-16,0.96429545,1.9022475e-16,1.5572233e-08,9.093181e-17,1.943067e-16,0.0,6.5430665e-09,0.87782586,0.45363694,0.5555951,0.3048163,0.38192904,0.6271485,0.3797389,0.31991485,0.33329886,0.3329658,0.4504504,0.32056236,0.5683724
"np.mean(np.square(9.92549299434511)/3.7917021543732643+array_x-3.5655637258062285-np.sqrt(abs(2.0745447828920867)), axis=1)",0.0,0.9960257,0.2939295,7.857176e-16,0.9664033,7.7420685e-16,1.5705085e-08,3.741344e-16,3.741344e-16,0.0,1.2435457e-08,0.93971545,0.45363694,0.5555951,0.3048163,0.38192904,0.6271485,0.3797389,0.31991485,0.33329886,0.3329658,0.4504504,0.32056236,0.5683724
"np.mean(np.square(abs(8.715918503116175-array_x-array_x*np.square(1.0958954555524005)))+3.956809541403973*9.56318042662005+array_x*10*(2.856088966586354), axis=1)",0.92066574,0.12741092,0.0,0.10991276,0.42617053,0.1441917,0.001244604,0.038533,0.036888935,0.54218495,0.0016076987,0.23130117,0.45363694,0.5555951,0.3048163,0.38192904,0.6271485,0.3797389,0.31991485,0.33329886,0.3329658,0.4504504,0.32056236,0.5683724
"np.mean(np.square(abs(9.479249055644626)/(np.array(range(1, array_x.shape[1]+1)))*array_x+(np.array(range(1, array_x.shape[1]+1)))*array_x), axis=1)",1.0,0.21456362,0.0029568574,0.2412866,0.5089809,0.22737052,0.0014334109,0.03610144,0.029433921,0.7673586,0.00088244234,0.23325947,0.45363694,0.5555951,0.3048163,0.38192904,0.6271485,0.3797389,0.31991485,0.33329886,0.3329658,0.4504504,0.32056236,0.5683724
"np.mean(np.square(array_x)*3.1775532475892594/np.cos(2*np.pi*np.sqrt(abs(array_x)))/np.sin(2*np.pi*2.831424893116972), axis=1)",0.99999994,0.99929076,0.0,0.99999994,0.99999744,0.99999535,0.9999963,0.9999985,0.9999995,1.0,0.9999989,0.99984527,0.45363694,0.5555951,0.3048163,0.38192904,0.6271485,0.3797389,0.31991485,0.33329886,0.3329658,0.4504504,0.32056236,0.5683724
"np.mean(np.square(array_x)+1/(7.542789970211776+array_x), axis=1)+np.sin(2*np.pi*np.mean(np.square(array_x)+1/(5.750744972639374+array_x), axis=1))",0.47776568,0.36832884,0.36411387,0.11214857,0.84429884,0.30506018,0.002219351,0.11436993,0.05523364,0.266675,0.09092403,0.49710685,0.45363694,0.5555951,0.3048163,0.38192904,0.6271485,0.3797389,0.31991485,0.33329886,0.3329658,0.4504504,0.32056236,0.5683724
"np.mean(np.square(array_x)/1.6258356042908715-2.554027685232731/10*(array_x), axis=1)",0.9268415,0.12544432,0.0037509198,0.10540919,0.6226559,0.17995712,0.001195292,0.020990832,0.028950462,0.70017475,0.0015809794,0.37144995,0.45363694,0.5555951,0.3048163,0.38192904,0.6271485,0.3797389,0.31991485,0.33329886,0.3329658,0.4504504,0.32056236,0.5683724
"np.mean(np.square(array_x+10*(6.544800493774944)/10*(10*(1.8647351908137133+(np.array(range(1, array_x.shape[1]+1)))))), axis=1)",0.0,0.8917041,0.3489321,0.0,0.9837901,0.0,3.7515882e-08,0.0,0.0,0.0,5.2374856e-09,0.9499065,0.45363694,0.5555951,0.3048163,0.38192904,0.6271485,0.3797389,0.31991485,0.33329886,0.3329658,0.4504504,0.32056236,0.5683724
"np.mean(np.square(array_x+3.7568276262519698)+1.1375044663445766+np.cos(2*np.pi*np.square(3.6162100979173113)), axis=1)",0.014756318,0.46842247,0.036421973,0.0036273021,1.0,0.0037609187,1.3611709e-05,0.0005142003,0.0006202831,0.022170767,1.6351452e-05,0.71227056,0.45363694,0.5555951,0.3048163,0.38192904,0.6271485,0.3797389,0.31991485,0.33329886,0.3329658,0.4504504,0.32056236,0.5683724
"np.mean(np.square(array_x+7.125159304972235/1.3673248009653087), axis=1)+np.sin(2*np.pi*np.mean(np.square(array_x+6.61244244723415/1.7947610674868186), axis=1))",0.0117557375,0.9291944,0.4209985,0.031226432,0.9863283,0.027430827,0.033579525,0.028591562,0.031282198,0.043032486,0.050046783,0.96574426,0.45363694,0.5555951,0.3048163,0.38192904,0.6271485,0.3797389,0.31991485,0.33329886,0.3329658,0.4504504,0.32056236,0.5683724
"np.mean(np.square(array_x+8.333534913914178), axis=1)+np.sin(2*np.pi*np.mean(np.square(array_x+5.013549274949634), axis=1))",0.0,0.8744748,0.52083313,2.9630036e-16,0.9070403,5.9780414e-16,0.00015962821,2.4165662e-16,3.3065157e-16,0.0,0.022295598,0.9292281,0.45363694,0.5555951,0.3048163,0.38192904,0.6271485,0.3797389,0.31991485,0.33329886,0.3329658,0.4504504,0.32056236,0.5683724
"np.mean(np.square(array_x-2.1178235411972834)/4.208338682420199, axis=1)+10*(np.sin(2*np.pi*np.mean(np.square(array_x-6.420622022568229)/6.905889719889428, axis=1)))",0.2291623,0.7954687,0.6476164,0.20548965,0.5750369,0.011699765,0.22190502,0.21921621,0.20665443,0.21405247,0.28058624,0.7354316,0.45363694,0.5555951,0.3048163,0.38192904,0.6271485,0.3797389,0.31991485,0.33329886,0.3329658,0.4504504,0.32056236,0.5683724
"np.mean(np.square(array_x-2.8389289822492314), axis=1)",0.12169987,1.0,0.04993211,0.027020505,0.40860403,0.028042601,0.00016243507,0.0031805707,0.0023016618,0.1409919,0.00015706493,0.5694152,0.45363694,0.5555951,0.3048163,0.38192904,0.6271485,0.3797389,0.31991485,0.33329886,0.3329658,0.4504504,0.32056236,0.5683724
"np.mean(np.square(array_x-3.443310619810959)+5.0518388993231245/8.872058922190638*array_x*1.1831612735788932, axis=1)+10*(np.sin(2*np.pi*np.mean(np.square(array_x-6.446709426648597)+4.165248419083661/2.3353829824618217*array_x*4.885088134957435, axis=1)))",0.08627712,0.873145,0.63101506,0.04761175,0.6099909,0.06375199,0.019391632,0.033564843,0.044669054,0.10077147,0.036879983,0.98341286,0.45363694,0.5555951,0.3048163,0.38192904,0.6271485,0.3797389,0.31991485,0.33329886,0.3329658,0.4504504,0.32056236,0.5683724
"np.mean(np.square(array_x-4.57636846192036*8.168038970275786)*5.48672365606232, axis=1)",0.0,0.9869095,0.35094494,0.0,0.7457948,5.3856557e-16,1.322225e-07,0.0,0.0,0.0,1.4486213e-09,0.9280765,0.45363694,0.5555951,0.3048163,0.38192904,0.6271485,0.3797389,0.31991485,0.33329886,0.3329658,0.4504504,0.32056236,0.5683724
"np.mean(np.square(array_x-7.453976645654188+5.704015181999889)*np.sqrt(abs(8.203007474612091)), axis=1)",0.35137385,0.8269269,0.00784258,0.08161664,0.1778013,0.10292118,0.0,0.011202156,0.01464897,0.48277453,0.0025995704,0.20507637,0.45363694,0.5555951,0.3048163,0.38192904,0.6271485,0.3797389,0.31991485,0.33329886,0.3329658,0.4504504,0.32056236,0.5683724
"np.mean(np.square(array_x-7.6677030230456396)-array_x-2.4209537935986694-6.1291796976790565, axis=1)",0.0,0.9339609,0.31201953,0.0,0.89856404,0.0,6.0694276e-08,7.313772e-17,0.0,0.0,2.9247955e-09,1.0,0.45363694,0.5555951,0.3048163,0.38192904,0.6271485,0.3797389,0.31991485,0.33329886,0.3329658,0.4504504,0.32056236,0.5683724
"np.mean(np.square(array_x-array_x)+abs(np.exp(8.545516112213255))-9.1009254319531-array_x*5.689074727936041*np.log(abs(array_x/7.79453907724578)), axis=1)+10*(np.sin(2*np.pi*np.mean(np.square(array_x-array_x)+abs(np.exp(8.954998449522325))-3.015102555510635-array_x*8.388193338691126*np.log(abs(array_x/1.2912629050442768)), axis=1)))",0.036270987,0.64538753,0.6122533,0.026640506,1.0,0.019563828,0.022251938,0.04718132,0.43196926,0.046613693,0.02516486,0.6244582,0.45363694,0.5555951,0.3048163,0.38192904,0.6271485,0.3797389,0.31991485,0.33329886,0.3329658,0.4504504,0.32056236,0.5683724
"np.mean(np.square(array_x/1.6461813227249702)-1/(array_x), axis=1)",1.0,0.9769481,0.89900064,1.0,0.9996321,1.0,0.99999964,1.0,0.99999994,1.0,0.99999994,0.43403637,0.45363694,0.5555951,0.3048163,0.38192904,0.6271485,0.3797389,0.31991485,0.33329886,0.3329658,0.4504504,0.32056236,0.5683724
"np.mean(np.square(array_x/np.sqrt(abs(8.327905055150156)))-np.sqrt(abs(abs(6.136627151586474)*np.cumsum(np.cos(2*np.pi*6.1479873440292145)*np.square(array_x)-1.7064056940504666, axis=1))), axis=1)",1.93145e-08,0.86401075,0.011898355,3.852975e-10,0.6768007,4.3899942e-10,3.3556324e-07,1.32982176e-11,1.3850563e-11,1.665965e-08,4.7681672e-07,0.96535915,0.45363694,0.5555951,0.3048163,0.38192904,0.6271485,0.3797389,0.31991485,0.33329886,0.3329658,0.4504504,0.32056236,0.5683724
"np.mean(np.square(np.cos(2*np.pi*5.389277251361728))/2.16404174199063+array_x*10*(9.466536385708979)-np.log(abs(array_x))/7.805481124558216/4.488853676027048-(np.array(range(1, array_x.shape[1]+1)))+array_x+np.square(9.448781168927516), axis=1)+10*(np.sin(2*np.pi*np.mean(np.square(np.cos(2*np.pi*1.2498959969587329))/9.798524289659712+array_x*10*(5.977478449356155)-np.log(abs(array_x))/6.397201447495811/9.698936176390825-(np.array(range(1, array_x.shape[1]+1)))+array_x+np.square(2.8646719947880452), axis=1)))",0.0,0.89812803,0.5232532,0.003314613,0.97112644,0.0034423973,0.009112889,0.0030450749,0.0032795658,0.0,0.0038550012,0.88784397,0.45363694,0.5555951,0.3048163,0.38192904,0.6271485,0.3797389,0.31991485,0.33329886,0.3329658,0.4504504,0.32056236,0.5683724
"np.mean(np.square(np.cos(2*np.pi*8.127679651844645))/array_x, axis=1)+np.sin(2*np.pi*np.mean(np.square(np.cos(2*np.pi*7.032051723254924))/array_x, axis=1))",1.0,0.9793902,0.0,1.0,0.9988351,0.99999994,0.9999994,0.99999946,0.99999994,1.0,0.999999,0.6862704,0.45363694,0.5555951,0.3048163,0.38192904,0.6271485,0.3797389,0.31991485,0.33329886,0.3329658,0.4504504,0.32056236,0.5683724
"np.mean(np.square(np.cos(2*np.pi*array_x-array_x/np.sin(2*np.pi*-(4.388319180867322+array_x)))), axis=1)",0.6390114,0.28199506,0.0,0.6653205,0.4600587,0.58784634,0.59370613,0.6174073,0.867343,0.6572167,0.5788647,0.13956334,0.45363694,0.5555951,0.3048163,0.38192904,0.6271485,0.3797389,0.31991485,0.33329886,0.3329658,0.4504504,0.32056236,0.5683724
"np.mean(np.square(np.cos(2*np.pi*np.exp(6.519885504285627)))-np.exp(array_x*4.960877651593171*array_x), axis=1)+10*(np.sin(2*np.pi*np.mean(np.square(np.cos(2*np.pi*np.exp(5.136341195125286)))-np.exp(array_x*7.535552272276962*array_x), axis=1)))",0.0,0.9540132,0.8888889,0.0003979314,0.9996258,1.7228864e-06,0.7260426,0.052712448,0.11286076,3.743607e-10,0.7777778,1.0,0.45363694,0.5555951,0.3048163,0.38192904,0.6271485,0.3797389,0.31991485,0.33329886,0.3329658,0.4504504,0.32056236,0.5683724
"np.mean(np.square(np.cos(2*np.pi*np.sqrt(abs(np.sqrt(abs(np.log(abs(array_x)))))))), axis=1)",0.89716536,0.036351725,0.20447576,0.57865334,0.19910446,0.64868987,0.29156485,0.6166507,0.49684465,0.741071,0.22812705,0.030943912,0.45363694,0.5555951,0.3048163,0.38192904,0.6271485,0.3797389,0.31991485,0.33329886,0.3329658,0.4504504,0.32056236,0.5683724
"np.mean(np.square(np.exp(2.0601793088627076)*2.3302239676597605-array_x-1/(7.135939992646278)), axis=1)",0.0,0.88920355,0.21391648,0.0,0.8225433,0.0,2.5633087e-08,0.0,0.0,0.0,1.7719781e-09,1.0,0.45363694,0.5555951,0.3048163,0.38192904,0.6271485,0.3797389,0.31991485,0.33329886,0.3329658,0.4504504,0.32056236,0.5683724
"np.mean(np.square(np.exp(5.15369050497082)*np.cos(2*np.pi*np.sqrt(abs(1/(np.round(array_x-8.036692661881682)))))), axis=1)",0.0,0.79209995,0.35973343,0.0,0.97408473,0.0,0.0,0.0,0.0,0.0,0.0,0.905285,0.45363694,0.5555951,0.3048163,0.38192904,0.6271485,0.3797389,0.31991485,0.33329886,0.3329658,0.4504504,0.32056236,0.5683724
"np.mean(np.square(np.exp(6.039159435409203)*np.exp(np.sin(2*np.pi*array_x))-5.6432404540106), axis=1)+np.sin(2*np.pi*np.mean(np.square(np.exp(7.364024542119182)*np.exp(np.sin(2*np.pi*array_x))-7.229228955441904), axis=1))",0.98795444,0.019880155,0.0,0.68427,0.06881022,0.5518716,0.08610849,0.24833196,0.17221835,0.68887544,0.11965408,0.049659617,0.45363694,0.5555951,0.3048163,0.38192904,0.6271485,0.3797389,0.31991485,0.33329886,0.3329658,0.4504504,0.32056236,0.5683724
"np.mean(np.square(np.exp(7.095797396832903)-np.round(8.140441629135674-np.sqrt(abs(array_x)))), axis=1)",0.5,0.41666666,0.6666667,0.0,0.6666667,0.0,0.0,0.125,0.083333336,0.41666666,0.0,0.6666667,0.45363694,0.5555951,0.3048163,0.38192904,0.6271485,0.3797389,0.31991485,0.33329886,0.3329658,0.4504504,0.32056236,0.5683724
"np.mean(np.square(np.exp(9.269498244232299-2.6004986483646038*array_x)*1.1451150770842653), axis=1)+np.sin(2*np.pi*np.mean(np.square(np.exp(3.7989628482003797-2.206784280413149*array_x)*5.395447583028607), axis=1))",0.0,1.0,0.003709843,9.406838e-22,0.05013716,2.5549922e-22,6.4891994e-14,1.5518507e-22,4.313474e-22,2.055919e-22,4.09901e-14,0.054508965,0.45363694,0.5555951,0.3048163,0.38192904,0.6271485,0.3797389,0.31991485,0.33329886,0.3329658,0.4504504,0.32056236,0.5683724
"np.mean(np.square(np.exp(9.774689895031424))+np.cos(2*np.pi*np.sqrt(abs(array_x-4.452216958428952))+np.square(np.log(abs(1.2859934946933238)))-array_x), axis=1)",0.94514257,0.04161079,0.0,0.3848647,0.10976062,0.3281591,0.008944917,0.03592952,0.05358451,1.0,0.014626152,0.02601541,0.45363694,0.5555951,0.3048163,0.38192904,0.6271485,0.3797389,0.31991485,0.33329886,0.3329658,0.4504504,0.32056236,0.5683724
"np.mean(np.square(np.exp(abs(np.exp(array_x/3.0184274833876783)-10*(array_x-3.1544588137108307-1.9672655898937257-5.545179574423634-5.032349316595032)))), axis=1)+10*(np.sin(2*np.pi*np.mean(np.square(np.exp(abs(np.exp(array_x/9.308465406091676)-10*(array_x-2.268489088933294-6.708216805645545-2.6886166565597276-8.064420805173288)))), axis=1)))",0.0,1.0,1.9521875e-09,2.2e-44,1.554494e-06,1e-44,2.673241e-36,0.0,3e-45,0.0,2.241854e-37,0.015856469,0.45363694,0.5555951,0.3048163,0.38192904,0.6271485,0.3797389,0.31991485,0.33329886,0.3329658,0.4504504,0.32056236,0.5683724
"np.mean(np.square(np.exp(array_x)*np.cos(2*np.pi*2.217645754196291*(np.array(range(1, array_x.shape[1]+1)))*array_x)/array_x/6.003357903831866+4.7628819196492955), axis=1)",0.40674052,0.5469539,0.5950658,0.53723,0.96979356,0.615911,0.4079365,0.6148065,0.34328622,0.3213136,0.62917244,0.32295734,0.45363694,0.5555951,0.3048163,0.38192904,0.6271485,0.3797389,0.31991485,0.33329886,0.3329658,0.4504504,0.32056236,0.5683724
"np.mean(np.square(np.exp(array_x-3.8542250210733284*1.136306139909995)-1.2944450386324058)-6.2634758991394355, axis=1)",0.05622746,0.87341255,0.58128136,0.2741897,0.9155595,0.26421478,0.16867313,0.25871843,0.17630118,0.28541583,0.0,0.9972283,0.45363694,0.5555951,0.3048163,0.38192904,0.6271485,0.3797389,0.31991485,0.33329886,0.3329658,0.4504504,0.32056236,0.5683724
"np.mean(np.square(np.exp(array_x-4.295744499944193)), axis=1)+10*(np.sin(2*np.pi*np.mean(np.square(np.exp(array_x-4.988150988679392)), axis=1)))",1.478513e-18,0.5263708,0.06799781,7.6784576e-19,0.9524379,6.57159e-18,4.7935633e-10,1.1481295e-18,1.7359975e-18,5.7365446e-19,4.193649e-10,0.88196737,0.45363694,0.5555951,0.3048163,0.38192904,0.6271485,0.3797389,0.31991485,0.33329886,0.3329658,0.4504504,0.32056236,0.5683724
"np.mean(np.square(np.exp(np.round(array_x))), axis=1)",0.0,0.37055644,0.14434804,0.0,1.0,0.0,0.0,0.0,0.0,0.0,0.0,0.46683347,0.45363694,0.5555951,0.3048163,0.38192904,0.6271485,0.3797389,0.31991485,0.33329886,0.3329658,0.4504504,0.32056236,0.5683724
"np.mean(np.square(np.exp(np.round(np.sin(2*np.pi*np.square(np.sqrt(abs(np.sin(2*np.pi*8.059794937083664)))-np.exp(np.round(array_x+array_x))))))), axis=1)+10*(np.sin(2*np.pi*np.mean(np.square(np.exp(np.round(np.sin(2*np.pi*np.square(np.sqrt(abs(np.sin(2*np.pi*8.42745815068103)))-np.exp(np.round(array_x+array_x))))))), axis=1)))",0.060849838,0.17785124,0.7821868,0.06726542,0.6147589,0.15504096,0.21823013,0.25017127,0.31747887,0.1181006,0.3099553,0.30230933,0.45363694,0.5555951,0.3048163,0.38192904,0.6271485,0.3797389,0.31991485,0.33329886,0.3329658,0.4504504,0.32056236,0.5683724
"np.mean(np.square(np.exp(np.sin(2*np.pi*np.log(abs(array_x-np.cos(2*np.pi*array_x*1.5135409540023113-2.8741494727008363)))))), axis=1)+np.sin(2*np.pi*np.mean(np.square(np.exp(np.sin(2*np.pi*np.log(abs(array_x-np.cos(2*np.pi*array_x*3.7101702156617016-3.4989965359889306)))))), axis=1))",0.3237011,0.124246486,0.0,0.74863654,0.57281977,0.43122318,0.4246171,0.47151572,0.2741311,0.69438875,0.43342045,0.27268612,0.45363694,0.5555951,0.3048163,0.38192904,0.6271485,0.3797389,0.31991485,0.33329886,0.3329658,0.4504504,0.32056236,0.5683724
"np.mean(np.square(np.log(abs(1/(3.834452959042448-np.exp(3.777996852063165+array_x))+8.674657857488798))), axis=1)",0.93821824,0.3176492,0.07602707,0.6309274,0.8060943,0.74692166,0.32132262,0.57140857,0.49215028,0.98873085,0.61040574,0.61052203,0.45363694,0.5555951,0.3048163,0.38192904,0.6271485,0.3797389,0.31991485,0.33329886,0.3329658,0.4504504,0.32056236,0.5683724
"np.mean(np.square(np.log(abs(3.6150086191150788+array_x+1.2379667311095548))), axis=1)",0.081478,0.6750957,0.2106431,0.017464207,1.0,0.022847313,0.00022360291,0.0042469376,0.0023718155,0.09406252,0.0,0.7452526,0.45363694,0.5555951,0.3048163,0.38192904,0.6271485,0.3797389,0.31991485,0.33329886,0.3329658,0.4504504,0.32056236,0.5683724
"np.mean(np.square(np.log(abs(4.035359680230996+np.exp((np.array(range(1, array_x.shape[1]+1))))))*np.round(np.log(abs(array_x+array_x*6.997680364451145)))), axis=1)",0.7416996,0.35291025,0.26481876,0.30373895,0.9572504,0.16830419,0.0467641,0.2428471,0.17553283,0.66663176,0.016446909,0.4067506,0.45363694,0.5555951,0.3048163,0.38192904,0.6271485,0.3797389,0.31991485,0.33329886,0.3329658,0.4504504,0.32056236,0.5683724
"np.mean(np.square(np.log(abs(4.302391295058481))+np.round(array_x)), axis=1)",0.024608968,0.1569096,0.17344087,0.0,0.99300474,0.0,0.0,0.0,0.0,0.021283492,0.0,0.6558586,0.45363694,0.5555951,0.3048163,0.38192904,0.6271485,0.3797389,0.31991485,0.33329886,0.3329658,0.4504504,0.32056236,0.5683724
"np.mean(np.square(np.log(abs(array_x)))*np.sin(2*np.pi*9.991161269090146)/array_x/array_x, axis=1)",1.0,0.8279069,0.9999913,1.0,1.0,1.0,1.0,1.0,1.0,1.0,1.0,0.94812876,0.45363694,0.5555951,0.3048163,0.38192904,0.6271485,0.3797389,0.31991485,0.33329886,0.3329658,0.4504504,0.32056236,0.5683724
"np.mean(np.square(np.log(abs(np.log(abs(4.0634568799720014)))))+np.square(3.2380477562763037)/10*(array_x)+np.cos(2*np.pi*(np.array(range(1, array_x.shape[1]+1)))), axis=1)+np.sin(2*np.pi*np.mean(np.square(np.log(abs(np.log(abs(2.1735312274128473)))))+np.square(1.7989245986178317)/10*(array_x)+np.cos(2*np.pi*(np.array(range(1, array_x.shape[1]+1)))), axis=1))",0.1838863,1.326468e-06,0.0,0.33777845,8.086907e-07,0.17150156,0.02002932,0.0074896505,0.035651226,0.14760381,0.045329764,3.9106763e-07,0.45363694,0.5555951,0.3048163,0.38192904,0.6271485,0.3797389,0.31991485,0.33329886,0.3329658,0.4504504,0.32056236,0.5683724
"np.mean(np.square(np.log(abs(np.sqrt(abs(2.207838990974807)))))/np.sin(2*np.pi*array_x-8.562451107529345)-np.sin(2*np.pi*9.690371723441219)-np.exp(2.531604455179851), axis=1)",0.9999859,0.99994975,0.0,0.99999464,0.99994624,0.9999968,0.99998826,0.99999017,0.9999814,1.0,0.99999815,0.99967426,0.45363694,0.5555951,0.3048163,0.38192904,0.6271485,0.3797389,0.31991485,0.33329886,0.3329658,0.4504504,0.32056236,0.5683724
"np.mean(np.square(np.round(1.4389281470247717-array_x-np.sqrt(abs(5.971551098160839)))), axis=1)",0.15555556,0.53333336,0.1625,0.0,1.0,0.0,0.0,0.0,0.0,0.2777778,0.0,0.5833333,0.45363694,0.5555951,0.3048163,0.38192904,0.6271485,0.3797389,0.31991485,0.33329886,0.3329658,0.4504504,0.32056236,0.5683724
"np.mean(np.square(np.round(3.4676295457674193))*4.753128335575191-array_x+5.550735435926079, axis=1)+10*(np.sin(2*np.pi*np.mean(np.square(np.round(8.058230321110177))*2.7081651127758732-array_x+3.4424786484201277, axis=1)))",6.7056667e-06,0.99995905,0.999971,0.7499676,0.99995905,0.58331937,0.9999502,0.9999371,0.9999753,0.0005672733,0.9999401,0.9999343,0.45363694,0.5555951,0.3048163,0.38192904,0.6271485,0.3797389,0.31991485,0.33329886,0.3329658,0.4504504,0.32056236,0.5683724
"np.mean(np.square(np.round(array_x))+1.4072435834191643/4.229542421642525, axis=1)",0.5,0.5,0.75,0.0,1.0,0.0,0.0,0.0,0.0,0.5,0.0,0.5,0.45363694,0.5555951,0.3048163,0.38192904,0.6271485,0.3797389,0.31991485,0.33329886,0.3329658,0.4504504,0.32056236,0.5683724
"np.mean(np.square(np.round(array_x+np.square(4.863193136892276)/5.093054683818357))/array_x+1.9170202586414535*4.083702064564657+4.790744436470454*array_x+5.228110790318259-8.393782824994723, axis=1)",1.0,0.99197763,0.0,0.9999999,0.997977,0.99999994,0.9999903,0.99999994,0.9999999,1.0,0.99999946,0.99589014,0.45363694,0.5555951,0.3048163,0.38192904,0.6271485,0.3797389,0.31991485,0.33329886,0.3329658,0.4504504,0.32056236,0.5683724
"np.mean(np.square(np.round(array_x-array_x/10*(2.465687400882008)/array_x)/array_x)+np.log(abs(np.cos(2*np.pi*array_x)/9.969426646822871)), axis=1)",0.9573454,0.15788147,0.0,0.96207964,0.45846754,0.96403867,0.81806153,0.8191607,0.8043779,0.97219473,0.8152837,0.48821568,0.45363694,0.5555951,0.3048163,0.38192904,0.6271485,0.3797389,0.31991485,0.33329886,0.3329658,0.4504504,0.32056236,0.5683724
"np.mean(np.square(np.round(array_x/8.584096485388951)/np.exp(3.1189849158943637)-np.square(4.718944670906408+array_x-9.254983481411573)), axis=1)+10*(np.sin(2*np.pi*np.mean(np.square(np.round(array_x/6.873469363358575)/np.exp(5.723332213497439)-np.square(6.386339539309616+array_x-7.183303074743391)), axis=1)))",0.000105870604,1.0,0.25645128,7.544921e-05,0.51088285,7.489638e-05,0.0013800318,2.9808276e-05,8.679485e-05,8.914788e-05,0.0011396535,0.9229468,0.45363694,0.5555951,0.3048163,0.38192904,0.6271485,0.3797389,0.31991485,0.33329886,0.3329658,0.4504504,0.32056236,0.5683724
"np.mean(np.square(np.round(np.round(3.253175652816238)/5.262115457213648-array_x-np.sin(2*np.pi*4.728474024383951))), axis=1)",0.29166666,1.0,0.29166666,0.0,0.16666667,0.0,0.0,0.0,0.0,0.16666667,0.0,0.5,0.45363694,0.5555951,0.3048163,0.38192904,0.6271485,0.3797389,0.31991485,0.33329886,0.3329658,0.4504504,0.32056236,0.5683724
"np.mean(np.square(np.sin(2*np.pi*2.015693290963103/array_x))/np.square(array_x)*5.470540908801899+array_x, axis=1)+np.sin(2*np.pi*np.mean(np.square(np.sin(2*np.pi*4.559658397176111/array_x))/np.square(array_x)*1.4282411674022657+array_x, axis=1))",0.045870252,0.8402118,0.8154554,0.54918116,0.919053,0.42018992,0.64226323,0.6374081,0.5982101,0.058484554,0.6641101,0.98744804,0.45363694,0.5555951,0.3048163,0.38192904,0.6271485,0.3797389,0.31991485,0.33329886,0.3329658,0.4504504,0.32056236,0.5683724
"np.mean(np.square(np.sin(2*np.pi*5.047732310811249)+np.sin(2*np.pi*abs(10*(array_x))/np.square(3.681696530537991))), axis=1)",0.9303111,0.05621953,0.021390026,0.654742,0.27223346,0.7375325,0.24451134,0.292475,0.4214975,0.94626236,0.37873518,0.035661474,0.45363694,0.5555951,0.3048163,0.38192904,0.6271485,0.3797389,0.31991485,0.33329886,0.3329658,0.4504504,0.32056236,0.5683724
"np.mean(np.square(np.sin(2*np.pi*5.589680018899851)-array_x)+np.sin(2*np.pi*8.191113391220188), axis=1)+np.sin(2*np.pi*np.mean(np.square(np.sin(2*np.pi*4.611543924144396)-array_x)+np.sin(2*np.pi*2.3677101413603507), axis=1))",0.80365956,0.9617615,0.9202627,0.5353795,0.9495926,0.35508928,0.8941651,0.8945335,0.6059228,0.83690536,0.5480658,0.9214956,0.45363694,0.5555951,0.3048163,0.38192904,0.6271485,0.3797389,0.31991485,0.33329886,0.3329658,0.4504504,0.32056236,0.5683724
"np.mean(np.square(np.sin(2*np.pi*5.870005466603158))/np.sin(2*np.pi*array_x-4.526479477178257), axis=1)",0.9999311,0.9996294,0.0,0.9991167,0.9988791,0.99993056,0.9998627,0.999905,0.9997876,0.9999595,0.9999319,0.99991494,0.45363694,0.5555951,0.3048163,0.38192904,0.6271485,0.3797389,0.31991485,0.33329886,0.3329658,0.4504504,0.32056236,0.5683724
"np.mean(np.square(np.sin(2*np.pi*6.3487656023644155*4.046205423889219+array_x)), axis=1)",0.94951296,0.0301232,0.0,0.20283224,0.14539473,0.12828745,0.007488938,0.030761953,0.030661866,0.86325896,0.005285158,0.09571924,0.45363694,0.5555951,0.3048163,0.38192904,0.6271485,0.3797389,0.31991485,0.33329886,0.3329658,0.4504504,0.32056236,0.5683724
"np.mean(np.square(np.sin(2*np.pi*array_x)), axis=1)",0.85611874,0.06590981,0.0,0.7457382,0.22504875,0.609199,0.33191076,0.38639337,0.5594512,0.69205,0.35145897,0.058380093,0.45363694,0.5555951,0.3048163,0.38192904,0.6271485,0.3797389,0.31991485,0.33329886,0.3329658,0.4504504,0.32056236,0.5683724
"np.mean(np.square(np.sin(2*np.pi*np.exp(3.8657543780525696)+(np.array(range(1, array_x.shape[1]+1)))*array_x-1.0425855144730463)), axis=1)",0.95561284,0.07457838,0.0,0.6488875,0.07615299,0.70240635,0.2666899,0.3050396,0.45280573,0.8106922,0.33289826,0.056630306,0.45363694,0.5555951,0.3048163,0.38192904,0.6271485,0.3797389,0.31991485,0.33329886,0.3329658,0.4504504,0.32056236,0.5683724
"np.mean(np.square(np.sin(2*np.pi*np.sin(2*np.pi*4.948550609074578)+array_x*2.7265928819281227-(np.array(range(1, array_x.shape[1]+1)))/8.750593302059084)+np.log(abs(array_x*4.883063968254117-array_x))), axis=1)",0.93381584,0.25345492,0.38513163,0.4662382,0.35370362,0.44436923,0.26647967,0.5608711,0.4134457,0.8931958,0.18121117,0.3861513,0.45363694,0.5555951,0.3048163,0.38192904,0.6271485,0.3797389,0.31991485,0.33329886,0.3329658,0.4504504,0.32056236,0.5683724
"np.mean(np.square(np.sin(2*np.pi*np.square(array_x))), axis=1)",0.7216717,0.091380626,0.0,0.67870355,0.21184333,0.43653417,0.5149012,0.54363906,0.58573586,0.60979694,0.49053305,0.07005146,0.45363694,0.5555951,0.3048163,0.38192904,0.6271485,0.3797389,0.31991485,0.33329886,0.3329658,0.4504504,0.32056236,0.5683724
"np.mean(np.square(np.sqrt(abs(4.528422676567789-array_x-1.4725268675039227+2.623043176951633))-8.3550600870078+array_x-np.square(np.cos(2*np.pi*array_x))), axis=1)",0.10592016,0.92573607,0.49736908,0.015165615,0.8322883,0.015628943,0.05995126,0.023005357,0.008829937,0.115522966,0.03366014,1.0,0.45363694,0.5555951,0.3048163,0.38192904,0.6271485,0.3797389,0.31991485,0.33329886,0.3329658,0.4504504,0.32056236,0.5683724
"np.mean(np.square(np.sqrt(abs(9.807036552103305))*(np.array(range(1, array_x.shape[1]+1)))*array_x/(np.array(range(1, array_x.shape[1]+1)))*array_x+3.0207617848716075-(np.array(range(1, array_x.shape[1]+1)))*array_x), axis=1)",0.7673966,0.12527095,0.00519724,0.1878103,0.27268338,0.1448942,0.0045717536,0.03057618,0.029168902,0.9237134,0.0013548062,0.0964274,0.45363694,0.5555951,0.3048163,0.38192904,0.6271485,0.3797389,0.31991485,0.33329886,0.3329658,0.4504504,0.32056236,0.5683724
"np.mean(np.square(np.sqrt(abs(array_x))+array_x), axis=1)",0.6927019,0.1884294,0.017518971,0.15615243,0.8257686,0.14292707,0.0058439462,0.027983239,0.03606412,0.5406106,0.00021448966,0.16171558,0.45363694,0.5555951,0.3048163,0.38192904,0.6271485,0.3797389,0.31991485,0.33329886,0.3329658,0.4504504,0.32056236,0.5683724
"np.mean(np.square(np.sqrt(abs(array_x))-array_x*2.3678902139827-np.sqrt(abs(5.239270904473125))), axis=1)",0.74436766,0.12963818,0.0039498615,0.09485718,0.8205512,0.124455936,0.0,0.012169097,0.0137712695,0.49426252,0.007735764,0.27835426,0.45363694,0.5555951,0.3048163,0.38192904,0.6271485,0.3797389,0.31991485,0.33329886,0.3329658,0.4504504,0.32056236,0.5683724
"np.mean(np.square(np.sqrt(abs(np.round(np.sqrt(abs(4.844031364776528)))))-array_x)+9.536209669275065, axis=1)",0.6601362,0.46807352,0.0020945263,0.1195927,0.21989682,0.107869975,0.0032558567,0.01530074,0.015341015,0.7445365,0.00062046875,0.040882315,0.45363694,0.5555951,0.3048163,0.38192904,0.6271485,0.3797389,0.31991485,0.33329886,0.3329658,0.4504504,0.32056236,0.5683724
"np.mean(np.square(np.square(2.669937864506164-5.183821352576453*array_x)*2.4538006929906047), axis=1)",0.42554212,0.0187981,0.000583088,0.017176852,0.077489756,0.032951917,5.2525666e-05,0.00072493777,0.00051519775,0.46909037,8.759887e-07,0.09045013,0.45363694,0.5555951,0.3048163,0.38192904,0.6271485,0.3797389,0.31991485,0.33329886,0.3329658,0.4504504,0.32056236,0.5683724
"np.mean(np.square(np.square(2.879583031850415+array_x*8.209783808663127*array_x)), axis=1)",0.14163713,0.076526016,3.323802e-05,0.015646422,0.830809,0.023426255,0.00020758242,0.0019052891,0.0022212502,0.33531228,0.00021986313,0.13854976,0.45363694,0.5555951,0.3048163,0.38192904,0.6271485,0.3797389,0.31991485,0.33329886,0.3329658,0.4504504,0.32056236,0.5683724
"np.mean(np.square(np.square(5.499786254578081+array_x)), axis=1)",2.6709927e-18,0.4778445,0.05916093,1.1145668e-17,1.0,1.0001814e-17,5.210023e-10,5.0013846e-18,3.4808393e-18,8.757622e-19,4.5040744e-09,0.8884645,0.45363694,0.5555951,0.3048163,0.38192904,0.6271485,0.3797389,0.31991485,0.33329886,0.3329658,0.4504504,0.32056236,0.5683724
"np.mean(np.square(np.square(5.788968226712791*np.square(array_x)-6.750490958080227)), axis=1)+10*(np.sin(2*np.pi*np.mean(np.square(np.square(3.1103669462461387*np.square(array_x)-8.324497097065867)), axis=1)))",0.86071485,0.15138082,0.022139695,0.11050136,0.15228456,0.1893933,0.0034106714,0.016720934,0.005344176,0.8694984,0.0010492548,0.19568704,0.45363694,0.5555951,0.3048163,0.38192904,0.6271485,0.3797389,0.31991485,0.33329886,0.3329658,0.4504504,0.32056236,0.5683724
"np.mean(np.square(np.square(array_x-2.1784675022947617*1.5072481638389497)/np.square(4.4589571695709855+array_x*7.209299282062187))+10*(np.log(abs((np.array(range(1, array_x.shape[1]+1)))-9.887721005502284))), axis=1)+np.sin(2*np.pi*np.mean(np.square(np.square(array_x-2.291465272203665*4.301755951177666)/np.square(4.043418455889896+array_x*4.7965354997876215))+10*(np.log(abs((np.array(range(1, array_x.shape[1]+1)))-2.9473298711056484))), axis=1))",0.03600295,0.957842,0.4578736,0.20834392,0.7318381,0.0026929688,0.3357463,0.20182396,0.17534775,0.03849048,0.1587334,0.817828,0.45363694,0.5555951,0.3048163,0.38192904,0.6271485,0.3797389,0.31991485,0.33329886,0.3329658,0.4504504,0.32056236,0.5683724
"np.mean(np.square(np.square(np.exp(array_x)-7.9843387732126105)), axis=1)+np.sin(2*np.pi*np.mean(np.square(np.square(np.exp(array_x)-4.375715447645223)), axis=1))",0.16660184,0.88509107,0.1089378,0.013057776,0.6388362,0.009071105,3.369596e-05,0.0009155876,0.0014958297,0.19034816,6.52825e-05,0.47497603,0.45363694,0.5555951,0.3048163,0.38192904,0.6271485,0.3797389,0.31991485,0.33329886,0.3329658,0.4504504,0.32056236,0.5683724
"np.mean(np.square(np.square(np.log(abs(7.043735148690873))/np.sqrt(abs(3.716382071078245))-2.0457943846128765/array_x)), axis=1)+np.sin(2*np.pi*np.mean(np.square(np.square(np.log(abs(3.1951938928253996))/np.sqrt(abs(5.883958035460857))-2.016576191809898/array_x)), axis=1))",0.41016203,0.7396926,0.55631846,0.25044107,0.7652535,0.07695884,0.24116564,0.3745147,0.39673558,0.3738652,0.20492195,1.0,0.45363694,0.5555951,0.3048163,0.38192904,0.6271485,0.3797389,0.31991485,0.33329886,0.3329658,0.4504504,0.32056236,0.5683724
"np.mean(np.square(np.square(np.round(2.6279597477307113))+np.log(abs(np.square(array_x))))+6.952588528186786, axis=1)",1.0,0.51646864,0.1690839,0.3646968,0.3649952,0.4705123,0.016202968,0.16078009,0.14640827,0.85764015,0.01634241,0.4060575,0.45363694,0.5555951,0.3048163,0.38192904,0.6271485,0.3797389,0.31991485,0.33329886,0.3329658,0.4504504,0.32056236,0.5683724
"np.mean(np.square(np.square(np.round(np.exp(array_x*array_x))))-2.3761178210112153, axis=1)",0.011538462,0.0,0.0,0.0,0.9634146,0.0,0.0,0.0,0.0,0.0,0.0,0.23251748,0.45363694,0.5555951,0.3048163,0.38192904,0.6271485,0.3797389,0.31991485,0.33329886,0.3329658,0.4504504,0.32056236,0.5683724
"np.mean(np.square(np.square(np.sin(2*np.pi*3.9362255198476332)+array_x*9.799515361797754+array_x))/2.0068801482006653, axis=1)+np.sin(2*np.pi*np.mean(np.square(np.square(np.sin(2*np.pi*7.6357057110762225)+array_x*7.516046706918119+array_x))/3.5712635966271793, axis=1))",0.8849219,0.019721054,0.0032550502,0.0306916,0.6817845,0.044881556,0.00021254984,0.0036353895,0.0015911481,0.5307277,1.5499698e-05,0.05303945,0.45363694,0.5555951,0.3048163,0.38192904,0.6271485,0.3797389,0.31991485,0.33329886,0.3329658,0.4504504,0.32056236,0.5683724
"np.mean(np.square(np.square(np.sin(2*np.pi*5.344262727772986))*5.620307655307448*array_x-np.round(array_x)), axis=1)",0.94531673,0.2948002,0.0943204,0.20280273,0.50836414,0.2620695,0.00065849687,0.03594519,0.03040665,0.68092257,0.005640404,0.37285262,0.45363694,0.5555951,0.3048163,0.38192904,0.6271485,0.3797389,0.31991485,0.33329886,0.3329658,0.4504504,0.32056236,0.5683724
"np.mean(np.square(np.square(np.square(9.728268146045306)*np.cos(2*np.pi*10*(array_x)))+6.180165584738331), axis=1)",0.417426,0.23269443,0.0,0.49776858,0.22346821,0.39672706,0.3616127,0.24451825,0.3106212,0.74984694,0.433617,0.39229313,0.45363694,0.5555951,0.3048163,0.38192904,0.6271485,0.3797389,0.31991485,0.33329886,0.3329658,0.4504504,0.32056236,0.5683724
"np.mean(np.square(np.square(np.square(np.exp((np.array(range(1, array_x.shape[1]+1)))+(np.array(range(1, array_x.shape[1]+1)))*array_x))))-6.437198834654965, axis=1)",0.0,3.4318867e-11,1.6667935e-24,0.0,1.0,0.0,0.0,0.0,0.0,0.0,0.0,0.14965157,0.45363694,0.5555951,0.3048163,0.38192904,0.6271485,0.3797389,0.31991485,0.33329886,0.3329658,0.4504504,0.32056236,0.5683724
"np.prod(-(np.cumsum(array_x, axis=1)), axis=1)",3.0593903e-06,0.9873863,0.54333866,7.135284e-08,0.9691402,5.168323e-09,4.203478e-06,1.5768824e-09,0.0,1.3904676e-06,1.3287616e-06,0.9625807,0.45363694,0.5555951,0.3048163,0.38192904,0.6271485,0.3797389,0.31991485,0.33329886,0.3329658,0.4504504,0.32056236,0.5683724
"np.prod(1/(1.6093245994885002-array_x+6.736039828836375/4.242054612032017), axis=1)+np.sin(2*np.pi*np.prod(1/(2.1187843188420743-array_x+8.813075761267541/3.169287766846186), axis=1))",1.0,0.991423,0.0,1.0,0.99940276,1.0,0.99994093,0.9999998,1.0,1.0,0.99999994,0.99977934,0.45363694,0.5555951,0.3048163,0.38192904,0.6271485,0.3797389,0.31991485,0.33329886,0.3329658,0.4504504,0.32056236,0.5683724
"np.prod(1/(6.487707261203744-np.square(array_x))+7.97100544316505, axis=1)",1.0,0.995555,0.0,0.99999964,0.9999624,0.99999994,0.999996,0.99999976,0.9999997,0.99999994,0.99999636,0.99992204,0.45363694,0.5555951,0.3048163,0.38192904,0.6271485,0.3797389,0.31991485,0.33329886,0.3329658,0.4504504,0.32056236,0.5683724
"np.prod(3.7601679482556416*array_x-4.719967861633252-array_x+4.676063668964464/4.767633055777269, axis=1)",1.119225e-15,0.94987816,0.25669777,1.6376095e-15,0.9210933,2.7496197e-15,1.2954356e-08,9.364915e-16,3.4657605e-16,2.4696492e-16,3.5072205e-08,0.9736819,0.45363694,0.5555951,0.3048163,0.38192904,0.6271485,0.3797389,0.31991485,0.33329886,0.3329658,0.4504504,0.32056236,0.5683724
"np.prod(4.558175824268739+np.sqrt(abs(array_x/2.9102369842224425)), axis=1)",0.9338512,0.26612425,0.04781202,0.49278584,0.49035633,0.52234435,0.069534734,0.2600974,0.21169789,1.0,0.0,0.22385542,0.45363694,0.5555951,0.3048163,0.38192904,0.6271485,0.3797389,0.31991485,0.33329886,0.3329658,0.4504504,0.32056236,0.5683724
"np.prod(5.879360928333507-np.sqrt(abs((np.array(range(1, array_x.shape[1]+1)))*array_x+(np.array(range(1, array_x.shape[1]+1))))), axis=1)",0.95409435,0.6253052,0.30784622,0.6228228,0.76474273,0.68026173,0.16615061,0.4335023,0.47447783,0.96362174,0.0,0.7216438,0.45363694,0.5555951,0.3048163,0.38192904,0.6271485,0.3797389,0.31991485,0.33329886,0.3329658,0.4504504,0.32056236,0.5683724
"np.prod(6.974521699747314-array_x/4.061528718687795+6.64968686895022*np.log(abs(4.154033201741588)), axis=1)+np.sin(2*np.pi*np.prod(2.3029801639362755-array_x/5.225033090860465+8.162566672828898*np.log(abs(9.26832644704173)), axis=1))",2.8113884e-16,0.93929064,0.33932367,8.502728e-15,0.8254123,4.457804e-14,2.4691227e-08,1.8906816e-14,1.2515251e-14,1.7971222e-14,3.4438719e-09,1.0,0.45363694,0.5555951,0.3048163,0.38192904,0.6271485,0.3797389,0.31991485,0.33329886,0.3329658,0.4504504,0.32056236,0.5683724
"np.prod(8.036776488529542*array_x*9.250441599146786, axis=1)-np.round(np.cos(2*np.pi*2.776525377243524))",9.552593e-17,0.97476155,0.025597459,2.585305e-15,0.95002276,2.0120268e-15,1.1113852e-08,8.4043927e-16,3.8586896e-16,1.3531093e-15,2.2752511e-08,0.9338956,0.45363694,0.5555951,0.3048163,0.38192904,0.6271485,0.3797389,0.31991485,0.33329886,0.3329658,0.4504504,0.32056236,0.5683724
"np.prod(array_x*array_x-array_x/6.920823262077896, axis=1)",0.9554639,0.998275,0.76800245,0.03098672,0.9997259,0.05895309,0.0006711799,0.0010915458,0.056160167,0.32924366,0.056262996,0.9965668,0.45363694,0.5555951,0.3048163,0.38192904,0.6271485,0.3797389,0.31991485,0.33329886,0.3329658,0.4504504,0.32056236,0.5683724
"np.prod(array_x+8.985535363705075+8.461035610854983, axis=1)",8.664381e-17,0.80342466,0.20901129,2.5764585e-16,0.90630025,2.7952135e-16,4.6034514e-09,2.4200425e-16,6.1393014e-17,0.0,1.1534507e-08,1.0,0.45363694,0.5555951,0.3048163,0.38192904,0.6271485,0.3797389,0.31991485,0.33329886,0.3329658,0.4504504,0.32056236,0.5683724
"np.prod(np.cos(2*np.pi*7.081979839517869)-array_x, axis=1)+10*(np.sin(2*np.pi*np.prod(np.cos(2*np.pi*9.269949233215861)-array_x, axis=1)))",1.0463409e-09,0.9676317,0.12294742,1.765125e-09,0.98572886,5.1625726e-10,2.110919e-07,1.8594681e-09,3.1637665e-11,6.37457e-10,2.494345e-07,0.99410456,0.45363694,0.5555951,0.3048163,0.38192904,0.6271485,0.3797389,0.31991485,0.33329886,0.3329658,0.4504504,0.32056236,0.5683724
"np.prod(np.cos(2*np.pi*np.square(7.346851960787582+array_x))-array_x-7.998823665379182, axis=1)",0.010155315,0.89292276,0.25326955,0.0008882006,0.725632,0.013271626,0.017087763,0.0019606845,0.005158973,0.0037903178,0.0118473135,0.9458776,0.45363694,0.5555951,0.3048163,0.38192904,0.6271485,0.3797389,0.31991485,0.33329886,0.3329658,0.4504504,0.32056236,0.5683724
"np.prod(np.cumsum(1/(array_x)+2.255392796194558, axis=1), axis=1)",1.0,1.0,1.0,1.0,1.0,1.0,1.0,1.0,1.0,1.0,1.0,1.0,0.45363694,0.5555951,0.3048163,0.38192904,0.6271485,0.3797389,0.31991485,0.33329886,0.3329658,0.4504504,0.32056236,0.5683724
"np.prod(np.exp(array_x), axis=1)",4.8700077e-25,0.9158088,1.3633672e-06,1.4536602e-23,0.4903941,1.8066948e-24,3.5186797e-16,2.1891995e-24,4.6922216e-24,5.7205437e-25,4.487783e-16,0.25972873,0.45363694,0.5555951,0.3048163,0.38192904,0.6271485,0.3797389,0.31991485,0.33329886,0.3329658,0.4504504,0.32056236,0.5683724
"np.prod(np.exp(array_x)/7.691468944268301, axis=1)+np.sin(2*np.pi*np.prod(np.exp(array_x)/1.0814478338247078, axis=1))",0.045525897,0.16221873,0.0072873007,0.080837876,0.019462574,0.054811988,0.106778204,0.019421464,0.04556481,0.09010813,0.12773684,0.0712914,0.45363694,0.5555951,0.3048163,0.38192904,0.6271485,0.3797389,0.31991485,0.33329886,0.3329658,0.4504504,0.32056236,0.5683724
"np.prod(np.exp(array_x/9.421922625805855), axis=1)",0.0,0.9894071,0.11716831,0.0,0.9184457,0.0,5.205892e-09,0.0,0.0,0.0,4.1518082e-09,0.8529646,0.45363694,0.5555951,0.3048163,0.38192904,0.6271485,0.3797389,0.31991485,0.33329886,0.3329658,0.4504504,0.32056236,0.5683724
"np.prod(np.log(abs(array_x+array_x)), axis=1)+10*(np.sin(2*np.pi*np.prod(np.log(abs(array_x+array_x)), axis=1)))",0.98898405,0.6296892,0.05223828,0.74131685,0.7321404,0.7866986,0.19090246,0.6069892,0.62801987,0.9731822,0.13253659,0.62945986,0.45363694,0.5555951,0.3048163,0.38192904,0.6271485,0.3797389,0.31991485,0.33329886,0.3329658,0.4504504,0.32056236,0.5683724
"np.prod(np.log(abs(np.sqrt(abs(array_x)))), axis=1)",1.0,0.9306493,0.7307852,0.9811873,0.9798515,0.9811059,0.8299827,0.90695906,0.9589054,0.99858445,0.76665586,0.9407049,0.45363694,0.5555951,0.3048163,0.38192904,0.6271485,0.3797389,0.31991485,0.33329886,0.3329658,0.4504504,0.32056236,0.5683724
"np.prod(np.sin(2*np.pi*2.323811137473311)/7.694972573508683-array_x, axis=1)+10*(np.sin(2*np.pi*np.prod(np.sin(2*np.pi*5.753510782105485)/3.9580812583988245-array_x, axis=1)))",1.8367563e-09,0.98676705,0.017191347,6.0899935e-12,0.9002295,3.3195854e-10,2.642677e-07,9.140241e-10,3.5266606e-10,5.224664e-10,3.1331558e-07,0.9688666,0.45363694,0.5555951,0.3048163,0.38192904,0.6271485,0.3797389,0.31991485,0.33329886,0.3329658,0.4504504,0.32056236,0.5683724
"np.prod(np.sin(2*np.pi*array_x)-9.496162631862804, axis=1)",0.83293533,0.028629432,0.0,0.7709026,0.1488906,0.60381246,0.21068892,0.21555623,0.20314844,0.7182353,0.1983447,0.056639623,0.45363694,0.5555951,0.3048163,0.38192904,0.6271485,0.3797389,0.31991485,0.33329886,0.3329658,0.4504504,0.32056236,0.5683724
"np.prod(np.sqrt(abs(array_x)), axis=1)",1.0,4.5067056e-10,4.179634e-09,0.01567781,1.0184841e-07,0.06736459,6.853231e-05,0.0011551265,0.00013297293,0.29105172,2.8569732e-05,0.0,0.45363694,0.5555951,0.3048163,0.38192904,0.6271485,0.3797389,0.31991485,0.33329886,0.3329658,0.4504504,0.32056236,0.5683724
"np.prod(np.sqrt(abs(array_x-1.8787321389815612*np.cos(2*np.pi*array_x))), axis=1)",0.6062019,2.3718977e-08,0.0,0.101739496,0.00033990922,0.18414585,0.00801471,0.08176576,0.044447478,0.9019223,0.035192996,1.2461007e-07,0.45363694,0.5555951,0.3048163,0.38192904,0.6271485,0.3797389,0.31991485,0.33329886,0.3329658,0.4504504,0.32056236,0.5683724
"np.prod(np.square(3.01293192933162+array_x-array_x/2.8512780550424988), axis=1)+np.sin(2*np.pi*np.prod(np.square(3.9629637530160284+array_x-array_x/5.128603548090839), axis=1))",0.33708522,0.12943724,0.012917717,0.051176835,0.1935589,0.015825335,0.04915665,0.08207646,0.018572707,0.1931231,0.074922726,0.036328893,0.45363694,0.5555951,0.3048163,0.38192904,0.6271485,0.3797389,0.31991485,0.33329886,0.3329658,0.4504504,0.32056236,0.5683724
"np.prod(np.square(np.cos(2*np.pi*np.square(9.566695136178001))/5.220473416038497+np.log(abs(array_x))), axis=1)+np.sin(2*np.pi*np.prod(np.square(np.cos(2*np.pi*np.square(2.3819756265465784))/5.5592115782438105+np.log(abs(array_x))), axis=1))",0.61622626,0.49900925,0.43962017,0.5719456,0.48289666,0.33741862,0.2220747,0.22459269,0.16583665,0.35998818,0.45041573,0.6437055,0.45363694,0.5555951,0.3048163,0.38192904,0.6271485,0.3797389,0.31991485,0.33329886,0.3329658,0.4504504,0.32056236,0.5683724
"np.round(-(np.sqrt(abs(np.sqrt(abs(10*(np.sin(2*np.pi*9.626048028880497))*np.sum(array_x, axis=1)-1.4050508071883248))))))",1.0,1.0,1.0,0.5,0.5,1.0,0.0,1.0,1.0,0.0,1.0,1.0,0.45363694,0.5555951,0.3048163,0.38192904,0.6271485,0.3797389,0.31991485,0.33329886,0.3329658,0.4504504,0.32056236,0.5683724
"np.round(10*(-(np.log(abs(np.sum(5.5772980254068205+array_x, axis=1)/3.945219379476412))))-np.sin(2*np.pi*np.sqrt(abs(np.log(abs(-(np.sqrt(abs(1.452974026742964)))))))))",0.0,1.0,0.875,0.33333334,1.0,0.33333334,0.6666667,0.41666666,0.33333334,0.125,0.6666667,1.0,0.45363694,0.5555951,0.3048163,0.38192904,0.6271485,0.3797389,0.31991485,0.33329886,0.3329658,0.4504504,0.32056236,0.5683724
"np.round(10*(4.2414757898257225))*np.mean(abs(np.cos(2*np.pi*array_x)-7.179307684956875-array_x+np.cos(2*np.pi*3.029253266998001)), axis=1)",1.10071257e-16,0.96125007,0.91881615,9.154887e-16,0.93288374,1.4776465e-15,0.13288619,4.239066e-14,1.6335859e-15,1.3579495e-16,0.07706781,0.8759506,0.45363694,0.5555951,0.3048163,0.38192904,0.6271485,0.3797389,0.31991485,0.33329886,0.3329658,0.4504504,0.32056236,0.5683724
"np.round(10*(np.amax(array_x*array_x, axis=1)))+np.sin(2*np.pi*np.round(10*(np.amax(array_x*array_x, axis=1))))",0.26969698,0.41875,0.18333334,0.07417583,0.8605769,0.07417583,0.03846154,0.051190477,0.035714287,0.2902098,0.017857144,0.5370879,0.45363694,0.5555951,0.3048163,0.38192904,0.6271485,0.3797389,0.31991485,0.33329886,0.3329658,0.4504504,0.32056236,0.5683724
"np.round(10*(np.sum(np.sqrt(abs(np.sin(2*np.pi*array_x)/8.33028934431782))-abs(1.4825188904538797+array_x-array_x), axis=1)))",0.8666667,0.43560606,0.0,0.75,0.6363636,0.86752135,0.7386364,0.8321678,0.725,0.86752135,0.8090909,0.31666666,0.45363694,0.5555951,0.3048163,0.38192904,0.6271485,0.3797389,0.31991485,0.33329886,0.3329658,0.4504504,0.32056236,0.5683724
"np.round(2.115254088961754-np.round(1.8459494825116782)/np.cos(2*np.pi*2.701692712755367+np.sum(np.log(abs(array_x)), axis=1)))",0.9932309,0.97355473,0.0,0.9575731,0.9225604,0.98180294,0.99840873,0.96374786,0.9975835,0.93498564,0.9683637,0.9791163,0.45363694,0.5555951,0.3048163,0.38192904,0.6271485,0.3797389,0.31991485,0.33329886,0.3329658,0.4504504,0.32056236,0.5683724
"np.round(2.6979539814271756/np.sin(2*np.pi*1/(np.mean(np.square(array_x+8.929962787306), axis=1))))",0.0,0.87777776,0.59411764,0.0,0.92329544,0.0,0.06666667,0.0,0.0,0.0,0.06458333,0.90392154,0.45363694,0.5555951,0.3048163,0.38192904,0.6271485,0.3797389,0.31991485,0.33329886,0.3329658,0.4504504,0.32056236,0.5683724
"np.round(3.517829632226965+np.log(abs(np.log(abs(2.2020708522694092+7.530347478634641/array_x[:,0]*np.mean(array_x, axis=1)-8.771490419365557)))))",0.8541667,0.45,0.225,0.6666667,0.43650794,0.7638889,0.8055556,0.6458333,0.53571427,0.8452381,0.73214287,0.3875,0.45363694,0.5555951,0.3048163,0.38192904,0.6271485,0.3797389,0.31991485,0.33329886,0.3329658,0.4504504,0.32056236,0.5683724
"np.round(3.729172514605085/np.cos(2*np.pi*7.064671349694741)+np.sum(array_x, axis=1))",0.0,0.89257294,0.6039886,0.0,0.8703704,0.0,0.01724138,0.0,0.0,0.0,0.015625,1.0,0.45363694,0.5555951,0.3048163,0.38192904,0.6271485,0.3797389,0.31991485,0.33329886,0.3329658,0.4504504,0.32056236,0.5683724
"np.round(5.006912839045093)+array_x[:,0]+np.round(2.1505253698981965)*10*(np.mean(4.599566165713064-array_x, axis=1))",3.1806557e-17,0.9097724,0.26472932,5.924226e-16,0.8524003,2.1604195e-16,2.3656705e-08,9.192404e-17,3.056935e-16,1.7857131e-16,5.83028e-09,1.0,0.45363694,0.5555951,0.3048163,0.38192904,0.6271485,0.3797389,0.31991485,0.33329886,0.3329658,0.4504504,0.32056236,0.5683724
"np.round(5.804451896799907*np.square(np.sum(np.square(array_x)/np.square(8.492101737427483)-6.538025140709358, axis=1)))",0.0,0.87853724,0.1438444,0.0,0.68144625,0.0,0.0013728291,0.0,0.0,0.0,0.0013728291,0.9349642,0.45363694,0.5555951,0.3048163,0.38192904,0.6271485,0.3797389,0.31991485,0.33329886,0.3329658,0.4504504,0.32056236,0.5683724
"np.round(5.964832551948428)*np.sin(2*np.pi*np.mean(array_x*6.125033006540677, axis=1))-2.92595955155513+np.sin(2*np.pi*np.round(5.254450318515444)*np.sin(2*np.pi*np.mean(array_x*8.376702883671328, axis=1))-7.398395638746875)",0.1192961,0.34829843,0.13021338,0.41521636,0.16022767,0.17007376,0.20063026,0.30991733,0.12734456,0.13265069,0.20292109,0.28504607,0.45363694,0.5555951,0.3048163,0.38192904,0.6271485,0.3797389,0.31991485,0.33329886,0.3329658,0.4504504,0.32056236,0.5683724
"np.round(8.766943932101974+np.mean(7.5603730449729145*array_x, axis=1))",0.0,0.95454544,0.662465,0.0,0.9392857,0.0,0.022727273,0.0,0.0,0.0,0.0,0.97727275,0.45363694,0.5555951,0.3048163,0.38192904,0.6271485,0.3797389,0.31991485,0.33329886,0.3329658,0.4504504,0.32056236,0.5683724
"np.round(8.862664983954842*np.mean(array_x, axis=1))",0.0,1.0,0.5208333,0.0,0.8839286,0.0,0.0,0.0,0.0,0.0,0.0,0.97727275,0.45363694,0.5555951,0.3048163,0.38192904,0.6271485,0.3797389,0.31991485,0.33329886,0.3329658,0.4504504,0.32056236,0.5683724
"np.round(array_x[:,0]-7.646001453945216*np.mean(np.sin(2*np.pi*np.round(7.59945711826597))-array_x, axis=1))",0.0,1.0,0.64426875,0.0,0.935,0.0,0.0,0.0,0.0,0.0,0.0,0.9522727,0.45363694,0.5555951,0.3048163,0.38192904,0.6271485,0.3797389,0.31991485,0.33329886,0.3329658,0.4504504,0.32056236,0.5683724
"np.round(np.amax(1/(array_x-np.sqrt(abs((np.array(range(1, array_x.shape[1]+1)))/1.9176928270908373/2.3326265896133442))), axis=1)+8.252217273068194)",0.0,1.0,0.0,0.0,0.0,0.0,0.0,0.5,0.5,0.0,0.0,0.0,0.45363694,0.5555951,0.3048163,0.38192904,0.6271485,0.3797389,0.31991485,0.33329886,0.3329658,0.4504504,0.32056236,0.5683724
"np.round(np.amax(6.736551898754084-array_x-1/(6.432615622257553), axis=1)*8.844340462407693+8.85439621391831+np.sum(array_x, axis=1)*np.exp(3.8772297890355585))",0.0,0.87482864,0.32188585,0.0,0.9891031,0.0,0.0,0.0,0.0,0.0,0.0,0.92677975,0.45363694,0.5555951,0.3048163,0.38192904,0.6271485,0.3797389,0.31991485,0.33329886,0.3329658,0.4504504,0.32056236,0.5683724
"np.round(np.amax(np.exp(array_x)+2.002667390598847, axis=1))",0.0,1.0,1.0,0.0,1.0,0.0,0.0,0.0,0.0,0.0,0.5,1.0,0.45363694,0.5555951,0.3048163,0.38192904,0.6271485,0.3797389,0.31991485,0.33329886,0.3329658,0.4504504,0.32056236,0.5683724
"np.round(np.cos(2*np.pi*1.448851656837436)/np.sum(array_x, axis=1)/np.log(abs(np.cos(2*np.pi*2.8162119799479695))))",0.99928427,0.89223427,0.0,0.99971634,0.8897644,0.9998973,0.9930495,0.99770874,0.9961036,0.99936146,0.99643725,0.96972203,0.45363694,0.5555951,0.3048163,0.38192904,0.6271485,0.3797389,0.31991485,0.33329886,0.3329658,0.4504504,0.32056236,0.5683724
"np.round(np.log(abs(np.prod(np.sqrt(abs(array_x/8.369038047495152*6.0592335204124455)), axis=1))))",0.94736844,0.03846154,0.05263158,0.77124184,0.44047618,0.82843137,0.47213623,0.7216599,0.6421053,1.0,0.5192308,0.19005848,0.45363694,0.5555951,0.3048163,0.38192904,0.6271485,0.3797389,0.31991485,0.33329886,0.3329658,0.4504504,0.32056236,0.5683724
"np.round(np.mean((np.array(range(1, array_x.shape[1]+1)))*np.square(6.561352485430319)+array_x+4.9193646829246305, axis=1))",0.0,1.0,1.0,0.33333334,1.0,0.41666666,0.8333333,0.5833333,0.5833333,0.16666667,0.6666667,1.0,0.45363694,0.5555951,0.3048163,0.38192904,0.6271485,0.3797389,0.31991485,0.33329886,0.3329658,0.4504504,0.32056236,0.5683724
"np.round(np.mean((np.array(range(1, array_x.shape[1]+1)))+8.516144377774243-1/(array_x), axis=1))",1.0,0.9997294,0.0,0.99999994,0.9997898,1.0,0.99999964,0.9999998,0.9999998,1.0,0.99999154,0.999905,0.45363694,0.5555951,0.3048163,0.38192904,0.6271485,0.3797389,0.31991485,0.33329886,0.3329658,0.4504504,0.32056236,0.5683724
"np.round(np.mean(-(10*(np.log(abs(1.8154518199329688+array_x))-1.7768777698425517))-np.cos(2*np.pi*np.cos(2*np.pi*7.581560077140484)*array_x-array_x), axis=1))",0.0,1.0,0.73214287,0.071428575,0.8333333,0.071428575,0.2,0.0,0.0,0.071428575,0.26785713,1.0,0.45363694,0.5555951,0.3048163,0.38192904,0.6271485,0.3797389,0.31991485,0.33329886,0.3329658,0.4504504,0.32056236,0.5683724
"np.round(np.mean(-(3.6087943803129656/array_x-array_x), axis=1))",1.0,0.9985902,0.0,1.0,0.99978524,1.0,0.9999998,1.0,1.0,1.0,0.99999875,0.99975437,0.45363694,0.5555951,0.3048163,0.38192904,0.6271485,0.3797389,0.31991485,0.33329886,0.3329658,0.4504504,0.32056236,0.5683724
"np.round(np.mean(-(np.cumsum(5.3958119416887955*-(10*(array_x))*-(array_x), axis=1)), axis=1))",0.0,0.8346317,0.07322985,0.0,0.7655394,0.0,0.0,0.0,0.0,0.0,0.0,0.9477579,0.45363694,0.5555951,0.3048163,0.38192904,0.6271485,0.3797389,0.31991485,0.33329886,0.3329658,0.4504504,0.32056236,0.5683724
"np.round(np.mean(1.2823738153594397/array_x/7.247127838882266, axis=1))",0.9999993,0.99993145,0.0,0.9999986,0.9999633,0.9999995,0.9999483,0.99999404,0.99999034,0.99999934,0.99994206,0.9999812,0.45363694,0.5555951,0.3048163,0.38192904,0.6271485,0.3797389,0.31991485,0.33329886,0.3329658,0.4504504,0.32056236,0.5683724
"np.round(np.mean(1.6362170321995468-np.round(array_x), axis=1))",0.33333334,1.0,1.0,0.5,1.0,0.5,0.6666667,0.5833333,0.5833333,0.16666667,0.6666667,1.0,0.45363694,0.5555951,0.3048163,0.38192904,0.6271485,0.3797389,0.31991485,0.33329886,0.3329658,0.4504504,0.32056236,0.5683724
"np.round(np.mean(1/(array_x)+np.square(np.sin(2*np.pi*np.sqrt(abs(8.886072452678874)))), axis=1))",1.0,0.99996895,0.0,1.0,0.99988425,1.0,0.9999997,1.0,0.99999994,1.0,0.99999976,0.9992481,0.45363694,0.5555951,0.3048163,0.38192904,0.6271485,0.3797389,0.31991485,0.33329886,0.3329658,0.4504504,0.32056236,0.5683724
"np.round(np.mean(1/(array_x)-1.9678205562141993, axis=1))",1.0,0.9985335,0.0,1.0,0.999926,1.0,0.9999996,0.99999994,0.9999999,1.0,0.99999964,0.9990897,0.45363694,0.5555951,0.3048163,0.38192904,0.6271485,0.3797389,0.31991485,0.33329886,0.3329658,0.4504504,0.32056236,0.5683724
"np.round(np.mean(1/(np.log(abs(6.749793579849153/array_x)))+np.sin(2*np.pi*7.435196290134868*array_x)/3.361935916353641/array_x-array_x-6.435292927886014, axis=1))",0.0,1.0,1.0,0.0,0.0,0.0,0.0,0.0,0.0,0.0,0.0,0.0,0.45363694,0.5555951,0.3048163,0.38192904,0.6271485,0.3797389,0.31991485,0.33329886,0.3329658,0.4504504,0.32056236,0.5683724
"np.round(np.mean(10*(1.0806968668060188+array_x), axis=1))",0.0,0.8956443,0.5962963,0.0,0.9259259,0.0,0.0,0.0,0.0,0.0,0.0,1.0,0.45363694,0.5555951,0.3048163,0.38192904,0.6271485,0.3797389,0.31991485,0.33329886,0.3329658,0.4504504,0.32056236,0.5683724
"np.round(np.mean(10*(10*(np.sqrt(abs(8.298887042039745-np.round(array_x))))), axis=1))",0.0,0.9243139,0.60145646,0.0,0.8729839,0.0,0.0,0.0,0.0,0.0,0.0,0.93010294,0.45363694,0.5555951,0.3048163,0.38192904,0.6271485,0.3797389,0.31991485,0.33329886,0.3329658,0.4504504,0.32056236,0.5683724
"np.round(np.mean(10*(np.sqrt(abs(array_x+6.026551013137382-9.682798284979517*array_x-8.050526754262911*np.square(array_x)))), axis=1))",1.0,0.29166666,0.2361111,0.75,0.5777778,0.7222222,0.0,0.22222222,0.275,0.9444444,0.0,0.5777778,0.45363694,0.5555951,0.3048163,0.38192904,0.6271485,0.3797389,0.31991485,0.33329886,0.3329658,0.4504504,0.32056236,0.5683724
"np.round(np.mean(10*(np.sqrt(abs(np.exp(array_x)))-6.740837533987661-np.sqrt(abs(-(array_x)))), axis=1))",0.0,0.9411765,0.68990386,0.0,0.92582417,0.0,0.06904762,0.0,0.0,0.0,0.071428575,0.9230769,0.45363694,0.5555951,0.3048163,0.38192904,0.6271485,0.3797389,0.31991485,0.33329886,0.3329658,0.4504504,0.32056236,0.5683724
"np.round(np.mean(2.9967187851320083+array_x+np.square(-(np.cos(2*np.pi*9.470938257005727))), axis=1))",0.0,1.0,1.0,0.5,1.0,0.41666666,0.6666667,0.5,0.5833333,0.0,0.5833333,1.0,0.45363694,0.5555951,0.3048163,0.38192904,0.6271485,0.3797389,0.31991485,0.33329886,0.3329658,0.4504504,0.32056236,0.5683724
"np.round(np.mean(3.115710341046095+8.255344719147063/1.0632299267384477-array_x/array_x-(np.array(range(1, array_x.shape[1]+1)))/3.3064099395820703+array_x, axis=1))",0.0,1.0,1.0,0.16666667,1.0,0.41666666,0.8333333,0.8333333,0.5833333,0.0,0.5,1.0,0.45363694,0.5555951,0.3048163,0.38192904,0.6271485,0.3797389,0.31991485,0.33329886,0.3329658,0.4504504,0.32056236,0.5683724
"np.round(np.mean(3.724703882261096+array_x, axis=1))",0.0,1.0,1.0,0.33333334,1.0,0.33333334,1.0,0.5833333,0.5,0.0,0.8333333,1.0,0.45363694,0.5555951,0.3048163,0.38192904,0.6271485,0.3797389,0.31991485,0.33329886,0.3329658,0.4504504,0.32056236,0.5683724
"np.round(np.mean(3.836236257890917-9.763641482525157-array_x-array_x*3.0307387785660573, axis=1))",0.0,1.0,0.7386364,0.0,0.9,0.0,0.09166667,0.0,0.0,0.0,0.08012821,1.0,0.45363694,0.5555951,0.3048163,0.38192904,0.6271485,0.3797389,0.31991485,0.33329886,0.3329658,0.4504504,0.32056236,0.5683724
"np.round(np.mean(4.438716742363515+np.round(3.6056702963588085-array_x)/6.01569096225021-array_x/8.377355596087067, axis=1))",0.0,1.0,1.0,1.0,1.0,1.0,0.0,1.0,1.0,0.0,0.0,1.0,0.45363694,0.5555951,0.3048163,0.38192904,0.6271485,0.3797389,0.31991485,0.33329886,0.3329658,0.4504504,0.32056236,0.5683724
"np.round(np.mean(4.981487657745782/np.cumsum(np.square(array_x)-1.0896070630643249-5.793312338520973, axis=1), axis=1))",0.9999986,0.5609003,0.99780244,0.99999124,0.9984076,0.99999994,0.9993256,0.9997853,0.9999669,0.99971163,0.9999989,0.98644364,0.45363694,0.5555951,0.3048163,0.38192904,0.6271485,0.3797389,0.31991485,0.33329886,0.3329658,0.4504504,0.32056236,0.5683724
"np.round(np.mean(5.132390559336018*array_x, axis=1))",0.0,1.0,0.7846154,0.0,0.96875,0.0,0.06666667,0.0,0.06458333,0.0,0.08712121,1.0,0.45363694,0.5555951,0.3048163,0.38192904,0.6271485,0.3797389,0.31991485,0.33329886,0.3329658,0.4504504,0.32056236,0.5683724
"np.round(np.mean(5.193767124046149-np.square(array_x+2.9382895309837584), axis=1))",0.1882353,1.0,0.7236364,0.23538461,0.87333333,0.0882353,0.036666665,0.22649573,0.2,0.1882353,0.25128207,0.8804714,0.45363694,0.5555951,0.3048163,0.38192904,0.6271485,0.3797389,0.31991485,0.33329886,0.3329658,0.4504504,0.32056236,0.5683724
"np.round(np.mean(5.316177247127071+array_x*5.911655516634807+6.675849693771772, axis=1))",0.0,0.9116541,0.68421054,0.054093566,1.0,0.05263158,0.060661763,0.057189543,0.060661763,0.0,0.0625,1.0,0.45363694,0.5555951,0.3048163,0.38192904,0.6271485,0.3797389,0.31991485,0.33329886,0.3329658,0.4504504,0.32056236,0.5683724
"np.round(np.mean(5.46503031655003*2.8932701901813695+array_x-np.exp(6.228689799697586), axis=1))",0.0,1.0,1.0,0.5,1.0,0.41666666,1.0,0.6666667,0.5833333,0.0,0.6666667,1.0,0.45363694,0.5555951,0.3048163,0.38192904,0.6271485,0.3797389,0.31991485,0.33329886,0.3329658,0.4504504,0.32056236,0.5683724
"np.round(np.mean(6.059516580373867+np.sqrt(abs(array_x))-array_x-array_x, axis=1))",0.0,1.0,1.0,0.2,1.0,0.225,0.6,0.18333334,0.29166666,0.083333336,0.45,1.0,0.45363694,0.5555951,0.3048163,0.38192904,0.6271485,0.3797389,0.31991485,0.33329886,0.3329658,0.4504504,0.32056236,0.5683724
"np.round(np.mean(6.549520671500594+np.log(abs(np.cos(2*np.pi*array_x)*np.log(abs(8.052106842629247*array_x)))), axis=1))",1.0,1.0,1.0,1.0,1.0,1.0,1.0,1.0,1.0,1.0,1.0,1.0,0.45363694,0.5555951,0.3048163,0.38192904,0.6271485,0.3797389,0.31991485,0.33329886,0.3329658,0.4504504,0.32056236,0.5683724
"np.round(np.mean(6.861011041251038-array_x/abs(4.147581554137636), axis=1))",1.0,1.0,1.0,0.5,1.0,1.0,0.0,1.0,1.0,0.0,0.5,1.0,0.45363694,0.5555951,0.3048163,0.38192904,0.6271485,0.3797389,0.31991485,0.33329886,0.3329658,0.4504504,0.32056236,0.5683724
"np.round(np.mean(7.018689639989402-array_x-np.cos(2*np.pi*7.048738451377869)/array_x/1.5317694414960723-np.cos(2*np.pi*abs(array_x)), axis=1))",0.99999994,0.99913645,0.0,0.99999964,0.99753135,0.9999999,0.9999946,0.9999994,0.9999998,0.99999994,0.99991435,0.9997568,0.45363694,0.5555951,0.3048163,0.38192904,0.6271485,0.3797389,0.31991485,0.33329886,0.3329658,0.4504504,0.32056236,0.5683724
"np.round(np.mean(8.902688347901282-np.exp(5.571722682534262*np.log(abs(array_x))), axis=1))",0.0,0.83171743,0.44294232,0.0,0.8069239,0.0,0.0019629425,0.0,0.0,0.0,0.00013196094,0.94345623,0.45363694,0.5555951,0.3048163,0.38192904,0.6271485,0.3797389,0.31991485,0.33329886,0.3329658,0.4504504,0.32056236,0.5683724
"np.round(np.mean(9.0919786577113+np.sin(2*np.pi*7.02090202768389-array_x), axis=1))",0.0,1.0,1.0,0.0,1.0,0.0,1.0,0.0,1.0,0.0,1.0,1.0,0.45363694,0.5555951,0.3048163,0.38192904,0.6271485,0.3797389,0.31991485,0.33329886,0.3329658,0.4504504,0.32056236,0.5683724
"np.round(np.mean(9.60453721257451*array_x-4.2207951425554215/np.sin(2*np.pi*array_x), axis=1))",0.99912494,1.0,0.99998474,0.98735404,1.0,1.0,1.0,1.0,1.0,0.74734735,1.0,1.0,0.45363694,0.5555951,0.3048163,0.38192904,0.6271485,0.3797389,0.31991485,0.33329886,0.3329658,0.4504504,0.32056236,0.5683724
"np.round(np.mean(9.683269853557398-np.exp(array_x)+6.776487221301509, axis=1))",0.23986645,0.9932432,0.71432734,0.2572105,0.8744614,0.17143416,0.47277227,0.18958664,0.210047,0.4555117,0.36249653,0.9407796,0.45363694,0.5555951,0.3048163,0.38192904,0.6271485,0.3797389,0.31991485,0.33329886,0.3329658,0.4504504,0.32056236,0.5683724
"np.round(np.mean(9.813338072625783+np.sqrt(abs(array_x)), axis=1))",1.0,0.0,1.0,1.0,0.0,1.0,1.0,1.0,1.0,1.0,1.0,0.0,0.45363694,0.5555951,0.3048163,0.38192904,0.6271485,0.3797389,0.31991485,0.33329886,0.3329658,0.4504504,0.32056236,0.5683724
"np.round(np.mean(9.95508047699725+np.log(abs(array_x)), axis=1))",1.0,0.5,0.33333334,0.5,0.5,0.6666667,0.0,0.5,0.5,1.0,0.5,0.5,0.45363694,0.5555951,0.3048163,0.38192904,0.6271485,0.3797389,0.31991485,0.33329886,0.3329658,0.4504504,0.32056236,0.5683724
"np.round(np.mean(abs(-(np.cos(2*np.pi*3.6054661619626436)/array_x+3.365787332647896)-1.1015456913517556), axis=1))",1.0,1.0,0.5,1.0,0.5,0.0,1.0,1.0,1.0,1.0,0.5,0.5,0.45363694,0.5555951,0.3048163,0.38192904,0.6271485,0.3797389,0.31991485,0.33329886,0.3329658,0.4504504,0.32056236,0.5683724
"np.round(np.mean(abs(8.753302989102352/array_x+array_x+6.8675252458088325), axis=1))",0.16666667,0.5,0.6666667,0.0,1.0,0.0,0.0,0.5,0.5,0.0,0.45,0.875,0.45363694,0.5555951,0.3048163,0.38192904,0.6271485,0.3797389,0.31991485,0.33329886,0.3329658,0.4504504,0.32056236,0.5683724
"np.round(np.mean(abs(9.305219409346655+array_x-1.3944827679388125)-2.8045741273984395, axis=1))",0.0,1.0,1.0,0.5,1.0,0.5,0.5,0.5833333,0.33333334,0.0,0.5833333,1.0,0.45363694,0.5555951,0.3048163,0.38192904,0.6271485,0.3797389,0.31991485,0.33329886,0.3329658,0.4504504,0.32056236,0.5683724
"np.round(np.mean(abs(array_x+1.9166534456462854), axis=1))",1.0,1.0,1.0,1.0,1.0,1.0,1.0,1.0,0.0,1.0,1.0,1.0,0.45363694,0.5555951,0.3048163,0.38192904,0.6271485,0.3797389,0.31991485,0.33329886,0.3329658,0.4504504,0.32056236,0.5683724
"np.round(np.mean(abs(array_x+np.sqrt(abs(4.131341840402348))), axis=1))",1.0,1.0,1.0,1.0,1.0,1.0,1.0,1.0,1.0,0.5,1.0,1.0,0.45363694,0.5555951,0.3048163,0.38192904,0.6271485,0.3797389,0.31991485,0.33329886,0.3329658,0.4504504,0.32056236,0.5683724
"np.round(np.mean(abs(array_x-array_x/np.exp(np.cos(2*np.pi*array_x))-10*(7.365108002698093*array_x+6.124768652823702)), axis=1))",0.6969697,0.4868421,0.14354067,0.27097902,0.9285714,0.30075186,0.0,0.09090909,0.050125312,0.67424244,0.0,0.624613,0.45363694,0.5555951,0.3048163,0.38192904,0.6271485,0.3797389,0.31991485,0.33329886,0.3329658,0.4504504,0.32056236,0.5683724
"np.round(np.mean(abs(np.cos(2*np.pi*7.503380829605325))/7.483049290054467-array_x+np.cos(2*np.pi*np.square(array_x)+7.969517308143344*(np.array(range(1, array_x.shape[1]+1)))), axis=1))",0.16666667,1.0,1.0,0.5833333,1.0,0.6666667,0.8333333,0.6666667,0.6666667,0.0,0.6666667,1.0,0.45363694,0.5555951,0.3048163,0.38192904,0.6271485,0.3797389,0.31991485,0.33329886,0.3329658,0.4504504,0.32056236,0.5683724
"np.round(np.mean(abs(np.square(3.839164397891113)/array_x-6.554258693277293-7.292784090514513*array_x), axis=1))+np.sin(2*np.pi*np.round(np.mean(abs(np.square(9.49960870613905)/array_x-4.748056555757481-5.426502113198081*array_x), axis=1)))",1.0,0.7083333,0.29166666,0.25,0.5,0.41666666,1.4988011e-15,9.992007e-16,7.4940054e-16,0.75,2.7200464e-15,0.45,0.45363694,0.5555951,0.3048163,0.38192904,0.6271485,0.3797389,0.31991485,0.33329886,0.3329658,0.4504504,0.32056236,0.5683724
"np.round(np.mean(array_x*8.648205148750145+np.log(abs(1.860632161100739))/5.923340094682919-np.square(10*(array_x)), axis=1))",0.005603985,0.9897025,0.039097745,0.011480114,0.7436093,0.01257694,0.011494038,0.012641019,0.01257694,0.012690522,0.014250818,0.96533126,0.45363694,0.5555951,0.3048163,0.38192904,0.6271485,0.3797389,0.31991485,0.33329886,0.3329658,0.4504504,0.32056236,0.5683724
"np.round(np.mean(array_x*9.774218773850254-6.96251756156276, axis=1))",0.0,0.94,0.6325,0.0,0.9,0.0,0.032795697,0.0,0.0,0.0,0.04,1.0,0.45363694,0.5555951,0.3048163,0.38192904,0.6271485,0.3797389,0.31991485,0.33329886,0.3329658,0.4504504,0.32056236,0.5683724
"np.round(np.mean(array_x*array_x-(np.array(range(1, array_x.shape[1]+1)))/2.292250382486613, axis=1))",0.0,0.0,0.0,0.0,1.0,0.0,0.0,0.0,0.0,0.0,0.0,0.0,0.45363694,0.5555951,0.3048163,0.38192904,0.6271485,0.3797389,0.31991485,0.33329886,0.3329658,0.4504504,0.32056236,0.5683724
"np.round(np.mean(array_x*np.round(4.733237540791716*np.square(7.810538383706243+array_x)), axis=1))",0.054390244,0.49758258,0.09482021,0.006849315,1.0,0.01977088,0.0,0.0,0.0,0.047827743,0.0,0.7778865,0.45363694,0.5555951,0.3048163,0.38192904,0.6271485,0.3797389,0.31991485,0.33329886,0.3329658,0.4504504,0.32056236,0.5683724
"np.round(np.mean(array_x+8.988517312993999+np.exp(3.89313048240468)/4.145267615001805-(np.array(range(1, array_x.shape[1]+1))), axis=1))",0.0,1.0,1.0,0.5,1.0,0.5,0.6666667,0.6666667,0.5833333,0.0,0.6666667,1.0,0.45363694,0.5555951,0.3048163,0.38192904,0.6271485,0.3797389,0.31991485,0.33329886,0.3329658,0.4504504,0.32056236,0.5683724
"np.round(np.mean(array_x+9.056084937135614*8.07120277781199+np.exp(8.581229168514653)+np.square(np.cumsum(array_x, axis=1)), axis=1))",0.0,0.0,1.0,0.0,0.0,0.0,0.0,0.0,0.0,0.0,0.0,0.0,0.45363694,0.5555951,0.3048163,0.38192904,0.6271485,0.3797389,0.31991485,0.33329886,0.3329658,0.4504504,0.32056236,0.5683724
"np.round(np.mean(array_x+np.log(abs(1.2199743904476406)), axis=1))",0.0,1.0,1.0,0.41666666,1.0,0.625,0.7083333,0.5833333,0.7083333,0.0,0.7083333,1.0,0.45363694,0.5555951,0.3048163,0.38192904,0.6271485,0.3797389,0.31991485,0.33329886,0.3329658,0.4504504,0.32056236,0.5683724
"np.round(np.mean(array_x+np.round(array_x*3.0387427712961905)-4.2684864322118*2.5570824546520465, axis=1))",0.0,0.9230769,0.73214287,0.0,1.0,0.0,0.083333336,0.0,0.0,0.0,0.08712121,1.0,0.45363694,0.5555951,0.3048163,0.38192904,0.6271485,0.3797389,0.31991485,0.33329886,0.3329658,0.4504504,0.32056236,0.5683724
"np.round(np.mean(array_x+np.sin(2*np.pi*2.5072209685996887), axis=1))",0.0,1.0,1.0,0.5,1.0,0.0,0.7083333,0.5,1.0,0.0,0.5833333,1.0,0.45363694,0.5555951,0.3048163,0.38192904,0.6271485,0.3797389,0.31991485,0.33329886,0.3329658,0.4504504,0.32056236,0.5683724
"np.round(np.mean(array_x+np.square(6.970009306596187)+7.043057981499494, axis=1))",0.0,1.0,1.0,0.5,1.0,0.16666667,0.6666667,0.41666666,0.41666666,0.0,0.6666667,1.0,0.45363694,0.5555951,0.3048163,0.38192904,0.6271485,0.3797389,0.31991485,0.33329886,0.3329658,0.4504504,0.32056236,0.5683724
"np.round(np.mean(array_x-3.9782336234384887+np.exp(np.exp(np.sin(2*np.pi*4.446455679377927)))+np.sqrt(abs(np.cos(2*np.pi*3.544578565028358*array_x))), axis=1))",0.0,1.0,1.0,0.6666667,1.0,0.41666666,0.6666667,0.5833333,1.0,0.0,0.6666667,1.0,0.45363694,0.5555951,0.3048163,0.38192904,0.6271485,0.3797389,0.31991485,0.33329886,0.3329658,0.4504504,0.32056236,0.5683724
"np.round(np.mean(array_x-4.012325838270506/7.532354488166677+np.sin(2*np.pi*5.016764506901365)+array_x+6.590437908805437+array_x+9.67837156682177-np.sqrt(abs(5.672585454243954)), axis=1))",0.0,0.95,0.81666666,0.0,1.0,0.0,0.11805555,0.05,0.055555556,0.0,0.10555556,1.0,0.45363694,0.5555951,0.3048163,0.38192904,0.6271485,0.3797389,0.31991485,0.33329886,0.3329658,0.4504504,0.32056236,0.5683724
"np.round(np.mean(array_x-6.295069499937028-array_x/9.531218340457698, axis=1))",0.0,1.0,1.0,0.41666666,1.0,0.5,0.8333333,1.0,1.0,0.0,1.0,1.0,0.45363694,0.5555951,0.3048163,0.38192904,0.6271485,0.3797389,0.31991485,0.33329886,0.3329658,0.4504504,0.32056236,0.5683724
"np.round(np.mean(array_x-7.935248606034542, axis=1))",0.0,1.0,1.0,0.33333334,1.0,0.16666667,0.5,0.5,0.5833333,0.0,0.5,1.0,0.45363694,0.5555951,0.3048163,0.38192904,0.6271485,0.3797389,0.31991485,0.33329886,0.3329658,0.4504504,0.32056236,0.5683724
"np.round(np.mean(array_x/4.0969892136258, axis=1))",0.0,1.0,1.0,1.0,1.0,0.5,0.5,1.0,1.0,0.5,0.5,1.0,0.45363694,0.5555951,0.3048163,0.38192904,0.6271485,0.3797389,0.31991485,0.33329886,0.3329658,0.4504504,0.32056236,0.5683724
"np.round(np.mean(array_x/6.380398063518273-array_x*5.75518380775683, axis=1))",0.0,1.0,0.81534094,0.0,0.93028843,0.0,0.035714287,0.0,0.0,0.0,0.0625,0.93541664,0.45363694,0.5555951,0.3048163,0.38192904,0.6271485,0.3797389,0.31991485,0.33329886,0.3329658,0.4504504,0.32056236,0.5683724
"np.round(np.mean(np.cos(2*np.pi*7.95771924870804+np.square(array_x)), axis=1))",0.0,0.0,0.0,0.0,1.0,0.0,0.0,0.0,0.0,0.0,0.0,0.0,0.45363694,0.5555951,0.3048163,0.38192904,0.6271485,0.3797389,0.31991485,0.33329886,0.3329658,0.4504504,0.32056236,0.5683724
"np.round(np.mean(np.cos(2*np.pi*np.exp(4.080439019308509+array_x))-np.sqrt(abs(7.127437644470902)), axis=1))",1.0,1.0,1.0,1.0,0.0,1.0,1.0,1.0,1.0,1.0,1.0,1.0,0.45363694,0.5555951,0.3048163,0.38192904,0.6271485,0.3797389,0.31991485,0.33329886,0.3329658,0.4504504,0.32056236,0.5683724
"np.round(np.mean(np.cos(2*np.pi*np.round(3.7280303968804516))-array_x*7.292447202007946+2.057931688131303+array_x+np.log(abs(np.sin(2*np.pi*5.70275660558371))), axis=1))",0.0,0.89285713,0.6547619,0.0,0.8869048,0.0,0.0,0.0,0.0,0.0,0.0,1.0,0.45363694,0.5555951,0.3048163,0.38192904,0.6271485,0.3797389,0.31991485,0.33329886,0.3329658,0.4504504,0.32056236,0.5683724
"np.round(np.mean(np.cos(2*np.pi*np.sqrt(abs(np.sin(2*np.pi*np.cumsum(array_x, axis=1))))-5.76115079320912), axis=1))",1.0,1.0,1.0,1.0,1.0,1.0,1.0,1.0,1.0,1.0,1.0,1.0,0.45363694,0.5555951,0.3048163,0.38192904,0.6271485,0.3797389,0.31991485,0.33329886,0.3329658,0.4504504,0.32056236,0.5683724
"np.round(np.mean(np.cumsum(10*(np.log(abs(array_x*5.025221830849018)))*6.880697879665289, axis=1), axis=1))",0.9986095,0.0088311685,0.15188926,0.805022,0.33659273,0.8279486,0.5985863,0.7505454,0.7690887,0.98807496,0.6628835,0.0848315,0.45363694,0.5555951,0.3048163,0.38192904,0.6271485,0.3797389,0.31991485,0.33329886,0.3329658,0.4504504,0.32056236,0.5683724
"np.round(np.mean(np.cumsum(8.719663801145074+np.exp(1/(array_x)), axis=1), axis=1))",0.5833333,0.5,0.0,0.0,1.0,0.0,0.0,0.41666666,0.0,0.0,0.16666667,0.0,0.45363694,0.5555951,0.3048163,0.38192904,0.6271485,0.3797389,0.31991485,0.33329886,0.3329658,0.4504504,0.32056236,0.5683724
"np.round(np.mean(np.exp(array_x)+4.768198592145188, axis=1))",0.0,0.0,0.0,0.0,1.0,0.0,0.0,0.0,0.0,0.0,0.0,0.0,0.45363694,0.5555951,0.3048163,0.38192904,0.6271485,0.3797389,0.31991485,0.33329886,0.3329658,0.4504504,0.32056236,0.5683724
"np.round(np.mean(np.log(abs(1.1072411494320336+array_x+1.5531134162214362/array_x-9.439861622791083+2.2790766907452538)), axis=1))",1.0,1.0,1.0,1.0,1.0,1.0,1.0,1.0,0.5,1.0,0.0,1.0,0.45363694,0.5555951,0.3048163,0.38192904,0.6271485,0.3797389,0.31991485,0.33329886,0.3329658,0.4504504,0.32056236,0.5683724
"np.round(np.mean(np.log(abs(6.933227434017013*array_x)), axis=1))",1.0,0.5,0.5,0.5833333,0.25,0.5,0.41666666,0.25,0.16666667,1.0,0.5,0.0,0.45363694,0.5555951,0.3048163,0.38192904,0.6271485,0.3797389,0.31991485,0.33329886,0.3329658,0.4504504,0.32056236,0.5683724
"np.round(np.mean(np.log(abs(array_x))+1.4794326923537064, axis=1))",1.0,0.0,0.25,0.75,0.75,1.0,0.5,0.5,0.5,1.0,0.5,0.5,0.45363694,0.5555951,0.3048163,0.38192904,0.6271485,0.3797389,0.31991485,0.33329886,0.3329658,0.4504504,0.32056236,0.5683724
"np.round(np.mean(np.log(abs(array_x)), axis=1))",1.0,1.0,0.25,1.0,1.0,1.0,0.5,1.0,1.0,1.0,0.8333333,0.5833333,0.45363694,0.5555951,0.3048163,0.38192904,0.6271485,0.3797389,0.31991485,0.33329886,0.3329658,0.4504504,0.32056236,0.5683724
"np.round(np.mean(np.log(abs(array_x))/np.log(abs(np.sqrt(abs(4.494914736243537-array_x)))), axis=1))",0.99999994,0.9996965,0.0,0.99999976,0.9995205,0.9999998,0.99994886,0.99999976,0.99999917,1.0,0.99999785,0.9999235,0.45363694,0.5555951,0.3048163,0.38192904,0.6271485,0.3797389,0.31991485,0.33329886,0.3329658,0.4504504,0.32056236,0.5683724
"np.round(np.mean(np.log(abs(np.cos(2*np.pi*3.7340970226613943*array_x-3.401708063846573))), axis=1))",1.0,1.0,1.0,1.0,1.0,1.0,1.0,1.0,1.0,1.0,1.0,1.0,0.45363694,0.5555951,0.3048163,0.38192904,0.6271485,0.3797389,0.31991485,0.33329886,0.3329658,0.4504504,0.32056236,0.5683724
"np.round(np.mean(np.log(abs(np.cos(2*np.pi*array_x/np.sqrt(abs(array_x)))/array_x*array_x-np.cos(2*np.pi*4.9549468324539365))), axis=1))",1.0,1.0,0.5,0.8333333,0.5833333,0.5833333,0.5833333,0.25,0.16666667,0.6666667,0.5833333,0.6666667,0.45363694,0.5555951,0.3048163,0.38192904,0.6271485,0.3797389,0.31991485,0.33329886,0.3329658,0.4504504,0.32056236,0.5683724
"np.round(np.mean(np.round(array_x)*np.square(array_x), axis=1))",0.0,0.9934211,0.8383459,0.0,0.890873,0.0,0.2281404,0.0,0.0,0.0,0.34777874,0.93030596,0.45363694,0.5555951,0.3048163,0.38192904,0.6271485,0.3797389,0.31991485,0.33329886,0.3329658,0.4504504,0.32056236,0.5683724
"np.round(np.mean(np.round(np.round(np.sin(2*np.pi*np.cumsum(1.7722363076722347/array_x, axis=1)))-np.square(array_x)+2.796590643378239), axis=1))",0.0,0.9,0.4,0.0,0.8,0.0,0.0,0.0,0.0,0.0,0.0,1.0,0.45363694,0.5555951,0.3048163,0.38192904,0.6271485,0.3797389,0.31991485,0.33329886,0.3329658,0.4504504,0.32056236,0.5683724
"np.round(np.mean(np.sin(2*np.pi*-(array_x))*2.71633868369622*8.913522659397367, axis=1))",0.61904764,0.18333334,0.0,0.45,0.41666666,0.33035713,0.0625,0.25,0.26785713,0.5857143,0.1,0.18333334,0.45363694,0.5555951,0.3048163,0.38192904,0.6271485,0.3797389,0.31991485,0.33329886,0.3329658,0.4504504,0.32056236,0.5683724
"np.round(np.mean(np.sin(2*np.pi*1.6717683693464882-array_x+np.log(abs(array_x))+5.812403185645574-np.cos(2*np.pi*array_x+np.sin(2*np.pi*9.691898781957825))), axis=1))",1.0,0.0,1.0,1.0,0.0,1.0,1.0,1.0,1.0,1.0,1.0,1.0,0.45363694,0.5555951,0.3048163,0.38192904,0.6271485,0.3797389,0.31991485,0.33329886,0.3329658,0.4504504,0.32056236,0.5683724
"np.round(np.mean(np.sin(2*np.pi*4.654352375581629+array_x)+abs(np.sin(2*np.pi*array_x))+1.4293719440484582, axis=1))",0.0,0.0,1.0,0.0,0.0,0.0,0.0,0.0,1.0,0.0,0.0,0.0,0.45363694,0.5555951,0.3048163,0.38192904,0.6271485,0.3797389,0.31991485,0.33329886,0.3329658,0.4504504,0.32056236,0.5683724
"np.round(np.mean(np.sin(2*np.pi*8.576076529940782-np.log(abs(5.854359802598876/array_x)))/9.541685560327236+array_x-np.sqrt(abs(2.489499903895173/array_x+1.0537352020469934+5.264065846009)), axis=1))",0.9999895,0.9459543,0.6892437,0.99998266,0.9979362,0.9999796,0.9996451,0.9999278,0.9999338,1.0,0.9999225,0.94086987,0.45363694,0.5555951,0.3048163,0.38192904,0.6271485,0.3797389,0.31991485,0.33329886,0.3329658,0.4504504,0.32056236,0.5683724
"np.round(np.mean(np.sin(2*np.pi*array_x+np.cos(2*np.pi*array_x))+np.cumsum(np.square(array_x/np.cos(2*np.pi*5.55162539518924))*np.log(abs(8.305514369417871)), axis=1), axis=1))",0.41666666,0.875,0.41666666,0.33333334,0.75,0.33333334,0.0,0.29166666,0.125,0.5,0.0,1.0,0.45363694,0.5555951,0.3048163,0.38192904,0.6271485,0.3797389,0.31991485,0.33329886,0.3329658,0.4504504,0.32056236,0.5683724
"np.round(np.mean(np.sin(2*np.pi*array_x-1.9383087564883894)+abs(7.5509267684967805/7.689471751074759+array_x)*2.342963208672227, axis=1))",0.5,0.75,0.75,0.0,1.0,0.0,0.0,0.0,0.0,0.75,0.0,1.0,0.45363694,0.5555951,0.3048163,0.38192904,0.6271485,0.3797389,0.31991485,0.33329886,0.3329658,0.4504504,0.32056236,0.5683724
"np.round(np.mean(np.sin(2*np.pi*np.sqrt(abs(array_x-9.657020244958394))), axis=1))",0.0,0.0,1.0,0.0,1.0,0.0,0.0,0.0,0.0,0.0,0.0,0.0,0.45363694,0.5555951,0.3048163,0.38192904,0.6271485,0.3797389,0.31991485,0.33329886,0.3329658,0.4504504,0.32056236,0.5683724
"np.round(np.mean(np.sqrt(abs((np.array(range(1, array_x.shape[1]+1)))*3.677185299221734))-array_x, axis=1))",0.0,1.0,1.0,0.5,1.0,0.25,0.6666667,0.5,0.5833333,0.0,0.5,1.0,0.45363694,0.5555951,0.3048163,0.38192904,0.6271485,0.3797389,0.31991485,0.33329886,0.3329658,0.4504504,0.32056236,0.5683724
"np.round(np.mean(np.sqrt(abs(-(np.exp(2.107023391526283+np.square(array_x))))), axis=1))",0.0,0.0,0.16666667,0.0,1.0,0.0,0.0,0.0,0.0,0.0,0.0,0.6666667,0.45363694,0.5555951,0.3048163,0.38192904,0.6271485,0.3797389,0.31991485,0.33329886,0.3329658,0.4504504,0.32056236,0.5683724
"np.round(np.mean(np.sqrt(abs(10*(array_x)))-7.911462032930798*(np.array(range(1, array_x.shape[1]+1)))+1.419131526581812, axis=1))",1.0,1.0,1.0,0.5,1.0,1.0,0.0,1.0,1.0,1.0,0.5,1.0,0.45363694,0.5555951,0.3048163,0.38192904,0.6271485,0.3797389,0.31991485,0.33329886,0.3329658,0.4504504,0.32056236,0.5683724
"np.round(np.mean(np.sqrt(abs(9.407289544969474))-array_x, axis=1))",0.0,1.0,1.0,0.5,1.0,0.41666666,0.6666667,0.6666667,0.6666667,0.16666667,0.6666667,1.0,0.45363694,0.5555951,0.3048163,0.38192904,0.6271485,0.3797389,0.31991485,0.33329886,0.3329658,0.4504504,0.32056236,0.5683724
"np.round(np.mean(np.sqrt(abs(np.round(1/(9.462807075500898))))+array_x, axis=1))",0.0,1.0,1.0,0.5,1.0,0.33333334,0.6666667,0.41666666,0.33333334,0.0,0.6666667,1.0,0.45363694,0.5555951,0.3048163,0.38192904,0.6271485,0.3797389,0.31991485,0.33329886,0.3329658,0.4504504,0.32056236,0.5683724
"np.round(np.mean(np.square(-(array_x)), axis=1))",0.0,0.0,0.0,0.0,1.0,0.0,0.0,0.0,0.0,0.0,0.0,1.0,0.45363694,0.5555951,0.3048163,0.38192904,0.6271485,0.3797389,0.31991485,0.33329886,0.3329658,0.4504504,0.32056236,0.5683724
"np.round(np.mean(np.square(1/(np.square(np.log(abs(array_x)))))-8.297009577812211, axis=1))",0.0,1.0,0.0,0.0,0.0,0.0,0.0,0.0,0.0,0.0,0.0,0.0,0.45363694,0.5555951,0.3048163,0.38192904,0.6271485,0.3797389,0.31991485,0.33329886,0.3329658,0.4504504,0.32056236,0.5683724
"np.round(np.mean(np.square(10*(np.exp(np.sin(2*np.pi*array_x*array_x-9.376837044475375)))), axis=1))",0.5692308,0.2,0.045454547,0.71363634,0.32142857,0.5584416,0.48351648,0.32563025,0.43076923,0.6,0.5307692,0.08571429,0.45363694,0.5555951,0.3048163,0.38192904,0.6271485,0.3797389,0.31991485,0.33329886,0.3329658,0.4504504,0.32056236,0.5683724
"np.round(np.mean(np.square(4.6145107305340725-array_x*2.268843751675646/5.019753552932675+9.691828053437682), axis=1))",0.0,0.9814815,0.57629627,0.0,0.8307143,0.0,0.017857144,0.0,0.0,0.0,0.015625,0.90722495,0.45363694,0.5555951,0.3048163,0.38192904,0.6271485,0.3797389,0.31991485,0.33329886,0.3329658,0.4504504,0.32056236,0.5683724
"np.round(np.mean(np.square(4.622708473842468*array_x-1.299560179373815)-1.8965985263975225-3.672092916723415, axis=1))",0.33333334,0.41666666,0.29166666,0.0,0.75,0.0,0.0,0.0,0.0,0.53333336,0.0,1.0,0.45363694,0.5555951,0.3048163,0.38192904,0.6271485,0.3797389,0.31991485,0.33329886,0.3329658,0.4504504,0.32056236,0.5683724
"np.round(np.mean(np.square(8.143632939910237-np.exp(array_x/np.square(3.3033720880787367)))-8.752868793851663, axis=1))",0.0,1.0,1.0,0.25,1.0,0.16666667,0.55,0.25,0.36666667,0.0,0.36666667,1.0,0.45363694,0.5555951,0.3048163,0.38192904,0.6271485,0.3797389,0.31991485,0.33329886,0.3329658,0.4504504,0.32056236,0.5683724
"np.round(np.mean(np.square(array_x*1.6903774908799258)-4.240108675349547, axis=1))",0.0,0.5,0.0,0.0,1.0,0.0,0.0,0.0,0.0,0.0,0.0,0.0,0.45363694,0.5555951,0.3048163,0.38192904,0.6271485,0.3797389,0.31991485,0.33329886,0.3329658,0.4504504,0.32056236,0.5683724
"np.round(np.mean(np.square(array_x+5.477673781227266), axis=1))",0.0,0.81666666,0.5147059,0.0,0.9289216,0.0,0.06666667,0.0,0.0,0.0,0.0627451,0.87083334,0.45363694,0.5555951,0.3048163,0.38192904,0.6271485,0.3797389,0.31991485,0.33329886,0.3329658,0.4504504,0.32056236,0.5683724
"np.round(np.mean(np.square(np.log(abs(array_x*np.sqrt(abs(2.259154664162272))))*4.597828341558603/array_x-6.788095611349508), axis=1))",0.6969697,0.35858586,0.41428572,0.50793654,0.47272727,0.54545456,0.42222223,0.34848484,0.27272728,0.6666667,0.6272727,0.29166666,0.45363694,0.5555951,0.3048163,0.38192904,0.6271485,0.3797389,0.31991485,0.33329886,0.3329658,0.4504504,0.32056236,0.5683724
"np.round(np.mean(np.square(np.sin(2*np.pi*array_x+3.474724132298289)-1.9269025438050749), axis=1))",1.0,0.0,0.0,1.0,1.0,0.0,0.0,0.0,0.0,1.0,0.0,0.0,0.45363694,0.5555951,0.3048163,0.38192904,0.6271485,0.3797389,0.31991485,0.33329886,0.3329658,0.4504504,0.32056236,0.5683724
"np.round(np.prod(7.318070676347495+array_x, axis=1)*np.cos(2*np.pi*7.630864085577617))",0.0,0.9756435,0.4436225,0.0,0.9514399,0.0,6.5321125e-08,0.0,0.0,0.0,2.262107e-09,0.99947524,0.45363694,0.5555951,0.3048163,0.38192904,0.6271485,0.3797389,0.31991485,0.33329886,0.3329658,0.4504504,0.32056236,0.5683724
"np.round(np.prod(abs(np.round(4.74266362089167))-np.sqrt(abs(np.sqrt(abs(1.0231956448170518))))+array_x+array_x, axis=1))",0.0,0.9951777,0.6556323,0.0,0.9848308,0.0,1.4992798e-08,0.0,0.0,0.0,2.20647e-08,0.9938054,0.45363694,0.5555951,0.3048163,0.38192904,0.6271485,0.3797389,0.31991485,0.33329886,0.3329658,0.4504504,0.32056236,0.5683724
"np.round(np.prod(np.exp(array_x)*array_x-5.58131523915639-7.298508061033331/7.602028208989658+3.0372011544677324, axis=1))-9.526280782891744+10*(np.sin(2*np.pi*np.round(np.prod(np.exp(array_x)*array_x-2.796913108413958-1.2499727892194483/1.8443950491411045+2.2733375597150394, axis=1))-9.055640824996802))",0.0028150466,0.9999872,0.9787008,0.9785258,0.99999964,0.47863874,0.8790693,0.47852957,0.9785056,0.0469863,0.9785089,0.9999921,0.45363694,0.5555951,0.3048163,0.38192904,0.6271485,0.3797389,0.31991485,0.33329886,0.3329658,0.4504504,0.32056236,0.5683724
"np.round(np.prod(np.round(array_x)+1.0204070492278121-array_x-array_x, axis=1))",0.0,1.0,0.7856239,0.0,0.9771223,0.0,0.0015624324,0.0,0.0,0.0,0.0017012202,0.9734663,0.45363694,0.5555951,0.3048163,0.38192904,0.6271485,0.3797389,0.31991485,0.33329886,0.3329658,0.4504504,0.32056236,0.5683724
"np.round(np.round(4.197105648417609)*np.square(np.sum(np.exp(array_x), axis=1)))*9.502599516821693*array_x[:,0]-8.295285276365286/5.33429950200213",0.2366979,0.9713484,0.7569433,0.23119308,0.9433361,1.02751265e-07,0.26473644,0.23518287,0.23755105,0.23097356,0.2528499,0.9699115,0.45363694,0.5555951,0.3048163,0.38192904,0.6271485,0.3797389,0.31991485,0.33329886,0.3329658,0.4504504,0.32056236,0.5683724
"np.round(np.sqrt(abs(4.55781693554593))+np.mean(array_x-4.387113328707509, axis=1))+np.exp(np.sqrt(abs(3.6095007449820002)))",0.0,1.0,1.0,0.5,1.0,0.5,1.0,0.5,0.8333333,0.0,0.8333333,1.0,0.45363694,0.5555951,0.3048163,0.38192904,0.6271485,0.3797389,0.31991485,0.33329886,0.3329658,0.4504504,0.32056236,0.5683724
"np.round(np.sqrt(abs(np.amax(array_x-3.8412581790104663/8.077631375525524, axis=1)/3.167266741308506)))",0.0,1.0,1.0,0.0,1.0,0.5,0.0,0.0,0.5,0.0,0.0,1.0,0.45363694,0.5555951,0.3048163,0.38192904,0.6271485,0.3797389,0.31991485,0.33329886,0.3329658,0.4504504,0.32056236,0.5683724
"np.round(np.sqrt(abs(np.mean(np.exp(np.sqrt(abs(np.round(np.round(array_x))*9.827811433747241))), axis=1))))-7.80583196920219+10*(np.sin(2*np.pi*np.round(np.sqrt(abs(np.mean(np.exp(np.sqrt(abs(np.round(np.round(array_x))*9.256149542954564))), axis=1))))-5.258109326430859))",0.5,0.5,0.5,0.125,1.0,0.0,0.0,0.0,0.0,0.5,0.0,0.5,0.45363694,0.5555951,0.3048163,0.38192904,0.6271485,0.3797389,0.31991485,0.33329886,0.3329658,0.4504504,0.32056236,0.5683724
"np.round(np.sqrt(abs(np.mean(np.round(np.log(abs(array_x+8.898360407086134)))+4.52629062167447, axis=1))))",0.0,1.0,1.0,0.5,1.0,0.5,1.0,0.5,0.5,1.0,1.0,1.0,0.45363694,0.5555951,0.3048163,0.38192904,0.6271485,0.3797389,0.31991485,0.33329886,0.3329658,0.4504504,0.32056236,0.5683724
"np.round(np.sqrt(abs(np.prod(np.sqrt(abs(np.sqrt(abs(7.3206420171132995))+array_x)), axis=1))))",0.0,0.0,0.0,0.0,0.0,0.0,0.0,1.0,0.0,0.0,0.0,0.0,0.45363694,0.5555951,0.3048163,0.38192904,0.6271485,0.3797389,0.31991485,0.33329886,0.3329658,0.4504504,0.32056236,0.5683724
"np.round(np.sqrt(abs(np.sum(np.square(array_x)*np.sqrt(abs(2.519413390747222)), axis=1))))+10*(np.sin(2*np.pi*np.round(np.sqrt(abs(np.sum(np.square(array_x)*np.sqrt(abs(6.820267152339064)), axis=1))))))",0.41666666,0.5,1.0,0.0,0.75,0.0,0.0,0.0,0.0,0.0,0.0,0.5,0.45363694,0.5555951,0.3048163,0.38192904,0.6271485,0.3797389,0.31991485,0.33329886,0.3329658,0.4504504,0.32056236,0.5683724
"np.round(np.square(np.mean(array_x+3.766538176217154, axis=1)+abs(np.sin(2*np.pi*np.sin(2*np.pi*4.58157540829481))))-8.296880864733701)",0.0,1.0,0.25,0.0,1.0,0.0,0.0,0.0,0.0,0.0,0.0,1.0,0.45363694,0.5555951,0.3048163,0.38192904,0.6271485,0.3797389,0.31991485,0.33329886,0.3329658,0.4504504,0.32056236,0.5683724
"np.round(np.square(np.round(np.prod(np.sqrt(abs(array_x/9.228902759943319-8.87813312965575)), axis=1))))",0.0,0.9099251,0.3627243,0.0,0.74842024,0.0,0.0,0.0,0.0,0.0,0.0,0.992804,0.45363694,0.5555951,0.3048163,0.38192904,0.6271485,0.3797389,0.31991485,0.33329886,0.3329658,0.4504504,0.32056236,0.5683724
"np.round(np.square(np.sin(2*np.pi*9.551866186936401*9.918670642054687+array_x[:,0])+9.268077812143327-np.sqrt(abs(8.399683591608811)))+np.sqrt(abs(4.673042519158129))-np.sum((np.array(range(1, array_x.shape[1]+1)))/array_x, axis=1))",1.0,0.9995211,0.0,0.99999994,0.9962928,1.0,0.9999988,0.99999994,0.9999999,1.0,0.9999971,0.9894017,0.45363694,0.5555951,0.3048163,0.38192904,0.6271485,0.3797389,0.31991485,0.33329886,0.3329658,0.4504504,0.32056236,0.5683724
"np.round(np.sum(array_x+6.535017291090667, axis=1))",0.0,0.94827586,0.5769231,0.0,0.95150864,0.0,0.037087914,0.0,0.0,0.0,0.03846154,0.96352786,0.45363694,0.5555951,0.3048163,0.38192904,0.6271485,0.3797389,0.31991485,0.33329886,0.3329658,0.4504504,0.32056236,0.5683724
"np.round(np.sum(array_x, axis=1))+np.sin(2*np.pi*np.round(np.sum(array_x, axis=1)))",0.0,0.9451058,0.5535714,0.0,0.8730159,0.0,0.0,0.0,0.0,0.0,0.0,0.98,0.45363694,0.5555951,0.3048163,0.38192904,0.6271485,0.3797389,0.31991485,0.33329886,0.3329658,0.4504504,0.32056236,0.5683724
"np.round(np.sum(array_x, axis=1)+7.121998786010592)",0.0,0.8304598,0.5127042,0.0,0.9245014,0.0,0.016666668,0.0,0.0,0.0,0.033333335,0.96153843,0.45363694,0.5555951,0.3048163,0.38192904,0.6271485,0.3797389,0.31991485,0.33329886,0.3329658,0.4504504,0.32056236,0.5683724
"np.round(np.sum(array_x, axis=1)-4.318721168841231)+10*(np.sin(2*np.pi*np.round(np.sum(array_x, axis=1)-1.749181372560772)))",0.0,0.8718182,0.575,0.0,0.96153843,0.0,0.0,0.0,0.0,0.0,1.5125293e-14,0.9,0.45363694,0.5555951,0.3048163,0.38192904,0.6271485,0.3797389,0.31991485,0.33329886,0.3329658,0.4504504,0.32056236,0.5683724
"np.round(np.sum(np.sin(2*np.pi*np.square(2.8854616239356137/array_x)), axis=1))",0.5,0.41666666,0.0,1.0,0.5,0.8333333,0.5,0.6666667,0.5,0.8333333,0.5,0.5,0.45363694,0.5555951,0.3048163,0.38192904,0.6271485,0.3797389,0.31991485,0.33329886,0.3329658,0.4504504,0.32056236,0.5683724
"np.round(np.sum(np.sqrt(abs(np.round(np.cos(2*np.pi*8.1653510523722*array_x))))*array_x+np.cos(2*np.pi*8.760838543014879-5.052977700674417*array_x)/np.round(7.746757278504404)/array_x, axis=1))",0.9999463,0.9690802,0.9993324,0.9999335,0.9999994,0.9999634,0.9999307,0.9998908,0.9999465,0.99992603,0.997061,0.95538414,0.45363694,0.5555951,0.3048163,0.38192904,0.6271485,0.3797389,0.31991485,0.33329886,0.3329658,0.4504504,0.32056236,0.5683724
"np.sin(2*np.pi*-(np.mean(3.20968149911564+array_x, axis=1)))-np.mean(4.192311562552549+array_x, axis=1)",5.3201422e-08,0.999999,0.999999,0.5833335,0.999999,0.6666667,0.9999997,0.99999774,0.9999987,0.1666711,0.6666667,0.999999,0.45363694,0.5555951,0.3048163,0.38192904,0.6271485,0.3797389,0.31991485,0.33329886,0.3329658,0.4504504,0.32056236,0.5683724
"np.sin(2*np.pi*-(np.prod((np.array(range(1, array_x.shape[1]+1)))-3.4064059195790444-array_x, axis=1)/6.863302781147258))",0.15215844,0.027326012,0.11973323,0.032285854,0.039685406,0.03992994,0.09469651,0.02167268,0.4756883,0.062504925,0.04819648,0.013824525,0.45363694,0.5555951,0.3048163,0.38192904,0.6271485,0.3797389,0.31991485,0.33329886,0.3329658,0.4504504,0.32056236,0.5683724
"np.sin(2*np.pi*-(np.sqrt(abs(np.mean(2.41512124180357-array_x-np.exp(array_x), axis=1)))))-np.sqrt(abs(np.mean(3.8617656403031626-array_x-np.exp(array_x), axis=1)))",0.09406251,1.0,0.77666056,0.29030728,1.0,0.1934723,0.58148533,0.49817336,0.33154106,0.18223849,0.5319267,0.91583073,0.45363694,0.5555951,0.3048163,0.38192904,0.6271485,0.3797389,0.31991485,0.33329886,0.3329658,0.4504504,0.32056236,0.5683724
"np.sin(2*np.pi*-(np.square(np.mean(np.log(abs(array_x))-9.314022291445546, axis=1))))-np.square(np.mean(np.log(abs(array_x))-9.88795464234922, axis=1))",1.0,0.13223043,0.29011863,0.8632123,0.42592758,0.89386404,0.640576,0.77652276,0.7846662,0.9496057,0.58745533,0.0,0.45363694,0.5555951,0.3048163,0.38192904,0.6271485,0.3797389,0.31991485,0.33329886,0.3329658,0.4504504,0.32056236,0.5683724
"np.sin(2*np.pi*2.782271626246362)/np.square(np.sum(-(array_x)-np.sqrt(abs(6.072403631540086)), axis=1))",1.0,0.96103346,0.95086515,1.0,0.9990797,1.0,0.9999998,1.0,0.99999994,1.0,0.99999994,0.9523234,0.45363694,0.5555951,0.3048163,0.38192904,0.6271485,0.3797389,0.31991485,0.33329886,0.3329658,0.4504504,0.32056236,0.5683724
"np.sin(2*np.pi*2.9934525990593395-np.exp(np.mean(np.log(abs(array_x)), axis=1)/np.round(1/(1.0515107323775812))))",0.23399672,2.7715088e-09,1.9455053e-08,0.36749676,6.9090456e-06,0.2896973,0.022680208,0.040133543,0.0131441215,0.04533263,0.06867142,2.4827432e-06,0.45363694,0.5555951,0.3048163,0.38192904,0.6271485,0.3797389,0.31991485,0.33329886,0.3329658,0.4504504,0.32056236,0.5683724
"np.sin(2*np.pi*abs(np.sum(array_x, axis=1)))",0.17486222,0.048241932,3.085657e-05,0.53142774,0.0047216155,0.09700317,0.0073183356,0.07172331,0.09731024,0.2187411,0.047649477,0.0893717,0.45363694,0.5555951,0.3048163,0.38192904,0.6271485,0.3797389,0.31991485,0.33329886,0.3329658,0.4504504,0.32056236,0.5683724
"np.sin(2*np.pi*np.amax(2.6635786705483713+np.round(6.075448913826763)*array_x-array_x, axis=1))",0.15460452,0.0,0.0,0.077793,2.2086157e-07,0.04170719,0.0024709958,0.0050458363,0.05549301,0.41846895,0.00855186,3.9626707e-10,0.45363694,0.5555951,0.3048163,0.38192904,0.6271485,0.3797389,0.31991485,0.33329886,0.3329658,0.4504504,0.32056236,0.5683724
"np.sin(2*np.pi*np.cos(2*np.pi*10*(np.sqrt(abs(np.cos(2*np.pi*np.sum(6.638417320785877-array_x, axis=1)))))-np.square(9.530648004155108)))",0.16600418,0.034512945,0.037062276,0.3549597,0.11547258,0.030332666,0.22669153,0.09837538,0.1763403,0.1483118,0.1069735,0.09842503,0.45363694,0.5555951,0.3048163,0.38192904,0.6271485,0.3797389,0.31991485,0.33329886,0.3329658,0.4504504,0.32056236,0.5683724
"np.sin(2*np.pi*np.cos(2*np.pi*2.713221234799655/np.sum(np.sqrt(abs(array_x)), axis=1)))",0.00028491352,1.8055308e-09,0.238939,0.21209179,5.766028e-08,0.07581587,0.0858784,0.36938453,0.5734641,0.2793272,0.00014683722,3.7413042e-10,0.45363694,0.5555951,0.3048163,0.38192904,0.6271485,0.3797389,0.31991485,0.33329886,0.3329658,0.4504504,0.32056236,0.5683724
"np.sin(2*np.pi*np.cos(2*np.pi*np.sum(1.3850908536060036-(np.array(range(1, array_x.shape[1]+1)))-np.square(5.338218648627582)-(np.array(range(1, array_x.shape[1]+1)))*array_x*3.8221807539993455, axis=1)))",0.049096476,0.008631664,0.052389454,0.15030983,0.031206941,0.03805219,0.02975205,0.07378468,0.19500086,0.02314378,0.08734666,0.16951802,0.45363694,0.5555951,0.3048163,0.38192904,0.6271485,0.3797389,0.31991485,0.33329886,0.3329658,0.4504504,0.32056236,0.5683724
"np.sin(2*np.pi*np.exp(np.log(abs(2.542667742500399-np.sum(array_x, axis=1)))*np.round(np.sqrt(abs(np.exp(6.1717828181174825))))))",0.020899178,0.0933731,0.06089213,0.14988068,0.0045336015,0.08781473,0.09392553,0.04660073,0.054766238,0.06731323,0.0066529126,0.01874028,0.45363694,0.5555951,0.3048163,0.38192904,0.6271485,0.3797389,0.31991485,0.33329886,0.3329658,0.4504504,0.32056236,0.5683724
"np.sin(2*np.pi*np.log(abs(1/(np.square(-(np.amax(-(np.log(abs(2.377405487194206-array_x))), axis=1)))))))",0.027522579,1.3153486e-06,0.0,0.10982044,0.00014548977,0.11088067,0.004080357,0.044400446,0.03554156,0.11969877,0.19373167,0.00024031496,0.45363694,0.5555951,0.3048163,0.38192904,0.6271485,0.3797389,0.31991485,0.33329886,0.3329658,0.4504504,0.32056236,0.5683724
"np.sin(2*np.pi*np.mean(abs(np.square(array_x)), axis=1)/2.0232149249183027)",0.040220346,1.4759856e-05,0.0,0.37863618,0.0003428804,0.11088022,0.04015736,0.017443378,0.009274904,0.09382815,0.0069868886,0.0002049878,0.45363694,0.5555951,0.3048163,0.38192904,0.6271485,0.3797389,0.31991485,0.33329886,0.3329658,0.4504504,0.32056236,0.5683724
"np.sin(2*np.pi*np.mean(array_x/9.611554933747817, axis=1))",0.10922779,6.685038e-08,3.6740764e-09,0.05046813,5.0022013e-08,0.07347698,0.14489637,0.037786815,0.009728851,0.93886214,0.020415919,8.811448e-09,0.45363694,0.5555951,0.3048163,0.38192904,0.6271485,0.3797389,0.31991485,0.33329886,0.3329658,0.4504504,0.32056236,0.5683724
"np.sin(2*np.pi*np.mean(array_x/np.square(np.log(abs(3.0290273209583107))), axis=1))",0.09547618,9.569054e-06,2.444599e-08,1.0,1.952729e-05,0.10836497,0.044154894,0.017498901,0.025853489,0.21330106,0.0036740417,2.9642256e-06,0.45363694,0.5555951,0.3048163,0.38192904,0.6271485,0.3797389,0.31991485,0.33329886,0.3329658,0.4504504,0.32056236,0.5683724
"np.sin(2*np.pi*np.mean(np.round(np.exp(array_x))/1.367105086983763+3.111561715567494-np.square(np.sin(2*np.pi*np.square(6.489066986488634))), axis=1))",6.65067e-13,1.330134e-12,0.5,0.0,1.0,6.65067e-13,0.17336975,0.45439237,0.29470575,0.0,6.65067e-13,0.5,0.45363694,0.5555951,0.3048163,0.38192904,0.6271485,0.3797389,0.31991485,0.33329886,0.3329658,0.4504504,0.32056236,0.5683724
"np.sin(2*np.pi*np.mean(np.sqrt(abs(9.549373983592307))*array_x+2.329355481172255, axis=1))",0.21732117,0.0053219064,0.0,0.17687753,0.00066295045,0.054930963,0.03996286,0.052324682,0.1971396,0.0568753,0.026585609,0.0022805517,0.45363694,0.5555951,0.3048163,0.38192904,0.6271485,0.3797389,0.31991485,0.33329886,0.3329658,0.4504504,0.32056236,0.5683724
"np.sin(2*np.pi*np.mean(np.square(-(np.exp(5.115459236428433)*array_x)), axis=1))",0.012167159,0.06423938,0.112119496,0.039747894,0.031659566,0.06469099,0.079166315,0.048725206,0.020285985,0.032202415,0.13411127,0.092842646,0.45363694,0.5555951,0.3048163,0.38192904,0.6271485,0.3797389,0.31991485,0.33329886,0.3329658,0.4504504,0.32056236,0.5683724
"np.sin(2*np.pi*np.prod(6.127610808005263-array_x, axis=1))+np.sin(2*np.pi*np.sin(2*np.pi*np.prod(8.083548642069518-array_x, axis=1)))",0.33591855,0.20154327,0.039387412,0.26184678,0.16176093,0.36163467,0.33452484,0.28356782,0.57614845,0.3793698,0.15454452,0.2956748,0.45363694,0.5555951,0.3048163,0.38192904,0.6271485,0.3797389,0.31991485,0.33329886,0.3329658,0.4504504,0.32056236,0.5683724
"np.sin(2*np.pi*np.round(np.cos(2*np.pi*1.0933429947739148))-np.mean(np.cos(2*np.pi*-(array_x)), axis=1))",0.77821517,0.023375686,0.0,0.6571975,0.06686981,0.5922362,0.17158347,0.24144222,0.12765461,0.55604106,0.1628994,0.044710815,0.45363694,0.5555951,0.3048163,0.38192904,0.6271485,0.3797389,0.31991485,0.33329886,0.3329658,0.4504504,0.32056236,0.5683724
"np.sin(2*np.pi*np.sin(2*np.pi*np.log(abs(5.728234405564471))-np.round(np.sum(array_x, axis=1))/6.210166809393764))+10*(np.sin(2*np.pi*np.sin(2*np.pi*np.sin(2*np.pi*np.log(abs(3.829055020517535))-np.round(np.sum(array_x, axis=1))/3.5824444322779403))))",0.0,1.0,1.0,1.0,1.0,1.0,1.0,1.0,0.5,1.0,0.0,1.0,0.45363694,0.5555951,0.3048163,0.38192904,0.6271485,0.3797389,0.31991485,0.33329886,0.3329658,0.4504504,0.32056236,0.5683724
"np.sin(2*np.pi*np.sqrt(abs(5.85710675298472)))+np.square(np.sum(array_x, axis=1)*7.063920340971796+1.8980400015027679)",0.13250075,2.8474105e-07,1.4804308e-13,0.09116271,8.654546e-07,0.05730256,0.014020924,0.05462527,0.014375458,0.015161873,0.11787357,1.7948739e-07,0.45363694,0.5555951,0.3048163,0.38192904,0.6271485,0.3797389,0.31991485,0.33329886,0.3329658,0.4504504,0.32056236,0.5683724
"np.sin(2*np.pi*np.sqrt(abs(7.419886660558189))+np.square(np.sum(array_x, axis=1)+4.241585731473694))+np.sin(2*np.pi*np.sin(2*np.pi*np.sqrt(abs(5.98047319305419))+np.square(np.sum(array_x, axis=1)+5.964166406746638)))",0.4158102,0.018279005,0.078765996,0.15254106,0.017250748,0.04507586,0.06716054,0.10246561,0.2949334,0.4611537,0.14597172,0.023074627,0.45363694,0.5555951,0.3048163,0.38192904,0.6271485,0.3797389,0.31991485,0.33329886,0.3329658,0.4504504,0.32056236,0.5683724
"np.sin(2*np.pi*np.square(abs(np.cos(2*np.pi*1.237884278139852*np.sum(np.sin(2*np.pi*array_x), axis=1)/np.prod(array_x, axis=1))-1/(3.233077931191123))))+np.sin(2*np.pi*np.sin(2*np.pi*np.square(abs(np.cos(2*np.pi*5.155646769866728*np.sum(np.sin(2*np.pi*array_x), axis=1)/np.prod(array_x, axis=1))-1/(4.060229533618987)))))",0.47187203,0.31866136,0.15723418,0.60115546,0.24025293,0.4664626,0.24757959,0.35285726,0.07888057,0.14839008,0.26431936,0.6153931,0.45363694,0.5555951,0.3048163,0.38192904,0.6271485,0.3797389,0.31991485,0.33329886,0.3329658,0.4504504,0.32056236,0.5683724
"np.sin(2*np.pi*np.square(np.exp(6.3288696650456275)-np.amax(array_x, axis=1)))",0.36244014,0.100807376,0.007840012,0.022793863,0.022416271,0.007953288,0.061814383,0.05849591,0.07486222,0.0425621,0.27713972,0.15537271,0.45363694,0.5555951,0.3048163,0.38192904,0.6271485,0.3797389,0.31991485,0.33329886,0.3329658,0.4504504,0.32056236,0.5683724
"np.sin(2*np.pi*np.sum(np.sin(2*np.pi*1/(10*(9.465212917371172-array_x*3.9962505389865033))), axis=1))+np.sin(2*np.pi*np.sin(2*np.pi*np.sum(np.sin(2*np.pi*1/(10*(5.806648436884656-array_x*9.564312802660261))), axis=1)))",0.31854275,0.0037399137,0.0,0.1765664,0.0003273507,0.15413721,0.0516903,0.08846342,0.15977992,0.19628717,0.043766946,0.00061909214,0.45363694,0.5555951,0.3048163,0.38192904,0.6271485,0.3797389,0.31991485,0.33329886,0.3329658,0.4504504,0.32056236,0.5683724
"np.sin(2*np.pi*np.sum(np.sin(2*np.pi*8.596855433106583+array_x+10*(4.972958204985382))-np.exp(9.444589348237185+np.round((np.array(range(1, array_x.shape[1]+1))))/np.round(1.6730360468546577)), axis=1))",0.013007904,0.0014015976,0.0,0.18082653,0.0042610117,0.15454613,0.2636067,0.051336765,0.092708044,0.03390202,0.04071692,0.19487217,0.45363694,0.5555951,0.3048163,0.38192904,0.6271485,0.3797389,0.31991485,0.33329886,0.3329658,0.4504504,0.32056236,0.5683724
"np.sin(2*np.pi*np.sum(np.sqrt(abs(6.214751362691448+array_x))+np.cumsum(np.round(array_x/array_x+6.586751615006499), axis=1)+np.square(4.266974839712644)*array_x, axis=1))",0.036879286,0.10823992,0.010967059,0.041288562,0.0020618562,0.21241131,0.20046651,0.0657443,0.062100768,0.07117451,0.0023003307,0.17349075,0.45363694,0.5555951,0.3048163,0.38192904,0.6271485,0.3797389,0.31991485,0.33329886,0.3329658,0.4504504,0.32056236,0.5683724
"np.sin(2*np.pi*np.sum(np.sqrt(abs(array_x*array_x)), axis=1))+np.sin(2*np.pi*np.sin(2*np.pi*np.sum(np.sqrt(abs(array_x*array_x)), axis=1)))",0.23943907,0.013249664,0.037523206,0.08429831,0.050012607,0.28339246,0.05201751,0.06361938,0.05435172,0.08929782,0.04974517,0.12968625,0.45363694,0.5555951,0.3048163,0.38192904,0.6271485,0.3797389,0.31991485,0.33329886,0.3329658,0.4504504,0.32056236,0.5683724
"np.sin(2*np.pi*np.sum(np.square(9.046099392624466)*10*(array_x)/4.817722795890198, axis=1))",0.3911105,0.051597033,0.02382819,0.054040365,0.065090075,0.1624745,0.07791738,0.22386599,0.09063445,0.055312056,0.08208987,0.028373834,0.45363694,0.5555951,0.3048163,0.38192904,0.6271485,0.3797389,0.31991485,0.33329886,0.3329658,0.4504504,0.32056236,0.5683724
"np.sqrt(abs(1/(-(np.round(np.sum(array_x+10*(np.round(9.946013037710054)), axis=1))+np.square(np.cos(2*np.pi*np.sqrt(abs(9.609304108730953))))))))",0.0,1.0,0.5446659,0.0,0.87545115,0.0,0.0,0.0,0.0,0.0,0.03937694,0.9522984,0.45363694,0.5555951,0.3048163,0.38192904,0.6271485,0.3797389,0.31991485,0.33329886,0.3329658,0.4504504,0.32056236,0.5683724
"np.sqrt(abs(1/(6.8330239473505765)))/np.mean(abs(np.cumsum(np.sin(2*np.pi*np.square(np.log(abs(array_x)))), axis=1))-1/(7.906352203223964), axis=1)",0.8888626,0.047580153,0.0,0.52873605,0.27076486,0.5708756,0.19939925,0.27055222,0.19589056,0.77396554,0.17511874,0.1293204,0.45363694,0.5555951,0.3048163,0.38192904,0.6271485,0.3797389,0.31991485,0.33329886,0.3329658,0.4504504,0.32056236,0.5683724
"np.sqrt(abs(1/(np.sin(2*np.pi*np.square(np.prod(9.978398991551341/array_x, axis=1))))/7.684485721448786))",0.057941865,0.30087364,0.18847658,0.008204225,0.013750178,0.031348474,0.023799269,0.025363075,0.06882103,0.07522997,0.14591001,0.25192952,0.45363694,0.5555951,0.3048163,0.38192904,0.6271485,0.3797389,0.31991485,0.33329886,0.3329658,0.4504504,0.32056236,0.5683724
"np.sqrt(abs(10*(8.773462893478726)*np.sqrt(abs(4.913709330742778/np.prod(array_x/6.785077611045058, axis=1)))))",5.479919e-16,0.72681093,0.0123742875,1.1027285e-15,0.5003949,2.015046e-15,9.821963e-10,5.1093324e-16,2.510517e-16,6.758208e-16,3.4653933e-09,0.994421,0.45363694,0.5555951,0.3048163,0.38192904,0.6271485,0.3797389,0.31991485,0.33329886,0.3329658,0.4504504,0.32056236,0.5683724
"np.sqrt(abs(10*(np.amax(array_x, axis=1))))",0.6181593,4.110031e-07,1.278713e-05,0.1275838,0.00011930198,0.161096,0.009260111,0.063653626,0.03600763,0.73110044,0.003456108,0.0,0.45363694,0.5555951,0.3048163,0.38192904,0.6271485,0.3797389,0.31991485,0.33329886,0.3329658,0.4504504,0.32056236,0.5683724
"np.sqrt(abs(10*(np.mean(np.sin(2*np.pi*abs(array_x)), axis=1))))",0.3140297,0.2248715,0.0,0.3744398,0.2511861,0.46582887,0.76015943,0.45228812,0.70043373,0.5009161,0.24110384,0.4442427,0.45363694,0.5555951,0.3048163,0.38192904,0.6271485,0.3797389,0.31991485,0.33329886,0.3329658,0.4504504,0.32056236,0.5683724
"np.sqrt(abs(10*(np.prod(array_x, axis=1))+np.prod(array_x-2.4168511470810525, axis=1)))+np.sin(2*np.pi*np.sqrt(abs(10*(np.prod(array_x, axis=1))+np.prod(array_x-4.7756925676095765, axis=1))))",0.51810294,0.019034823,0.0,0.17854261,0.028737353,0.4127139,0.20728117,0.26855806,0.17226054,1.0,0.15098885,0.04207652,0.45363694,0.5555951,0.3048163,0.38192904,0.6271485,0.3797389,0.31991485,0.33329886,0.3329658,0.4504504,0.32056236,0.5683724
"np.sqrt(abs(2.1806331406599617-np.sum(1/(array_x)+4.414662867045681, axis=1)))",0.30406046,0.0056268186,0.0003042913,0.43718943,0.010006502,0.2656172,0.2048971,0.14899303,0.31077582,0.7949016,0.17202993,0.005859611,0.45363694,0.5555951,0.3048163,0.38192904,0.6271485,0.3797389,0.31991485,0.33329886,0.3329658,0.4504504,0.32056236,0.5683724
"np.sqrt(abs(6.195312072622471*array_x[:,0]))*4.143402680868504/np.mean(np.exp(array_x), axis=1)",1.0,4.873505e-08,1.9462108e-05,0.12651849,8.22815e-05,0.18704437,0.003012298,0.077388376,0.12191104,0.5352445,0.003806054,9.600057e-09,0.45363694,0.5555951,0.3048163,0.38192904,0.6271485,0.3797389,0.31991485,0.33329886,0.3329658,0.4504504,0.32056236,0.5683724
"np.sqrt(abs(np.amax(10*(np.sin(2*np.pi*9.138179799252034/array_x+4.232365955122355)), axis=1)))",0.62349445,0.13468233,0.0,0.454277,0.49135533,0.47682923,0.562188,0.3710218,0.38595635,0.4535764,0.43938807,0.31594637,0.45363694,0.5555951,0.3048163,0.38192904,0.6271485,0.3797389,0.31991485,0.33329886,0.3329658,0.4504504,0.32056236,0.5683724
"np.sqrt(abs(np.exp(np.amax(np.sin(2*np.pi*np.log(abs(3.2482742339399824+(np.array(range(1, array_x.shape[1]+1)))*array_x))/5.649898046889613)-np.cos(2*np.pi*np.sqrt(abs((np.array(range(1, array_x.shape[1]+1)))*array_x+(np.array(range(1, array_x.shape[1]+1)))*array_x))), axis=1))))",0.56741047,0.56224245,0.38361973,0.6976719,0.3942393,0.4376382,0.27047765,0.2586589,0.27323312,0.7665436,0.35733745,0.4860922,0.45363694,0.5555951,0.3048163,0.38192904,0.6271485,0.3797389,0.31991485,0.33329886,0.3329658,0.4504504,0.32056236,0.5683724
"np.sqrt(abs(np.exp(np.mean((np.array(range(1, array_x.shape[1]+1)))*array_x, axis=1))))+np.exp(8.523262125759537)",0.0,0.74052346,0.023748726,0.0,0.9652823,0.0,2.7405653e-09,0.0,0.0,0.0,8.9827275e-09,0.49107602,0.45363694,0.5555951,0.3048163,0.38192904,0.6271485,0.3797389,0.31991485,0.33329886,0.3329658,0.4504504,0.32056236,0.5683724
"np.sqrt(abs(np.exp(np.mean(7.388992594066792/np.sqrt(abs(np.cos(2*np.pi*array_x/np.sin(2*np.pi*2.4498728235278704)))), axis=1))))+10*(np.sin(2*np.pi*np.sqrt(abs(np.exp(np.mean(8.233576055071865/np.sqrt(abs(np.cos(2*np.pi*array_x/np.sin(2*np.pi*3.5041889851561985)))), axis=1))))))",0.6188181,0.26836914,0.0,0.5193442,0.4642587,0.47160184,0.4948028,0.5088864,0.6462089,0.5973169,0.516007,0.29695287,0.45363694,0.5555951,0.3048163,0.38192904,0.6271485,0.3797389,0.31991485,0.33329886,0.3329658,0.4504504,0.32056236,0.5683724
"np.sqrt(abs(np.log(abs(1.2794500572124199))))-array_x[:,0]/np.cos(2*np.pi*np.mean(array_x, axis=1))",0.99915934,0.9629947,0.5312631,0.999856,0.84710014,0.99990326,0.9997872,0.9995524,0.9996675,0.998702,0.9994316,0.9950159,0.45363694,0.5555951,0.3048163,0.38192904,0.6271485,0.3797389,0.31991485,0.33329886,0.3329658,0.4504504,0.32056236,0.5683724
"np.sqrt(abs(np.log(abs(np.sum(array_x-1.8815783769554502, axis=1)))))",0.83719265,0.025080921,0.0006186898,0.67603004,0.026291307,0.57747865,0.5886517,0.6114446,0.51338995,0.7211939,0.4786887,0.03985819,0.45363694,0.5555951,0.3048163,0.38192904,0.6271485,0.3797389,0.31991485,0.33329886,0.3329658,0.4504504,0.32056236,0.5683724
"np.sqrt(abs(np.mean(1.5371401856754217-array_x, axis=1)))+abs(np.exp(-(7.436959222323065)))-np.exp(-(3.2339093378166273))",0.90411764,0.026288908,0.00044880563,0.57534885,0.03558325,0.4554005,0.39669457,0.478236,0.5751345,0.6579983,0.47796828,0.0070218043,0.45363694,0.5555951,0.3048163,0.38192904,0.6271485,0.3797389,0.31991485,0.33329886,0.3329658,0.4504504,0.32056236,0.5683724
"np.sqrt(abs(np.mean(4.266015529936547+abs(array_x)*np.cos(2*np.pi*array_x), axis=1)-6.281409799706793))",0.22373042,0.0023030762,3.030633e-05,0.4821795,0.0043062195,0.16232257,0.19227897,0.14471073,0.20591934,0.41411984,0.15111615,0.00619458,0.45363694,0.5555951,0.3048163,0.38192904,0.6271485,0.3797389,0.31991485,0.33329886,0.3329658,0.4504504,0.32056236,0.5683724
"np.sqrt(abs(np.mean(4.496807549777404*np.sqrt(abs(np.sqrt(abs((np.array(range(1, array_x.shape[1]+1)))+(np.array(range(1, array_x.shape[1]+1)))*array_x+2.2281615839987996))+3.2280477755545363)), axis=1)))",0.88826054,0.5316082,0.13311501,0.48988834,0.9556386,0.5573914,0.0514638,0.36665776,0.30096263,0.82526255,0.048550934,0.5472899,0.45363694,0.5555951,0.3048163,0.38192904,0.6271485,0.3797389,0.31991485,0.33329886,0.3329658,0.4504504,0.32056236,0.5683724
"np.sqrt(abs(np.mean(array_x, axis=1)))",0.6419416,0.015316029,0.0010965309,0.861064,0.050188795,0.61111695,0.5236289,0.52418506,0.51828206,0.7801787,0.6063099,0.019800022,0.45363694,0.5555951,0.3048163,0.38192904,0.6271485,0.3797389,0.31991485,0.33329886,0.3329658,0.4504504,0.32056236,0.5683724
"np.sqrt(abs(np.mean(array_x-6.496233426462398, axis=1)))",0.0,0.99366546,0.38875568,5.661906e-16,0.8175365,3.8454155e-16,1.0315905e-08,6.070363e-16,8.46251e-16,3.2308023e-16,4.6536255e-09,0.99176246,0.45363694,0.5555951,0.3048163,0.38192904,0.6271485,0.3797389,0.31991485,0.33329886,0.3329658,0.4504504,0.32056236,0.5683724
"np.sqrt(abs(np.mean(array_x-9.01111807486772, axis=1)))+np.amax(array_x+np.sqrt(abs(9.492854427584286)), axis=1)",6.1764905e-13,0.96370167,0.8251179,2.3432744e-11,1.0,2.2065037e-11,0.0017372872,1.2157123e-12,3.281738e-11,0.0,0.09658224,0.94679993,0.45363694,0.5555951,0.3048163,0.38192904,0.6271485,0.3797389,0.31991485,0.33329886,0.3329658,0.4504504,0.32056236,0.5683724
"np.sqrt(abs(np.mean(array_x/np.cos(2*np.pi*2.172513085262598), axis=1)+4.5280597714349184))+np.sin(2*np.pi*np.sqrt(abs(np.mean(array_x/np.cos(2*np.pi*6.055298537883885), axis=1)+4.013608393918198)))",0.59513867,1.8320504e-08,1.1844058e-10,0.014188685,1.3313162e-07,0.5867517,0.029171387,0.008831425,0.062770806,0.4089771,0.050174717,2.7397755e-07,0.45363694,0.5555951,0.3048163,0.38192904,0.6271485,0.3797389,0.31991485,0.33329886,0.3329658,0.4504504,0.32056236,0.5683724
"np.sqrt(abs(np.mean(np.log(abs(1.4407618250551029-array_x))-9.409022272232102, axis=1)))",0.20135508,0.90745974,0.19245848,7.505116e-15,0.80122036,0.17377286,2.7432154e-08,0.0,0.09444542,0.0,0.17377286,0.9588653,0.45363694,0.5555951,0.3048163,0.38192904,0.6271485,0.3797389,0.31991485,0.33329886,0.3329658,0.4504504,0.32056236,0.5683724
"np.sqrt(abs(np.mean(np.round(array_x)+np.sin(2*np.pi*array_x)/10*(4.512389032371862), axis=1)+1.4925523718765685))",0.48042777,0.040918335,0.0,0.3503484,0.025467325,0.55757374,0.4804635,0.53751117,0.4898381,0.90331,0.29914942,0.013428937,0.45363694,0.5555951,0.3048163,0.38192904,0.6271485,0.3797389,0.31991485,0.33329886,0.3329658,0.4504504,0.32056236,0.5683724
"np.sqrt(abs(np.mean(np.sin(2*np.pi*(np.array(range(1, array_x.shape[1]+1)))*4.1413932699849205)/array_x, axis=1)))",0.67873675,0.05529983,0.0,0.56313753,0.016874248,0.30339777,0.2693292,0.1795778,0.25289264,0.40215462,0.49477395,0.0035612904,0.45363694,0.5555951,0.3048163,0.38192904,0.6271485,0.3797389,0.31991485,0.33329886,0.3329658,0.4504504,0.32056236,0.5683724
"np.sqrt(abs(np.mean(np.sqrt(abs(1.572593345196578-array_x)), axis=1)-8.729649792289113))",0.23112749,0.9513302,0.24835223,0.113321334,0.7851536,0.13940144,1.0051107e-06,0.13652824,0.0,0.0,0.13290039,0.95332235,0.45363694,0.5555951,0.3048163,0.38192904,0.6271485,0.3797389,0.31991485,0.33329886,0.3329658,0.4504504,0.32056236,0.5683724
"np.sqrt(abs(np.mean(np.sqrt(abs(6.661550288215446))/array_x, axis=1)))+1/(1.1912336476966257)+10*(np.sin(2*np.pi*np.sqrt(abs(np.mean(np.sqrt(abs(6.227037195431291))/array_x, axis=1)))+1/(4.44112718696263)))",0.19017075,4.8401625e-06,0.0,0.15683109,0.00015208276,0.0900337,0.12926269,0.10190231,0.02749078,0.1047549,0.1103485,3.535793e-06,0.45363694,0.5555951,0.3048163,0.38192904,0.6271485,0.3797389,0.31991485,0.33329886,0.3329658,0.4504504,0.32056236,0.5683724
"np.sqrt(abs(np.prod(array_x-np.sqrt(abs(array_x)), axis=1)))-7.010973584424805+np.sin(2*np.pi*np.sqrt(abs(np.prod(array_x-np.sqrt(abs(array_x)), axis=1)))-5.481156642760464)",0.1327701,9.032479e-07,0.0,0.3811817,5.6564613e-06,0.14174613,0.02567022,0.061968435,0.004112963,0.15333812,0.15928712,7.767719e-07,0.45363694,0.5555951,0.3048163,0.38192904,0.6271485,0.3797389,0.31991485,0.33329886,0.3329658,0.4504504,0.32056236,0.5683724
"np.sqrt(abs(np.round(5.035889805128613/np.mean(array_x, axis=1))))",0.0,1.0,1.0,1.0,1.0,1.0,1.0,1.0,1.0,0.28291312,1.0,1.0,0.45363694,0.5555951,0.3048163,0.38192904,0.6271485,0.3797389,0.31991485,0.33329886,0.3329658,0.4504504,0.32056236,0.5683724
"np.sqrt(abs(np.round(np.sum(np.exp(array_x), axis=1))))",0.0,0.8802263,0.70710677,0.0,1.0,0.0,0.45412415,0.0,0.0,0.0,0.5,0.90364903,0.45363694,0.5555951,0.3048163,0.38192904,0.6271485,0.3797389,0.31991485,0.33329886,0.3329658,0.4504504,0.32056236,0.5683724
"np.sqrt(abs(np.sin(2*np.pi*-(np.round(1.458998215682295))*np.prod(np.exp(array_x+8.689002291089977), axis=1))))",0.37692133,0.4062092,0.47709998,0.5317172,0.45855623,0.43344274,0.27308872,0.4111126,0.21052502,0.4467102,0.5406945,0.8723777,0.45363694,0.5555951,0.3048163,0.38192904,0.6271485,0.3797389,0.31991485,0.33329886,0.3329658,0.4504504,0.32056236,0.5683724
"np.sqrt(abs(np.sin(2*np.pi*3.0059342728430902+np.sum(array_x+2.7911650692760137+3.813665021127998, axis=1))))",0.52458817,0.30234736,0.0,0.71788156,0.100212,0.60355014,0.47575563,0.60429823,0.4884305,0.8619931,0.30998364,0.14435986,0.45363694,0.5555951,0.3048163,0.38192904,0.6271485,0.3797389,0.31991485,0.33329886,0.3329658,0.4504504,0.32056236,0.5683724
"np.sqrt(abs(np.sin(2*np.pi*4.9977704601715285)))+1/(np.sum((np.array(range(1, array_x.shape[1]+1)))*array_x+6.391281442489543, axis=1))",0.99966,0.9072189,0.0,0.9938863,0.9887278,0.99754196,0.9996597,0.99639386,0.99595857,0.9986008,0.9991557,0.95848,0.45363694,0.5555951,0.3048163,0.38192904,0.6271485,0.3797389,0.31991485,0.33329886,0.3329658,0.4504504,0.32056236,0.5683724
"np.sqrt(abs(np.sin(2*np.pi*np.amax(array_x-np.exp(7.26298168741919), axis=1))))",0.8056148,0.0,4.759692e-05,0.34695974,0.0005823131,0.4573421,0.06493428,0.42318913,0.34764746,0.8928641,0.066115655,2.2211892e-05,0.45363694,0.5555951,0.3048163,0.38192904,0.6271485,0.3797389,0.31991485,0.33329886,0.3329658,0.4504504,0.32056236,0.5683724
"np.sqrt(abs(np.sin(2*np.pi*np.mean(1.8649317442539353*array_x+7.781458839121326, axis=1)-np.log(abs(5.997165106082919)))))+np.sin(2*np.pi*np.sqrt(abs(np.sin(2*np.pi*np.mean(2.7847080760995606*array_x+1.8802724111445555, axis=1)-np.log(abs(9.48910168856456))))))",0.64785975,0.67423815,0.9923135,0.34483922,0.87951833,0.43960494,0.56322414,0.71031547,0.6843091,0.05266003,0.72131586,0.6846464,0.45363694,0.5555951,0.3048163,0.38192904,0.6271485,0.3797389,0.31991485,0.33329886,0.3329658,0.4504504,0.32056236,0.5683724
"np.sqrt(abs(np.sin(2*np.pi*np.mean(4.19110075269057/10*(array_x), axis=1)-np.sin(2*np.pi*6.165110620769228))/10*(2.3509614799532583)))",0.69663495,0.03583613,0.00069612963,0.3562618,0.043593124,0.6601997,0.5978604,0.37856773,0.25694466,0.42338336,0.40642244,0.009899894,0.45363694,0.5555951,0.3048163,0.38192904,0.6271485,0.3797389,0.31991485,0.33329886,0.3329658,0.4504504,0.32056236,0.5683724
"np.sqrt(abs(np.sin(2*np.pi*np.sum(np.log(abs(array_x)), axis=1))-2.262124668831908))",0.07250753,0.005645705,0.00022015309,0.123013504,0.047442485,0.06573813,0.13375345,0.24402581,0.033224918,0.074331425,0.027220065,0.011848949,0.45363694,0.5555951,0.3048163,0.38192904,0.6271485,0.3797389,0.31991485,0.33329886,0.3329658,0.4504504,0.32056236,0.5683724
"np.sqrt(abs(np.sin(2*np.pi*np.sum(np.square(5.365208828690065-np.cos(2*np.pi*array_x+1.7747152102819341)), axis=1))))",0.51847804,0.26632267,0.6376154,0.16009827,0.39122215,0.49436328,0.714408,0.39778903,0.5545668,0.7285884,0.29522684,0.41724023,0.45363694,0.5555951,0.3048163,0.38192904,0.6271485,0.3797389,0.31991485,0.33329886,0.3329658,0.4504504,0.32056236,0.5683724
"np.sqrt(abs(np.sqrt(abs(10*(10*(-(6.3228425395698045/np.sum(6.177000039402592-array_x, axis=1))*1.6043878365489355))))))+np.sin(2*np.pi*np.sqrt(abs(np.sqrt(abs(10*(10*(-(3.0063577015823206/np.sum(7.85482617771014-array_x, axis=1))*2.3579414090217368)))))))",0.44737554,2.7536976e-06,4.988356e-08,0.033983152,1.9644656e-06,0.07244593,0.020523274,0.008553028,0.10701266,0.118200354,0.01957166,2.3706366e-06,0.45363694,0.5555951,0.3048163,0.38192904,0.6271485,0.3797389,0.31991485,0.33329886,0.3329658,0.4504504,0.32056236,0.5683724
"np.sqrt(abs(np.sqrt(abs(5.274026869537567-np.mean(array_x, axis=1)+np.cos(2*np.pi*np.exp(7.325321036860733))))))",0.0,0.9960978,0.5387643,1.4478287e-15,0.8804362,0.0,2.3911985e-08,7.0183313e-16,2.633684e-15,0.0,1.0539839e-08,0.9949048,0.45363694,0.5555951,0.3048163,0.38192904,0.6271485,0.3797389,0.31991485,0.33329886,0.3329658,0.4504504,0.32056236,0.5683724
"np.sqrt(abs(np.sqrt(abs(5.953305498470666))+np.log(abs(np.sum(np.cumsum(array_x, axis=1), axis=1)))/9.244081476994022))",0.88285965,0.41937417,0.07597856,0.92547435,0.47879386,0.914854,0.8925044,0.82631725,0.85669583,0.9350626,0.896239,0.050822362,0.45363694,0.5555951,0.3048163,0.38192904,0.6271485,0.3797389,0.31991485,0.33329886,0.3329658,0.4504504,0.32056236,0.5683724
"np.sqrt(abs(np.sqrt(abs(8.079794484000619))))/np.sum(np.exp(array_x)/array_x-5.0177724617398685, axis=1)",0.9998339,0.99548155,0.0,0.9999593,0.9928276,0.9998843,0.99997205,0.9997419,0.99991083,0.99991983,0.9998562,0.9450191,0.45363694,0.5555951,0.3048163,0.38192904,0.6271485,0.3797389,0.31991485,0.33329886,0.3329658,0.4504504,0.32056236,0.5683724
"np.sqrt(abs(np.sqrt(abs(np.cos(2*np.pi*1.6162293862064463)-np.prod(np.square(1/(array_x)), axis=1)))))",0.0,0.38873133,0.0025493512,0.0,0.1749156,0.0,0.0,0.0,0.0,0.0,0.0,0.9786362,0.45363694,0.5555951,0.3048163,0.38192904,0.6271485,0.3797389,0.31991485,0.33329886,0.3329658,0.4504504,0.32056236,0.5683724
"np.sqrt(abs(np.sqrt(abs(np.mean(2.2709127082389338+array_x/5.1303795055061245*8.734854102063212*array_x, axis=1)))))",1.0,0.17455058,0.006155815,0.09422231,0.30824375,0.12696402,0.00056716474,0.024804538,0.031279046,0.82063144,0.0035938926,0.24351057,0.45363694,0.5555951,0.3048163,0.38192904,0.6271485,0.3797389,0.31991485,0.33329886,0.3329658,0.4504504,0.32056236,0.5683724
"np.sqrt(abs(np.sqrt(abs(np.mean(np.log(abs(array_x)), axis=1)))))-7.925581310317316*5.0911669386667135-array_x[:,0]*3.095934585868614-3.202068731726824",0.6094842,0.117165886,0.06313463,0.87371016,0.11665659,0.7152151,0.8514788,0.4391465,0.655973,0.7199773,0.5762459,0.0041145566,0.45363694,0.5555951,0.3048163,0.38192904,0.6271485,0.3797389,0.31991485,0.33329886,0.3329658,0.4504504,0.32056236,0.5683724
"np.sqrt(abs(np.sqrt(abs(np.sum(array_x, axis=1)-7.232922663060839))))*3.031096510591398",0.6875154,0.055220094,0.0005394487,0.62965006,0.121822216,0.79426324,0.46620652,0.77999187,0.59125197,0.7363211,0.52612877,0.1332584,0.45363694,0.5555951,0.3048163,0.38192904,0.6271485,0.3797389,0.31991485,0.33329886,0.3329658,0.4504504,0.32056236,0.5683724
"np.sqrt(abs(np.sqrt(abs(np.sum(np.log(abs(5.443142450363915))/np.sqrt(abs(6.798048657318476))*array_x, axis=1)))))+10*(np.sin(2*np.pi*np.sqrt(abs(np.sqrt(abs(np.sum(np.log(abs(9.774965212605034))/np.sqrt(abs(6.566692077433114))*array_x, axis=1)))))))",0.048981316,0.0017124658,0.0,0.047599267,0.00035509694,0.03990076,0.010989462,0.01201107,0.011613239,0.35653567,0.06531884,0.0012791229,0.45363694,0.5555951,0.3048163,0.38192904,0.6271485,0.3797389,0.31991485,0.33329886,0.3329658,0.4504504,0.32056236,0.5683724
"np.sqrt(abs(np.sqrt(abs(np.sum(np.sqrt(abs(np.exp(array_x))), axis=1)-3.2265838773664055))))",0.17681435,0.022492202,0.0,0.12767875,0.8553673,0.15150088,0.10882965,0.11976472,0.12620965,0.12234294,0.1033582,0.8910805,0.45363694,0.5555951,0.3048163,0.38192904,0.6271485,0.3797389,0.31991485,0.33329886,0.3329658,0.4504504,0.32056236,0.5683724
"np.sqrt(abs(np.square(array_x[:,0]/2.7364045721869257)/np.mean(5.8974013200206254/abs(array_x), axis=1)))+np.sin(2*np.pi*np.sqrt(abs(np.square(array_x[:,0]/1.417117933927092)/np.mean(7.765182230445822/abs(array_x), axis=1))))",0.11002725,8.506253e-09,6.419809e-11,0.13348079,3.1379295e-07,0.2785559,0.026550563,0.109018244,0.011054972,0.53615445,0.005603429,6.0808425e-09,0.45363694,0.5555951,0.3048163,0.38192904,0.6271485,0.3797389,0.31991485,0.33329886,0.3329658,0.4504504,0.32056236,0.5683724
"np.sqrt(abs(np.sum(1.1804175656821867+array_x*8.703874401716774+array_x, axis=1)))",0.67439425,0.03376537,0.0,0.55164915,0.0478475,0.5415693,0.48975554,0.2963471,0.38390654,0.57602066,0.5551738,0.021852698,0.45363694,0.5555951,0.3048163,0.38192904,0.6271485,0.3797389,0.31991485,0.33329886,0.3329658,0.4504504,0.32056236,0.5683724
"np.sqrt(abs(np.sum(3.707047238618794+np.square(array_x), axis=1)))+3.6750243803584466",1.0,0.17199011,0.00603128,0.09192994,0.30402055,0.124556735,0.0005504311,0.024398446,0.03057665,0.818607,0.0034978346,0.2396524,0.45363694,0.5555951,0.3048163,0.38192904,0.6271485,0.3797389,0.31991485,0.33329886,0.3329658,0.4504504,0.32056236,0.5683724
"np.sqrt(abs(np.sum(7.428645027660117*np.square(1/(array_x))+array_x, axis=1)))+10*(np.sin(2*np.pi*np.sqrt(abs(np.sum(4.7216036242544*np.square(1/(array_x))+array_x, axis=1)))))",0.10902939,0.8876511,0.6104515,0.050920717,0.97636724,0.057965003,0.09253524,0.023257993,0.026443562,0.10928652,0.031869896,0.8780146,0.45363694,0.5555951,0.3048163,0.38192904,0.6271485,0.3797389,0.31991485,0.33329886,0.3329658,0.4504504,0.32056236,0.5683724
"np.sqrt(abs(np.sum(array_x, axis=1)))+np.sin(2*np.pi*np.sqrt(abs(np.sum(array_x, axis=1))))",0.18032438,1.9858126e-05,5.17674e-07,0.20994848,0.00017726651,0.07020332,0.02572889,0.05553877,0.16125025,0.44080827,0.042405244,3.511218e-05,0.45363694,0.5555951,0.3048163,0.38192904,0.6271485,0.3797389,0.31991485,0.33329886,0.3329658,0.4504504,0.32056236,0.5683724
"np.sqrt(abs(np.sum(array_x, axis=1)*2.286939026576369))/np.sum(array_x-6.079796273486679+array_x, axis=1)+np.sin(2*np.pi*np.sqrt(abs(np.sum(array_x, axis=1)*6.374115720712091))/np.sum(array_x-8.091719997340327+array_x, axis=1))",0.8410346,1.0,1.0,0.9134685,1.0,0.89740574,1.0,0.9266611,0.99986124,0.9732337,1.0,1.0,0.45363694,0.5555951,0.3048163,0.38192904,0.6271485,0.3797389,0.31991485,0.33329886,0.3329658,0.4504504,0.32056236,0.5683724
"np.sqrt(abs(np.sum(np.cos(2*np.pi*1.8833939163269786+array_x*1.1949873562061617*(np.array(range(1, array_x.shape[1]+1)))), axis=1)))+np.sin(2*np.pi*np.sqrt(abs(np.sum(np.cos(2*np.pi*7.749845801132047+array_x*4.551390539299014*(np.array(range(1, array_x.shape[1]+1)))), axis=1))))",0.49283016,0.39659968,0.0010731285,0.6468057,0.25925532,0.50681084,0.59252685,0.57779866,0.6404756,0.62942827,0.31905684,0.16446504,0.45363694,0.5555951,0.3048163,0.38192904,0.6271485,0.3797389,0.31991485,0.33329886,0.3329658,0.4504504,0.32056236,0.5683724
"np.sqrt(abs(np.sum(np.cos(2*np.pi*2.417083119445839+np.sqrt(abs(np.sqrt(abs(3.8951816260577465))-array_x)))-np.sqrt(abs(1.5928156028902225)), axis=1)))",0.2990531,0.93178385,0.41028103,0.28419447,0.9105312,0.32432884,0.231368,0.271545,0.253311,0.10341653,0.12348559,0.93834484,0.45363694,0.5555951,0.3048163,0.38192904,0.6271485,0.3797389,0.31991485,0.33329886,0.3329658,0.4504504,0.32056236,0.5683724
"np.sqrt(abs(np.sum(np.cumsum(np.sqrt(abs(array_x)), axis=1), axis=1)))*np.square(3.491178579511149)",0.9714612,0.50476474,0.16922621,0.61352,0.60434186,0.64653736,0.16463222,0.40418616,0.38461646,0.937765,0.024694564,0.5139548,0.45363694,0.5555951,0.3048163,0.38192904,0.6271485,0.3797389,0.31991485,0.33329886,0.3329658,0.4504504,0.32056236,0.5683724
"np.sqrt(abs(np.sum(np.round(4.608510517149508)*6.26343414661522-np.exp(array_x), axis=1)))",0.62279046,0.0033630293,0.009068382,0.47659218,0.01791931,0.4514524,0.25201195,0.35415134,0.3351539,0.8422224,0.36524457,0.0028908805,0.45363694,0.5555951,0.3048163,0.38192904,0.6271485,0.3797389,0.31991485,0.33329886,0.3329658,0.4504504,0.32056236,0.5683724
"np.sqrt(abs(np.sum(np.sin(2*np.pi*7.298145252858476)/array_x-array_x-4.889052200963359, axis=1)))+10*(np.sin(2*np.pi*np.sqrt(abs(np.sum(np.sin(2*np.pi*3.516049388778382)/array_x-array_x-3.0430791593868065, axis=1)))))",0.5983165,0.046217788,0.0,0.5571449,0.07546532,0.29248962,0.106230244,0.4153272,0.24343613,0.6917289,0.21693245,0.065526746,0.45363694,0.5555951,0.3048163,0.38192904,0.6271485,0.3797389,0.31991485,0.33329886,0.3329658,0.4504504,0.32056236,0.5683724
"np.sqrt(abs(np.sum(np.square(7.53613218675494)+np.cos(2*np.pi*np.exp(array_x-7.562659973582539)), axis=1)))",0.13960704,0.99843633,0.7081703,0.1657426,0.9215526,0.19189489,0.4152294,0.14598665,0.22650243,0.17440546,0.4154508,0.9542062,0.45363694,0.5555951,0.3048163,0.38192904,0.6271485,0.3797389,0.31991485,0.33329886,0.3329658,0.4504504,0.32056236,0.5683724
"np.sqrt(abs(np.sum(np.square(array_x)-np.sqrt(abs(1/(np.sqrt(abs(np.sqrt(abs(3.8263487325093544))))))), axis=1)))+np.sin(2*np.pi*np.sqrt(abs(np.sum(np.square(array_x)-np.sqrt(abs(1/(np.sqrt(abs(np.sqrt(abs(8.881551628971994))))))), axis=1))))",0.2670213,1.1148277e-08,1.7757754e-13,0.083719425,1.5425442e-07,0.085492775,0.013238505,0.011472189,0.01289299,0.58520794,0.009164846,4.9917073e-08,0.45363694,0.5555951,0.3048163,0.38192904,0.6271485,0.3797389,0.31991485,0.33329886,0.3329658,0.4504504,0.32056236,0.5683724
"np.square(-(np.mean(4.313555340635185/-(array_x-array_x/np.round(4.4047318884864115)), axis=1)))+np.sin(2*np.pi*np.square(-(np.mean(2.9512631636081/-(array_x-array_x/np.round(8.500131199696067)), axis=1))))",0.12502728,7.216636e-08,0.0,0.3067625,7.591601e-05,0.26467377,0.0025948142,0.0060501033,0.023939634,0.039965864,0.13393843,1.6568501e-06,0.45363694,0.5555951,0.3048163,0.38192904,0.6271485,0.3797389,0.31991485,0.33329886,0.3329658,0.4504504,0.32056236,0.5683724
"np.square(-(np.sqrt(abs(np.amax(np.cos(2*np.pi*np.round(4.3691894587292595)-array_x), axis=1)))))+np.sin(2*np.pi*np.square(-(np.sqrt(abs(np.amax(np.cos(2*np.pi*np.round(8.111745018985937)-array_x), axis=1))))))",0.41969723,9.573814e-12,9.345264e-12,0.22079457,4.6096526e-11,0.008020559,1.599523e-08,0.0002591148,0.00017950824,0.3502482,2.4476229e-05,0.0,0.45363694,0.5555951,0.3048163,0.38192904,0.6271485,0.3797389,0.31991485,0.33329886,0.3329658,0.4504504,0.32056236,0.5683724
"np.square(1/(np.log(abs(np.mean(np.sin(2*np.pi*7.7649931576631985)/np.exp(np.sqrt(abs(1.2936447273711518/array_x))), axis=1)))))",0.8249009,0.5924385,0.022379003,0.44788814,0.27454677,0.40114138,0.018996658,0.20405503,0.19733879,0.92879957,0.026162058,0.4740557,0.45363694,0.5555951,0.3048163,0.38192904,0.6271485,0.3797389,0.31991485,0.33329886,0.3329658,0.4504504,0.32056236,0.5683724
"np.square(1/(np.mean(abs(10*(-(np.sqrt(abs(2.0401012101310276/np.cos(2*np.pi*array_x)))))), axis=1)))+np.sin(2*np.pi*np.square(1/(np.mean(abs(10*(-(np.sqrt(abs(6.275769005200711/np.cos(2*np.pi*array_x)))))), axis=1))))",0.7436624,4.0132974e-05,0.0,0.3191799,0.008573957,0.3048035,0.114764154,0.34364855,0.48958188,0.67080903,0.28620887,0.0012236998,0.45363694,0.5555951,0.3048163,0.38192904,0.6271485,0.3797389,0.31991485,0.33329886,0.3329658,0.4504504,0.32056236,0.5683724
"np.square(1/(np.square(-(np.amax(np.sin(2*np.pi*np.exp(abs(array_x-4.599912685734749)/6.5059818802356855)), axis=1)))))+np.sin(2*np.pi*np.square(1/(np.square(-(np.amax(np.sin(2*np.pi*np.exp(abs(array_x-3.873309689452738)/1.091431831034876)), axis=1))))))",0.105569154,0.24314447,0.004519461,0.20427713,0.35320848,0.18170013,0.16548415,0.5000493,0.13689013,0.44088164,0.15715104,0.10899709,0.45363694,0.5555951,0.3048163,0.38192904,0.6271485,0.3797389,0.31991485,0.33329886,0.3329658,0.4504504,0.32056236,0.5683724
"np.square(10*(np.amax(4.4440437356400615*array_x, axis=1)))",0.15067562,6.4735385e-25,2.8063472e-20,0.00029407995,2.1308161e-16,0.000758797,1.1842148e-08,1.8977375e-05,1.9572321e-06,0.33831778,1.7317049e-10,0.0,0.45363694,0.5555951,0.3048163,0.38192904,0.6271485,0.3797389,0.31991485,0.33329886,0.3329658,0.4504504,0.32056236,0.5683724
"np.square(10*(np.log(abs(np.sqrt(abs(np.round(6.785399145024895)/np.sqrt(abs(np.cos(2*np.pi*np.mean(array_x, axis=1)/3.0717822928160983)))))))))",0.0211934,7.3468354e-06,1.10758975e-07,0.44458842,2.3627258e-06,0.12876242,0.048547007,0.0251079,0.049470194,0.3638962,0.025922976,4.3086447e-06,0.45363694,0.5555951,0.3048163,0.38192904,0.6271485,0.3797389,0.31991485,0.33329886,0.3329658,0.4504504,0.32056236,0.5683724
"np.square(2.725119606928992/np.sum(np.square(np.sin(2*np.pi*array_x)), axis=1))",0.7113993,0.12860194,0.0,0.71760756,0.18337749,0.6582466,0.48584372,0.6312541,0.40128353,0.82351065,0.32499152,0.120429225,0.45363694,0.5555951,0.3048163,0.38192904,0.6271485,0.3797389,0.31991485,0.33329886,0.3329658,0.4504504,0.32056236,0.5683724
"np.square(3.0248446836625504)--(4.348268755074554)-7.855037272381941/np.mean(array_x, axis=1)+10*(np.sin(2*np.pi*np.square(6.73591790882506)--(2.3598434505482597)-3.740475435415734/np.mean(array_x, axis=1)))",0.99988747,0.9350947,0.20621029,0.9996659,0.88220495,0.9999301,0.9997433,0.99950415,0.9996097,0.9999564,0.9995623,0.9683386,0.45363694,0.5555951,0.3048163,0.38192904,0.6271485,0.3797389,0.31991485,0.33329886,0.3329658,0.4504504,0.32056236,0.5683724
"np.square(6.2212060914018945)/np.cos(2*np.pi*np.mean(array_x-(np.array(range(1, array_x.shape[1]+1))), axis=1))/10*(np.square(2.088155023981742))+np.sin(2*np.pi*np.square(8.815342690068753)/np.cos(2*np.pi*np.mean(array_x-(np.array(range(1, array_x.shape[1]+1))), axis=1))/10*(np.square(2.5499804611025536)))",0.99885863,0.85351545,0.13184068,0.9967208,0.6028805,0.99993795,0.99695474,0.9965723,0.9975223,0.9989673,0.9907812,0.94954836,0.45363694,0.5555951,0.3048163,0.38192904,0.6271485,0.3797389,0.31991485,0.33329886,0.3329658,0.4504504,0.32056236,0.5683724
"np.square(7.713567894657195/np.prod(np.exp(array_x), axis=1))",1.935058e-32,0.782239,2.5011673e-10,5.6525205e-30,0.00091726304,7.042459e-31,1.2911665e-22,1.7779713e-29,1.2486836e-29,1.3447431e-30,7.722294e-23,0.7456659,0.45363694,0.5555951,0.3048163,0.38192904,0.6271485,0.3797389,0.31991485,0.33329886,0.3329658,0.4504504,0.32056236,0.5683724
"np.square(9.763017003793566)/np.sum((np.array(range(1, array_x.shape[1]+1)))*array_x-3.8838339784656206, axis=1)-np.sqrt(abs(8.169530751300607))",0.9999414,0.3164954,0.0,0.99991417,0.98679626,0.9997524,0.99994445,0.999704,0.9998722,1.0,0.99986696,0.9696668,0.45363694,0.5555951,0.3048163,0.38192904,0.6271485,0.3797389,0.31991485,0.33329886,0.3329658,0.4504504,0.32056236,0.5683724
"np.square(abs(10*(1.4405923511724714/np.log(abs(np.prod(-(array_x), axis=1))))))",0.0,0.8155599,0.058303222,6.281719e-15,0.6056738,9.798243e-16,3.3830684e-08,0.0,1.4133415e-15,1.3666801e-15,2.1055901e-09,1.0,0.45363694,0.5555951,0.3048163,0.38192904,0.6271485,0.3797389,0.31991485,0.33329886,0.3329658,0.4504504,0.32056236,0.5683724
"np.square(np.amax(np.exp(array_x+np.sin(2*np.pi*np.sqrt(abs(4.419680793947403)))+array_x+2.8866174995859297), axis=1))+10*(np.sin(2*np.pi*np.square(np.amax(np.exp(array_x+np.sin(2*np.pi*np.sqrt(abs(4.395549174482138)))+array_x+7.656310177615677), axis=1))))",1.928327e-06,0.8670302,0.05264023,2.5625011e-05,0.6135427,2.4891897e-05,0.00033502988,4.999793e-05,1.6185784e-05,3.2332766e-05,0.0006951963,0.84702265,0.45363694,0.5555951,0.3048163,0.38192904,0.6271485,0.3797389,0.31991485,0.33329886,0.3329658,0.4504504,0.32056236,0.5683724
"np.square(np.cos(2*np.pi*np.mean(np.round(3.8299067588803997)/np.cos(2*np.pi*array_x)*np.cos(2*np.pi*np.sin(2*np.pi*array_x+2.6068351384237265))-np.sqrt(abs(2.899046117845903)), axis=1)))",0.060614217,0.046151325,0.013731736,0.1566784,0.027148265,0.03301563,0.04646107,0.0060352935,0.0030964166,0.03318148,0.022264935,0.025153179,0.45363694,0.5555951,0.3048163,0.38192904,0.6271485,0.3797389,0.31991485,0.33329886,0.3329658,0.4504504,0.32056236,0.5683724
"np.square(np.cos(2*np.pi*np.sqrt(abs(1.211507540386529))*np.mean(array_x+2.2153087824812525, axis=1)+np.sum(np.exp(array_x-5.103936520393586)+5.161202765808334, axis=1)))",0.03577543,0.001335277,0.0,0.06695216,0.00011343147,0.08328216,0.024611162,0.063919805,0.059153497,0.07626277,0.34343955,0.0002723964,0.45363694,0.5555951,0.3048163,0.38192904,0.6271485,0.3797389,0.31991485,0.33329886,0.3329658,0.4504504,0.32056236,0.5683724
"np.square(np.exp(np.mean(np.sqrt(abs(3.575887629410122/array_x)), axis=1)-np.mean(1.2443450735284614+array_x, axis=1)))",0.0,0.9678704,0.106387004,5.0331922e-17,0.5827653,7.2385225e-17,0.007959432,1.114025e-16,3.5114935e-17,0.0,0.032798257,0.8180098,0.45363694,0.5555951,0.3048163,0.38192904,0.6271485,0.3797389,0.31991485,0.33329886,0.3329658,0.4504504,0.32056236,0.5683724
"np.square(np.log(abs(np.mean(6.559969657439171/np.square(array_x), axis=1)-np.round(np.sin(2*np.pi*1.4157837190378846)))))",0.11717625,3.205601e-09,1.70703e-08,0.039272074,6.987488e-08,0.39603522,0.07935096,0.010997639,0.054643072,0.2915301,0.0237665,5.27399e-07,0.45363694,0.5555951,0.3048163,0.38192904,0.6271485,0.3797389,0.31991485,0.33329886,0.3329658,0.4504504,0.32056236,0.5683724
"np.square(np.log(abs(np.sin(2*np.pi*np.amax(array_x, axis=1)))))+np.sin(2*np.pi*np.square(np.log(abs(np.sin(2*np.pi*np.amax(array_x, axis=1))))))",0.1404515,3.1322324e-07,0.0,0.116597936,1.0765109e-06,0.089300945,0.015801024,0.012288069,0.24310149,0.6758296,0.007043942,8.219244e-07,0.45363694,0.5555951,0.3048163,0.38192904,0.6271485,0.3797389,0.31991485,0.33329886,0.3329658,0.4504504,0.32056236,0.5683724
"np.square(np.mean(10*(array_x)/array_x-array_x-5.9709444084933505, axis=1))",1.5708764e-08,0.9691509,0.0,2.2890218e-08,0.3010283,1.7454412e-09,1.6857749e-09,3.8110763e-09,1.1571999e-09,7.3548776e-09,4.4312293e-10,0.9584903,0.45363694,0.5555951,0.3048163,0.38192904,0.6271485,0.3797389,0.31991485,0.33329886,0.3329658,0.4504504,0.32056236,0.5683724
"np.square(np.mean(4.567376079950524+array_x*np.log(abs(np.cos(2*np.pi*array_x*array_x+6.329518183054902)))-np.sqrt(abs(np.sin(2*np.pi*np.sin(2*np.pi*5.496631827596957)))), axis=1))",0.0029045295,2.183303e-05,1.18000905e-07,0.1247399,0.0028735255,0.008361116,0.007845538,0.10473123,0.0071747596,0.0031814857,0.004964809,6.096492e-05,0.45363694,0.5555951,0.3048163,0.38192904,0.6271485,0.3797389,0.31991485,0.33329886,0.3329658,0.4504504,0.32056236,0.5683724
"np.square(np.mean(5.019369830881662+array_x*6.23140279471805, axis=1)+np.mean(np.sin(2*np.pi*3.0436997179119225-array_x+1.5943272474105394), axis=1)-np.sum(array_x, axis=1)/6.19762696469347)+np.sin(2*np.pi*np.square(np.mean(8.349685523338506+array_x*4.757491278418767, axis=1)+np.mean(np.sin(2*np.pi*5.8111253091727715-array_x+9.285459891053137), axis=1)-np.sum(array_x, axis=1)/7.77325536056888))",1.0,0.07326728,0.024902835,0.16021523,0.046063196,0.16988005,0.18858123,0.36600998,0.13079892,0.3173796,0.15371512,0.06960322,0.45363694,0.5555951,0.3048163,0.38192904,0.6271485,0.3797389,0.31991485,0.33329886,0.3329658,0.4504504,0.32056236,0.5683724
"np.square(np.mean(6.6051872790046+array_x, axis=1))+np.sin(2*np.pi*np.square(np.mean(1.7866446600698735+array_x, axis=1)))",2.0689099e-07,1.0,0.85107934,6.911341e-08,1.0,1.488105e-08,0.046694055,4.3642126e-10,8.035782e-09,1.0570267e-07,0.046693787,1.0,0.45363694,0.5555951,0.3048163,0.38192904,0.6271485,0.3797389,0.31991485,0.33329886,0.3329658,0.4504504,0.32056236,0.5683724
"np.square(np.mean(np.cos(2*np.pi*np.square(array_x*8.204313314442063*2.0906363088304047)), axis=1))",0.13413358,0.16331474,0.05970497,0.17920685,0.0035717562,0.034578133,0.08032023,0.051388066,0.046760626,0.057724986,0.08834409,0.09349132,0.45363694,0.5555951,0.3048163,0.38192904,0.6271485,0.3797389,0.31991485,0.33329886,0.3329658,0.4504504,0.32056236,0.5683724
"np.square(np.mean(np.square(7.80532352965047/np.sqrt(abs(array_x))*np.log(abs(4.967896075788213))), axis=1))",4.4608207e-16,0.95018494,0.036651276,1.5812502e-15,0.65757364,1.0903813e-15,1.7363291e-08,0.0,0.0,0.0,2.4403073e-09,0.996897,0.45363694,0.5555951,0.3048163,0.38192904,0.6271485,0.3797389,0.31991485,0.33329886,0.3329658,0.4504504,0.32056236,0.5683724
"np.square(np.prod(10*(1/(4.280649715967229*(np.array(range(1, array_x.shape[1]+1)))*array_x-3.1965918681176273+(np.array(range(1, array_x.shape[1]+1)))*array_x)+9.837229261474997*np.sqrt(abs((np.array(range(1, array_x.shape[1]+1)))*array_x-2.8290547288878094))), axis=1))",0.17173854,2.1630375e-14,6.198258e-16,0.000789036,5.085498e-13,0.00058164966,1.9115044e-08,5.9148224e-05,7.2667564e-05,0.3368064,4.3391307e-08,2.2078138e-19,0.45363694,0.5555951,0.3048163,0.38192904,0.6271485,0.3797389,0.31991485,0.33329886,0.3329658,0.4504504,0.32056236,0.5683724
"np.square(np.prod(10*(1/(np.sqrt(abs(9.60002971431684+array_x)))), axis=1))+10*(np.sin(2*np.pi*np.square(np.prod(10*(1/(np.sqrt(abs(9.323552322349112+array_x)))), axis=1))))",8.659535e-12,0.8476199,0.14376426,6.966436e-12,0.83057004,4.174268e-12,1.7997722e-08,2.8999966e-12,8.4049044e-13,1.2067425e-11,5.807461e-09,0.98284394,0.45363694,0.5555951,0.3048163,0.38192904,0.6271485,0.3797389,0.31991485,0.33329886,0.3329658,0.4504504,0.32056236,0.5683724
"np.square(np.prod(9.37627112694711*(np.array(range(1, array_x.shape[1]+1)))*array_x-3.277754038262576+(np.array(range(1, array_x.shape[1]+1)))*array_x+2.3650309501274016/1.2813501798188294+np.square((np.array(range(1, array_x.shape[1]+1)))*array_x)+9.73076500058735-3.0067232000794615, axis=1))",1.0,4.574e-42,3.6247396e-35,7.407146e-08,1.28731825e-20,1.0160994e-06,1.230368e-15,1.6875461e-11,5.281934e-12,0.0020637275,7.7345523e-19,4.875709e-33,0.45363694,0.5555951,0.3048163,0.38192904,0.6271485,0.3797389,0.31991485,0.33329886,0.3329658,0.4504504,0.32056236,0.5683724
"np.square(np.prod(array_x*3.3082106148011357-array_x/array_x-2.2429024413741248-9.09642208617638, axis=1))-8.047566223112664",0.0035203411,0.0,0.0,0.055409033,0.0,8.170576e-05,5.3673115e-15,4.4017328e-09,1.1658507e-08,0.012093468,4.969733e-17,0.0,0.45363694,0.5555951,0.3048163,0.38192904,0.6271485,0.3797389,0.31991485,0.33329886,0.3329658,0.4504504,0.32056236,0.5683724
"np.square(np.sin(2*np.pi*np.prod(array_x-np.cos(2*np.pi*np.sqrt(abs(2.2012841166432593))), axis=1)))",1.7350584e-06,3.4628664e-33,0.00026085263,7.2676145e-09,0.005239788,0.0009768752,1.6409624e-21,4.9498112e-08,5.423372e-16,5.617738e-06,0.008867866,5.834585e-37,0.45363694,0.5555951,0.3048163,0.38192904,0.6271485,0.3797389,0.31991485,0.33329886,0.3329658,0.4504504,0.32056236,0.5683724
"np.square(np.sin(2*np.pi*np.sum(array_x+5.190619024839155, axis=1)-8.987015779040071)/abs(2.3922172863928512)+np.exp(np.exp(np.square(np.sin(2*np.pi*1.1338047230626973)))))",0.17802289,0.030407619,7.884824e-05,0.16780913,0.009537633,0.092788756,0.55395585,0.024035174,0.057485633,0.15914014,0.057019774,0.019168453,0.45363694,0.5555951,0.3048163,0.38192904,0.6271485,0.3797389,0.31991485,0.33329886,0.3329658,0.4504504,0.32056236,0.5683724
"np.square(np.sqrt(abs(np.sqrt(abs(np.mean(np.sin(2*np.pi*array_x+2.411239108104768), axis=1)))))+6.727166968548246)+np.sin(2*np.pi*np.square(np.sqrt(abs(np.sqrt(abs(np.mean(np.sin(2*np.pi*array_x+8.070789997316655), axis=1)))))+9.91431666162491))",0.703869,0.47761282,0.0,0.56534857,0.22501892,0.79010034,0.69984037,0.44214228,0.6997027,0.6772108,0.6602701,0.47452408,0.45363694,0.5555951,0.3048163,0.38192904,0.6271485,0.3797389,0.31991485,0.33329886,0.3329658,0.4504504,0.32056236,0.5683724
"np.square(np.square(5.534286751592937)*10*(np.sin(2*np.pi*5.742694469976984))+np.sum(np.log(abs(array_x)), axis=1))",0.0,0.7800159,0.015685067,0.0,0.5524301,0.0,1.3015582e-09,0.0,0.0,0.0,4.346823e-09,0.99588567,0.45363694,0.5555951,0.3048163,0.38192904,0.6271485,0.3797389,0.31991485,0.33329886,0.3329658,0.4504504,0.32056236,0.5683724
"np.square(np.square(np.log(abs(8.978109955631275))-np.mean(array_x*array_x*2.857861913113008-1.5310723189095774-1.6377169649507533/array_x, axis=1)))",0.015030662,7.594193e-11,0.0,0.06394759,2.5505927e-13,0.011722349,0.0014356249,3.3014097e-05,0.008928672,0.5597725,0.001223668,2.000385e-10,0.45363694,0.5555951,0.3048163,0.38192904,0.6271485,0.3797389,0.31991485,0.33329886,0.3329658,0.4504504,0.32056236,0.5683724
"np.square(np.sum(1.580933709355199+array_x+array_x, axis=1))",0.100105844,1.5855194e-08,3.3722807e-07,0.06851652,9.774284e-07,0.234237,0.008116095,0.033638485,0.043608703,0.34214577,0.019088697,5.160182e-06,0.45363694,0.5555951,0.3048163,0.38192904,0.6271485,0.3797389,0.31991485,0.33329886,0.3329658,0.4504504,0.32056236,0.5683724
"np.square(np.sum(3.365887730303646-array_x, axis=1))",1.2979698e-05,0.68457776,0.0,1.0113095e-06,2.713096e-08,1.382171e-05,2.3291593e-06,1.257717e-07,2.6212233e-06,4.2635716e-06,3.3752428e-06,0.112758815,0.45363694,0.5555951,0.3048163,0.38192904,0.6271485,0.3797389,0.31991485,0.33329886,0.3329658,0.4504504,0.32056236,0.5683724
"np.square(np.sum(array_x, axis=1)+8.831356440973977)",0.27846932,1.3095173e-07,9.672896e-08,0.065462805,1.6076526e-06,0.15694867,0.071511745,0.077746116,0.07744756,1.0,0.13435824,9.600902e-07,0.45363694,0.5555951,0.3048163,0.38192904,0.6271485,0.3797389,0.31991485,0.33329886,0.3329658,0.4504504,0.32056236,0.5683724
"np.square(np.sum(array_x, axis=1)-9.301269788022926)+np.sin(2*np.pi*np.square(np.sum(array_x, axis=1)-9.659081601322255))",0.12610158,5.6675876e-08,1.665408e-08,0.07923058,1.1952369e-06,0.090914786,0.010741813,0.0064273444,0.011144008,0.22700538,0.036961466,1.2672895e-08,0.45363694,0.5555951,0.3048163,0.38192904,0.6271485,0.3797389,0.31991485,0.33329886,0.3329658,0.4504504,0.32056236,0.5683724
"np.square(np.sum(np.cos(2*np.pi*array_x)+2.3436172772342996, axis=1))",0.92249966,0.023867937,0.0,0.43714863,0.12767908,0.63183254,0.10981403,0.30133945,0.20231266,0.9360961,0.15836085,0.03238853,0.45363694,0.5555951,0.3048163,0.38192904,0.6271485,0.3797389,0.31991485,0.33329886,0.3329658,0.4504504,0.32056236,0.5683724
"np.square(np.sum(np.cos(2*np.pi*np.cumsum(array_x, axis=1))+5.074303098809911, axis=1))",0.8169341,0.29244024,0.0,0.80338204,0.78356147,0.7945998,0.5279374,0.3845274,0.482217,0.7753637,0.66050994,0.37521577,0.45363694,0.5555951,0.3048163,0.38192904,0.6271485,0.3797389,0.31991485,0.33329886,0.3329658,0.4504504,0.32056236,0.5683724
"np.square(np.sum(np.round(array_x+8.871339823457944-np.round(8.407618722181267/array_x*4.613972975271707))*10*(np.cos(2*np.pi*5.094847400735407)), axis=1))+np.sin(2*np.pi*np.square(np.sum(np.round(array_x+7.381802574032791-np.round(6.271519368537763/array_x*7.956005388208635))*10*(np.cos(2*np.pi*6.330186424868245)), axis=1)))",0.112617694,0.030733626,0.03544739,0.08669144,0.026759071,0.042358935,0.10808336,0.03200963,5.089108e-11,0.14542146,0.17105275,0.03019683,0.45363694,0.5555951,0.3048163,0.38192904,0.6271485,0.3797389,0.31991485,0.33329886,0.3329658,0.4504504,0.32056236,0.5683724
"np.square(np.sum(np.sqrt(abs(1/(array_x))), axis=1))",1.7612862e-15,1.0,0.018368725,8.854744e-16,0.73399824,1.8400228e-15,3.7153864e-08,0.0,7.6512714e-16,0.0,1.7049356e-09,0.7705901,0.45363694,0.5555951,0.3048163,0.38192904,0.6271485,0.3797389,0.31991485,0.33329886,0.3329658,0.4504504,0.32056236,0.5683724
"np.square(np.sum(np.sqrt(abs(8.319715754609607-array_x))/9.292402929392331, axis=1))",0.0,0.98381084,0.32465786,1.9639245e-16,0.8958617,0.0,3.8426e-08,9.989065e-17,5.27133e-16,0.0,2.153222e-08,0.9792194,0.45363694,0.5555951,0.3048163,0.38192904,0.6271485,0.3797389,0.31991485,0.33329886,0.3329658,0.4504504,0.32056236,0.5683724
"np.square(np.sum(np.square(array_x-np.sqrt(abs(array_x))*-(5.849710771546822)), axis=1))",0.73263323,0.16671032,0.06657766,0.082777,0.23246367,0.17403261,0.00014014904,0.016905416,0.018875396,0.95042044,0.0023691957,0.22130401,0.45363694,0.5555951,0.3048163,0.38192904,0.6271485,0.3797389,0.31991485,0.33329886,0.3329658,0.4504504,0.32056236,0.5683724
"np.sum(-(1.673965547877473)-array_x, axis=1)+np.sin(2*np.pi*np.sum(-(3.652789286116184)-array_x, axis=1))",1.2887839e-08,1.0,0.5546385,3.143652e-10,0.8143413,5.198091e-10,0.039229207,2.9416708e-10,2.9637112e-10,3.2702838e-09,0.04083334,0.9572696,0.45363694,0.5555951,0.3048163,0.38192904,0.6271485,0.3797389,0.31991485,0.33329886,0.3329658,0.4504504,0.32056236,0.5683724
"np.sum(-(5.318253849742465)/np.sqrt(abs(2.9758432943596995+array_x)), axis=1)",0.9999988,0.0,0.87062925,0.9999992,0.9911458,0.9999973,0.9999215,0.9999938,0.9999833,0.9999978,0.99995494,0.77656823,0.45363694,0.5555951,0.3048163,0.38192904,0.6271485,0.3797389,0.31991485,0.33329886,0.3329658,0.4504504,0.32056236,0.5683724
"np.sum(-(np.log(abs(array_x+(np.array(range(1, array_x.shape[1]+1)))))), axis=1)",0.0,1.0,0.32133153,0.0,0.77622944,0.0,9.513293e-09,0.0,0.0,0.0,1.4513292e-08,0.91290635,0.45363694,0.5555951,0.3048163,0.38192904,0.6271485,0.3797389,0.31991485,0.33329886,0.3329658,0.4504504,0.32056236,0.5683724
"np.sum(-(np.square(np.exp(np.sin(2*np.pi*9.40757320858014)+(np.array(range(1, array_x.shape[1]+1)))+array_x))), axis=1)+np.sin(2*np.pi*np.sum(-(np.square(np.exp(np.sin(2*np.pi*8.718778675190155)+(np.array(range(1, array_x.shape[1]+1)))+array_x))), axis=1))",0.007404505,1.0,0.13384382,0.0148105845,0.9975215,0.06462781,0.017264614,0.06819311,0.059858024,0.015074137,0.06667212,0.9973155,0.45363694,0.5555951,0.3048163,0.38192904,0.6271485,0.3797389,0.31991485,0.33329886,0.3329658,0.4504504,0.32056236,0.5683724
"np.sum(1.4925105140410477/np.square(np.sqrt(abs((np.array(range(1, array_x.shape[1]+1)))*array_x))-9.03508287112961), axis=1)",0.99485296,0.27875727,0.031637054,0.45927987,0.40242177,0.49760047,0.052135777,0.26261032,0.220973,0.99159914,0.0068962425,0.31144118,0.45363694,0.5555951,0.3048163,0.38192904,0.6271485,0.3797389,0.31991485,0.33329886,0.3329658,0.4504504,0.32056236,0.5683724
"np.sum(1.7999121790797021/np.cumsum(6.464927212936431-array_x, axis=1)/3.375861258623855-8.317271358161623, axis=1)",0.0,0.9411632,0.17096737,0.0,0.86971,0.0,1.6102564e-05,0.0,0.0,0.0,2.3365137e-06,0.8600434,0.45363694,0.5555951,0.3048163,0.38192904,0.6271485,0.3797389,0.31991485,0.33329886,0.3329658,0.4504504,0.32056236,0.5683724
"np.sum(10*(7.59091464597734/8.646797744387806-array_x-np.sin(2*np.pi*array_x+3.5828247116547294)), axis=1)",0.09916806,0.91743714,0.9564156,0.01986097,0.8960737,0.03178044,0.2549369,0.018910334,0.003146728,0.096514344,0.10432754,0.92241466,0.45363694,0.5555951,0.3048163,0.38192904,0.6271485,0.3797389,0.31991485,0.33329886,0.3329658,0.4504504,0.32056236,0.5683724
"np.sum(10*(np.exp(array_x)), axis=1)/1.205826980576897-np.sum(5.21402478227826+array_x-10*(9.156459877666512/array_x), axis=1)+np.sin(2*np.pi*np.sum(10*(np.exp(array_x)), axis=1)/6.7540911028378385-np.sum(5.488585313599908+array_x-10*(8.653775606595799/array_x), axis=1))",1.0,0.99996585,0.0,1.0,0.9995205,1.0,0.9999931,1.0,1.0,1.0,0.99999934,0.9856294,0.45363694,0.5555951,0.3048163,0.38192904,0.6271485,0.3797389,0.31991485,0.33329886,0.3329658,0.4504504,0.32056236,0.5683724
"np.sum(4.1085712508361585/np.exp(array_x*4.480857330886815), axis=1)",2.557234e-22,1.0,0.003758991,4.284481e-21,0.073801965,1.9624268e-21,5.5566516e-13,2.4966483e-22,6.5010968e-21,1.2480366e-21,1.513687e-13,0.08542051,0.45363694,0.5555951,0.3048163,0.38192904,0.6271485,0.3797389,0.31991485,0.33329886,0.3329658,0.4504504,0.32056236,0.5683724
"np.sum(4.46076192197248+array_x-9.702254491678568-array_x*1.730511947021054, axis=1)+np.sin(2*np.pi*np.sum(7.327623469743755+array_x-4.854676578938324-array_x*3.7207240082334185, axis=1))",8.567811e-09,1.0,0.63018864,4.8564497e-10,0.87451917,5.6137153e-09,0.015624873,1.978226e-10,4.785043e-10,9.014843e-10,0.01643223,0.92879343,0.45363694,0.5555951,0.3048163,0.38192904,0.6271485,0.3797389,0.31991485,0.33329886,0.3329658,0.4504504,0.32056236,0.5683724
"np.sum(4.640841932989872-np.sin(2*np.pi*np.cos(2*np.pi*array_x-3.7550373926959595)*9.456034511921272-array_x), axis=1)",0.29254472,0.16209662,0.05069864,0.38794163,0.40752292,0.6074277,0.55349785,0.38726237,0.57882947,0.4036865,0.56412464,0.33940586,0.45363694,0.5555951,0.3048163,0.38192904,0.6271485,0.3797389,0.31991485,0.33329886,0.3329658,0.4504504,0.32056236,0.5683724
"np.sum(4.758736846774572/array_x, axis=1)",1.0,0.9789908,0.0,0.99999994,0.9998279,0.9999999,0.99999875,0.9999997,1.0,1.0,0.99999756,0.8995848,0.45363694,0.5555951,0.3048163,0.38192904,0.6271485,0.3797389,0.31991485,0.33329886,0.3329658,0.4504504,0.32056236,0.5683724
"np.sum(6.010778790069655-np.square(9.235145021501532/7.923433016036554-np.square(array_x/5.939521459055516)), axis=1)",0.88303167,0.16733806,0.0020301123,0.09046604,0.30312508,0.116472006,0.0,0.02265615,0.02452508,0.8796847,0.0043498157,0.2427915,0.45363694,0.5555951,0.3048163,0.38192904,0.6271485,0.3797389,0.31991485,0.33329886,0.3329658,0.4504504,0.32056236,0.5683724
"np.sum(8.904721363008793/np.cos(2*np.pi*array_x)+7.141593906472746, axis=1)",0.99999124,0.99993587,0.0,0.9999974,0.9997567,0.9999957,0.9999984,0.99999875,0.99999255,0.9999994,0.9999888,0.9998109,0.45363694,0.5555951,0.3048163,0.38192904,0.6271485,0.3797389,0.31991485,0.33329886,0.3329658,0.4504504,0.32056236,0.5683724
"np.sum(abs(array_x/4.889316073765555-array_x), axis=1)+10*(np.sin(2*np.pi*np.sum(abs(array_x/1.2272865599594158-array_x), axis=1)))",0.0030542158,0.99996936,0.99998355,0.5004392,0.9999513,0.9999647,0.50004345,0.99996257,0.9999743,0.0007022619,0.99984235,0.99995136,0.45363694,0.5555951,0.3048163,0.38192904,0.6271485,0.3797389,0.31991485,0.33329886,0.3329658,0.4504504,0.32056236,0.5683724
"np.sum(array_x*array_x-5.166698575098524, axis=1)-1.2060353387616016+10*(np.sin(2*np.pi*np.sum(array_x*array_x-6.160202528063051, axis=1)-5.867678100932413))",0.33891293,0.2499955,0.49962705,0.095357224,0.89999634,0.07815422,0.000114532806,0.0008801485,0.0014857297,0.51276004,0.00026471427,0.46383652,0.45363694,0.5555951,0.3048163,0.38192904,0.6271485,0.3797389,0.31991485,0.33329886,0.3329658,0.4504504,0.32056236,0.5683724
"np.sum(array_x-2.4634996367846624, axis=1)+10*(3.791975122670535)+np.sin(2*np.pi*np.sum(array_x-4.878226246477567, axis=1)+10*(2.7624153020286073))",1.3218762e-08,0.8878648,0.6,4.8969334e-10,0.9085524,7.183215e-10,0.034999188,1.030234e-10,1.300826e-11,3.853824e-09,0.032795697,0.9784546,0.45363694,0.5555951,0.3048163,0.38192904,0.6271485,0.3797389,0.31991485,0.33329886,0.3329658,0.4504504,0.32056236,0.5683724
"np.sum(array_x-np.log(abs(np.log(abs(3.4345484628863474))))-np.sqrt(abs(1.0309562996875217+array_x))+8.993734408320492, axis=1)",2.2322693e-16,0.9040807,0.47183102,1.2242763e-15,0.9411391,2.6712635e-16,8.965274e-08,6.9285553e-16,9.930772e-16,3.2726913e-16,2.6504276e-07,1.0,0.45363694,0.5555951,0.3048163,0.38192904,0.6271485,0.3797389,0.31991485,0.33329886,0.3329658,0.4504504,0.32056236,0.5683724
"np.sum(array_x-np.round(5.711863624689791), axis=1)+10*(np.sin(2*np.pi*np.sum(array_x-np.round(2.4258955620110223), axis=1)))",1.3389666e-05,0.95837545,0.8090303,2.515039e-05,1.0,1.7157692e-05,0.06864635,4.7852427e-07,1.2727513e-07,7.1124856e-07,0.14745794,0.9714089,0.45363694,0.5555951,0.3048163,0.38192904,0.6271485,0.3797389,0.31991485,0.33329886,0.3329658,0.4504504,0.32056236,0.5683724
"np.sum(np.cos(2*np.pi*np.square(1/(2.411116207061263)-1.571789526649766/array_x*7.141781624902426)), axis=1)",0.65439355,0.17415252,0.10884678,0.5840311,0.36071768,0.597852,0.72876745,0.78010744,0.33708766,0.59817046,0.40132543,0.22284539,0.45363694,0.5555951,0.3048163,0.38192904,0.6271485,0.3797389,0.31991485,0.33329886,0.3329658,0.4504504,0.32056236,0.5683724
"np.sum(np.cos(2*np.pi*np.square(array_x)-5.61192626263003)+np.square(np.sin(2*np.pi*np.sqrt(abs(np.cos(2*np.pi*1.9120825304026694))))), axis=1)",0.68406546,0.114311285,0.0,0.7503788,0.45744777,0.47889546,0.41802797,0.41580695,0.50435126,0.9458003,0.4509038,0.05465474,0.45363694,0.5555951,0.3048163,0.38192904,0.6271485,0.3797389,0.31991485,0.33329886,0.3329658,0.4504504,0.32056236,0.5683724
"np.sum(np.cumsum(7.419838381031311+array_x/7.149279931106244, axis=1), axis=1)+10*(np.sin(2*np.pi*np.sum(np.cumsum(6.100639145003074+array_x/6.13360331782422, axis=1), axis=1)))",0.035122156,0.93514425,0.7845833,0.055095155,0.9666645,0.0933878,0.14633293,0.09336046,0.07208355,1.2322048e-06,0.17625168,0.9833333,0.45363694,0.5555951,0.3048163,0.38192904,0.6271485,0.3797389,0.31991485,0.33329886,0.3329658,0.4504504,0.32056236,0.5683724
"np.sum(np.cumsum(np.exp(array_x)-9.808154756223397, axis=1), axis=1)",0.0,0.49582767,0.09620845,0.0,1.0,0.0,3.800215e-09,0.0,0.0,0.0,2.1790456e-08,0.6511859,0.45363694,0.5555951,0.3048163,0.38192904,0.6271485,0.3797389,0.31991485,0.33329886,0.3329658,0.4504504,0.32056236,0.5683724
"np.sum(np.cumsum(np.sin(2*np.pi*array_x)/2.691429110990583-np.sqrt(abs(10*(np.square(np.exp(array_x))))), axis=1), axis=1)",0.16523187,0.9301786,0.6712881,0.017625885,0.94615597,0.12490596,0.26160073,0.15541343,0.10780291,0.07502217,0.34946483,0.90811694,0.45363694,0.5555951,0.3048163,0.38192904,0.6271485,0.3797389,0.31991485,0.33329886,0.3329658,0.4504504,0.32056236,0.5683724
"np.sum(np.exp(-(array_x+7.074371411824547)/np.square(2.530857424151158))*8.527569863938526, axis=1)+np.sin(2*np.pi*np.sum(np.exp(-(array_x+9.195205206667259)/np.square(7.936510623275883))*2.7688348300418735, axis=1))",0.0,0.95710886,0.5036885,0.0,0.89396375,0.0,3.5824115e-08,0.0,0.0,0.0,2.020994e-08,0.8964568,0.45363694,0.5555951,0.3048163,0.38192904,0.6271485,0.3797389,0.31991485,0.33329886,0.3329658,0.4504504,0.32056236,0.5683724
"np.sum(np.log(abs(1/(4.405641927074654)+4.016876516621455*np.square(array_x)/array_x)), axis=1)",0.98339754,0.051646017,0.20149216,0.8074454,0.54622763,0.8182243,0.5872787,0.72224295,0.6759068,0.9473544,0.5156511,0.06815509,0.45363694,0.5555951,0.3048163,0.38192904,0.6271485,0.3797389,0.31991485,0.33329886,0.3329658,0.4504504,0.32056236,0.5683724
"np.sum(np.log(abs(3.2539862919019584))/array_x, axis=1)*np.amax(4.190857882712096+array_x*9.755718066415017, axis=1)",1.0,0.99998707,0.7704554,1.0,0.9998504,1.0,0.9999995,0.99999994,0.99999994,1.0,0.9999999,0.9924602,0.45363694,0.5555951,0.3048163,0.38192904,0.6271485,0.3797389,0.31991485,0.33329886,0.3329658,0.4504504,0.32056236,0.5683724
"np.sum(np.log(abs(np.sin(2*np.pi*array_x))), axis=1)+np.sin(2*np.pi*np.sum(np.log(abs(np.sin(2*np.pi*array_x))), axis=1))",0.9419707,0.7721869,0.20328595,0.93129885,0.8212485,0.89881986,0.9224507,0.8322895,0.81090033,0.7705564,0.79800856,0.5096655,0.45363694,0.5555951,0.3048163,0.38192904,0.6271485,0.3797389,0.31991485,0.33329886,0.3329658,0.4504504,0.32056236,0.5683724
"np.sum(np.round(1.2596287632925518+array_x), axis=1)",0.0,0.88095236,0.6547619,0.0,0.9344086,0.0,0.0,0.0,0.0,0.0,0.0,1.0,0.45363694,0.5555951,0.3048163,0.38192904,0.6271485,0.3797389,0.31991485,0.33329886,0.3329658,0.4504504,0.32056236,0.5683724
"np.sum(np.round(array_x)*array_x/abs(5.490444536953212), axis=1)+10*(np.sin(2*np.pi*np.sum(np.round(array_x)*array_x/abs(2.496583681206494), axis=1)))",0.4166379,0.3327065,0.97178155,0.04981947,0.64456534,0.00537822,0.00043255137,0.00068307,0.001987997,0.19117077,8.368184e-05,0.4498896,0.45363694,0.5555951,0.3048163,0.38192904,0.6271485,0.3797389,0.31991485,0.33329886,0.3329658,0.4504504,0.32056236,0.5683724
"np.sum(np.sin(2*np.pi*5.212276057412067)-abs(2.9042836974712287*array_x-4.001210763437948-array_x), axis=1)",0.21156915,0.9767852,0.30268195,0.13441004,0.9077118,4.9981815e-16,0.004724943,0.12071623,0.25675154,0.0047248993,0.13608815,0.7789912,0.45363694,0.5555951,0.3048163,0.38192904,0.6271485,0.3797389,0.31991485,0.33329886,0.3329658,0.4504504,0.32056236,0.5683724
"np.sum(np.sin(2*np.pi*5.838966061566564-(np.array(range(1, array_x.shape[1]+1)))-np.round(np.cos(2*np.pi*(np.array(range(1, array_x.shape[1]+1)))*array_x-9.722880643381561))), axis=1)",0.64134234,0.0,0.0,0.07722323,0.41285148,0.71702623,0.09034698,0.12698285,0.19186358,0.21352266,0.016154641,0.0,0.45363694,0.5555951,0.3048163,0.38192904,0.6271485,0.3797389,0.31991485,0.33329886,0.3329658,0.4504504,0.32056236,0.5683724
"np.sum(np.sin(2*np.pi*7.643946804143701+array_x+array_x), axis=1)",1.0,0.025508804,0.0,0.21900877,0.09590841,0.24295166,0.0038154584,0.025149284,0.019810716,0.7424619,0.009917579,0.04264779,0.45363694,0.5555951,0.3048163,0.38192904,0.6271485,0.3797389,0.31991485,0.33329886,0.3329658,0.4504504,0.32056236,0.5683724
"np.sum(np.sin(2*np.pi*array_x-np.cos(2*np.pi*6.195755090262464)), axis=1)-1.154550546291869+np.sin(2*np.pi*np.sum(np.sin(2*np.pi*array_x-np.cos(2*np.pi*1.0860249140373122)), axis=1)-5.920699632753156)",0.940813,0.11726328,0.0,0.5764377,0.21376997,0.67352515,0.31921685,0.20001538,0.25144663,0.6745151,0.20477328,0.25122824,0.45363694,0.5555951,0.3048163,0.38192904,0.6271485,0.3797389,0.31991485,0.33329886,0.3329658,0.4504504,0.32056236,0.5683724
"np.sum(np.sin(2*np.pi*array_x/9.018627487888635), axis=1)+np.exp(np.sqrt(abs(4.594004237173818)))+np.sin(2*np.pi*np.sum(np.sin(2*np.pi*array_x/8.749524396415918), axis=1)+np.exp(np.sqrt(abs(8.538418963296895))))",0.04108284,0.7862476,0.51469195,0.015389551,0.9947708,0.07389857,0.0012809802,0.20204888,0.0045157056,0.040055323,0.0023856382,0.6926183,0.45363694,0.5555951,0.3048163,0.38192904,0.6271485,0.3797389,0.31991485,0.33329886,0.3329658,0.4504504,0.32056236,0.5683724
"np.sum(np.sin(2*np.pi*np.exp(1.734000705453397+array_x*4.7866634881816115-array_x+4.064020776232699)), axis=1)",0.53958756,0.4689285,0.31365284,0.4748633,0.37613085,0.5174318,0.4542964,0.5612118,0.6723085,0.6407963,0.28520995,0.5368221,0.45363694,0.5555951,0.3048163,0.38192904,0.6271485,0.3797389,0.31991485,0.33329886,0.3329658,0.4504504,0.32056236,0.5683724
"np.sum(np.sin(2*np.pi*np.sin(2*np.pi*2.361032202457715)+6.840043711330749*array_x), axis=1)",0.6751684,0.040586058,0.0,0.78799045,0.24315763,0.6530209,0.18416482,0.24947028,0.2560703,0.7723705,0.2877926,0.042779967,0.45363694,0.5555951,0.3048163,0.38192904,0.6271485,0.3797389,0.31991485,0.33329886,0.3329658,0.4504504,0.32056236,0.5683724
"np.sum(np.sin(2*np.pi*np.sqrt(abs(-(8.16727392644857+array_x+5.4089753669421485)-np.square(np.square(2.048992415199327))))), axis=1)+np.sin(2*np.pi*np.sum(np.sin(2*np.pi*np.sqrt(abs(-(2.32882274365603+array_x+6.871636212439959)-np.square(np.square(7.910774424651786))))), axis=1))",0.61793,0.40077683,0.017136443,0.101468086,0.15927272,0.12910601,0.000622624,0.009804677,0.014228216,0.8901008,0.0025499365,0.23086521,0.45363694,0.5555951,0.3048163,0.38192904,0.6271485,0.3797389,0.31991485,0.33329886,0.3329658,0.4504504,0.32056236,0.5683724
"np.sum(np.sqrt(abs(1.914306932279557))/np.log(abs(1/(3.4497813924219107+array_x))), axis=1)",1.0,0.99305135,0.0,0.99999994,0.996324,0.99999994,0.999999,0.9999999,0.9999997,1.0,0.9999947,0.9997149,0.45363694,0.5555951,0.3048163,0.38192904,0.6271485,0.3797389,0.31991485,0.33329886,0.3329658,0.4504504,0.32056236,0.5683724
"np.sum(np.sqrt(abs(9.015011009389356/array_x)), axis=1)+np.sin(2*np.pi*np.sum(np.sqrt(abs(4.084245791352087/array_x)), axis=1))",2.6150477e-07,1.0,0.8437435,2.2283707e-07,1.0,2.361798e-08,0.33333397,1.4469596e-08,1.00038235e-08,1.0455603e-07,0.33333334,1.0,0.45363694,0.5555951,0.3048163,0.38192904,0.6271485,0.3797389,0.31991485,0.33329886,0.3329658,0.4504504,0.32056236,0.5683724
"np.sum(np.sqrt(abs(array_x)), axis=1)+np.sin(2*np.pi*np.sum(np.sqrt(abs(array_x)), axis=1))",0.606142,0.74997765,0.58316374,0.29542264,0.87494034,0.2946284,0.00022045687,0.007874461,1.4416638e-06,0.74587595,0.073967606,0.66659325,0.45363694,0.5555951,0.3048163,0.38192904,0.6271485,0.3797389,0.31991485,0.33329886,0.3329658,0.4504504,0.32056236,0.5683724
"np.sum(np.sqrt(abs(np.cos(2*np.pi*np.cumsum(-(array_x+8.600482627407061)*abs(1.1881814092891092), axis=1)))), axis=1)",0.7700804,0.4848841,0.14932317,0.73073363,0.48312166,0.60841304,0.8094488,0.6848669,0.75890225,0.8146765,0.7916296,0.77725166,0.45363694,0.5555951,0.3048163,0.38192904,0.6271485,0.3797389,0.31991485,0.33329886,0.3329658,0.4504504,0.32056236,0.5683724
"np.sum(np.sqrt(abs(np.sin(2*np.pi*2.928300152199484)))-np.square(np.cos(2*np.pi*array_x+6.216599243122662)), axis=1)",0.7133037,0.054535735,0.0,0.82574415,0.21304859,0.6766876,0.3941764,0.51855797,0.5497927,0.69642377,0.36636245,0.07136518,0.45363694,0.5555951,0.3048163,0.38192904,0.6271485,0.3797389,0.31991485,0.33329886,0.3329658,0.4504504,0.32056236,0.5683724
"np.sum(np.sqrt(abs(np.sin(2*np.pi*np.exp(8.187068692988388-np.exp(array_x)))/5.760708055005941/array_x-4.943243760860878*3.6732411615862004+9.556214061220842)), axis=1)",0.87875646,0.4158015,0.22045405,0.657242,0.54621756,0.7745116,0.658581,0.60945696,0.7136755,0.82298946,0.79719263,0.5667892,0.45363694,0.5555951,0.3048163,0.38192904,0.6271485,0.3797389,0.31991485,0.33329886,0.3329658,0.4504504,0.32056236,0.5683724
"np.sum(np.sqrt(abs(np.sqrt(abs(array_x)))), axis=1)+np.sin(2*np.pi*np.sum(np.sqrt(abs(np.sqrt(abs(array_x)))), axis=1))",0.8177206,0.49994904,0.5981619,0.4617972,0.9940816,0.4878054,1.8909344e-05,0.49967977,0.24974243,0.6909461,0.003140847,0.57056797,0.45363694,0.5555951,0.3048163,0.38192904,0.6271485,0.3797389,0.31991485,0.33329886,0.3329658,0.4504504,0.32056236,0.5683724
"np.sum(np.square(-((np.array(range(1, array_x.shape[1]+1)))*array_x/4.224606947080737*(np.array(range(1, array_x.shape[1]+1)))*array_x)), axis=1)",0.54422086,0.025189782,0.004899594,0.011754503,0.5159058,0.028324187,0.0,0.00041337198,0.0006357781,0.34196842,3.5979356e-05,0.18044055,0.45363694,0.5555951,0.3048163,0.38192904,0.6271485,0.3797389,0.31991485,0.33329886,0.3329658,0.4504504,0.32056236,0.5683724
"np.sum(np.square(1.5165463156062318-np.sin(2*np.pi*array_x))-1.5487728965965366, axis=1)",0.8688762,0.04497785,0.0,0.56865543,0.13205767,0.67300713,0.14524482,0.20038313,0.078781605,0.7955315,0.15780547,0.01701256,0.45363694,0.5555951,0.3048163,0.38192904,0.6271485,0.3797389,0.31991485,0.33329886,0.3329658,0.4504504,0.32056236,0.5683724
"np.sum(np.square(1.7196626938670199+(np.array(range(1, array_x.shape[1]+1)))/(np.array(range(1, array_x.shape[1]+1)))+2.8454104229119888/1.291052930704954)-np.square(np.round(array_x)/(np.array(range(1, array_x.shape[1]+1)))/np.cos(2*np.pi*1.8792533075850217)), axis=1)",0.0,0.9178745,0.30679393,0.0,0.8750702,0.0,0.0,0.0,0.0,0.0,0.0,0.8301879,0.45363694,0.5555951,0.3048163,0.38192904,0.6271485,0.3797389,0.31991485,0.33329886,0.3329658,0.4504504,0.32056236,0.5683724
"np.sum(np.square(4.098326239844994+array_x), axis=1)",0.008182568,0.44117743,0.04935828,0.002252617,1.0,0.0019857027,4.8246624e-05,0.00032319696,0.000751456,0.008481642,0.0,0.7995513,0.45363694,0.5555951,0.3048163,0.38192904,0.6271485,0.3797389,0.31991485,0.33329886,0.3329658,0.4504504,0.32056236,0.5683724
"np.sum(np.square(np.cos(2*np.pi*array_x/8.856541278918263/array_x/array_x-7.8883472459445585+array_x*array_x+np.square(8.35815423405763))), axis=1)",0.8208133,0.11732788,0.0,0.7628971,0.14155789,0.7441274,0.3936085,0.32121214,0.267681,0.673834,0.34946683,0.12873703,0.45363694,0.5555951,0.3048163,0.38192904,0.6271485,0.3797389,0.31991485,0.33329886,0.3329658,0.4504504,0.32056236,0.5683724
"np.sum(np.square(np.exp(5.973752883197197)+np.exp(array_x+(np.array(range(1, array_x.shape[1]+1))))+np.sin(2*np.pi*9.65344805264086)), axis=1)",0.0,0.43365717,0.03576825,4.9229734e-17,1.0,2.0453543e-17,2.0114321e-09,4.9229734e-17,7.0556435e-17,0.0,2.1846516e-08,0.5084128,0.45363694,0.5555951,0.3048163,0.38192904,0.6271485,0.3797389,0.31991485,0.33329886,0.3329658,0.4504504,0.32056236,0.5683724
"np.sum(np.square(np.exp(np.sqrt(abs(7.763092730285885)))/np.square(2.6783147943377466-array_x)), axis=1)",1.0450912e-15,0.60953534,0.060398865,3.2922368e-16,0.97760123,5.242535e-16,3.071542e-09,2.5750117e-15,1.3629732e-16,3.1413934e-17,1.0141744e-08,0.55677176,0.45363694,0.5555951,0.3048163,0.38192904,0.6271485,0.3797389,0.31991485,0.33329886,0.3329658,0.4504504,0.32056236,0.5683724
"np.sum(np.square(np.round(5.737241200242586/np.sin(2*np.pi*array_x)-8.114752808802947)), axis=1)+np.sin(2*np.pi*np.sum(np.square(np.round(4.154997405964218/np.sin(2*np.pi*array_x)-9.705926852437669)), axis=1))",0.9327747,0.017498478,0.0,0.39408854,0.024181366,0.26469713,0.054285884,0.059508357,0.057126593,0.9397898,0.06172021,0.024181366,0.45363694,0.5555951,0.3048163,0.38192904,0.6271485,0.3797389,0.31991485,0.33329886,0.3329658,0.4504504,0.32056236,0.5683724
