f,PSO1,PSO10,PSO11,PSO12,PSO2,PSO3,PSO4,PSO5,PSO6,PSO7,PSO8,PSO9
"-(np.exp(np.mean(np.sin(2*np.pi*abs(array_x)), axis=1)+np.log(abs(-(6.00086217133056)))))",0.651411915776543,0.385909608761924,0.569418453556171,0.20926507506051958,0.8182942800966286,0.620211000562436,0.8482741697152655,0.7736117048573482,0.7417907003947873,0.7101102373059733,0.4147929517363731,0.7034220621018986
"1.725346217431885-np.sin(2*np.pi*np.sum(array_x/6.117220771858262, axis=1))",0.1099884896879682,0.050314565804293894,0.06599040867729108,0.03420656876699545,0.12079377920871312,0.07675665385335584,0.15232085173451676,0.1208714569300488,0.14548151384301408,0.13607795771544862,0.06868629615841566,0.15915017700814865
"1/(array_x[:,0]+np.sqrt(abs(8.977974157623176))-np.sum(array_x/2.4089491161701453, axis=1)*3.0314189491185948)",0.942492966057141,0.7922440972497711,0.9146230016605414,0.5804321488554035,0.9542929249445676,0.9446371723778362,0.9530675698817542,0.9552359097447223,0.9508604182075601,0.9476212014805512,0.6682399458760522,0.9500284674098084
"1/(np.square(abs(np.cos(2*np.pi*4.854584871266158))+np.round(np.log(abs(np.prod((np.array(range(1, array_x.shape[1]+1)))*array_x, axis=1))))))",0.17169018075153833,0.7619436396458127,0.7491743180010941,0.29922195678930213,0.25424007212764776,0.1887591592408555,0.2596452407526844,0.21713320324671323,0.22767763396413426,0.1805618875382114,0.7508685057820088,0.19617450448496093
"10*(np.sqrt(abs(np.sum(np.sqrt(abs(6.499486235280583))*array_x-7.193831784759095/array_x+1.7022023245505031, axis=1))))",0.2762366415501558,0.2505484808895613,0.29323049856872346,0.11620464161898864,0.43091046000055755,0.27851430976218217,0.44899345558237846,0.3459662800458761,0.35842279981385033,0.30856759824469043,0.25235641624024074,0.305766231092788
"4.370104481195792+np.amax(np.round(np.cos(2*np.pi*3.415248582340174+array_x)), axis=1)",0.2637329563961205,0.8653582006335937,0.9016204825991863,0.7945954354517286,0.40807788930359545,0.25188963928543534,0.20802307064911008,0.32161907632419917,0.3250815962885836,0.4602144324009595,0.6714578130140753,0.327962209745984
"5.175861021452057/np.sum(4.121984462987276/1.1635809077335337+array_x-5.059448541224359, axis=1)",0.6204448904519566,0.7304506397177858,0.7183289759761838,0.40499997407757243,0.7049256137727673,0.6181381345852308,0.6633430550571514,0.6362152593817916,0.6299769607933364,0.6436386997486117,0.6199726632077003,0.6190856284952453
"6.739929098108037-np.prod(array_x*9.064527428784023, axis=1)",0.17133751764513988,0.9222301684635974,0.9231515983693938,0.3329531056900158,0.19652800743700208,0.17546306047528973,0.19382033733277013,0.193690895785963,0.19548668655995116,0.1818151514244975,0.916333608221896,0.1857403634389188
"7.4818114798819115/abs(np.sum(array_x, axis=1))*3.8429517730832536+1/(3.383834551787557)",0.22340928333763338,0.514742400205682,0.5588464416525906,0.29019575362029376,0.2850157826624922,0.2170084839087213,0.28212882569462505,0.25607123073547483,0.2341762242799494,0.24070107828045864,0.5940458048990042,0.2577603526187278
"abs(np.mean(5.864620092845726+array_x*7.034564357095528, axis=1))*3.0877200796539204",0.32310127008550593,0.3915095670051771,0.48355583390640383,0.38780561623618653,0.3250066560214695,0.3094646456402219,0.32984788718607616,0.3141516680379181,0.30977656278959703,0.2734667542071075,0.40420398029794385,0.28647178675860624
"abs(np.prod(np.cos(2*np.pi*abs(np.sqrt(abs(8.342308152015102))+array_x*np.square(np.round(5.661848300253088)))), axis=1)-5.519271965891938)",0.9729191270978491,0.8456307528175764,0.9228899010289855,0.5823682864593421,0.9843816388860936,0.9725073071283366,0.9872222702981368,0.9880365019036901,0.9841246683252008,0.976814690472864,0.7560049705536717,0.9758614527615248
"np.amax(4.564094976263412+np.sqrt(abs(array_x)), axis=1)+10*(np.sin(2*np.pi*np.amax(8.912720944616769+np.sqrt(abs(array_x)), axis=1)))",0.13970948905698477,0.2033543532057189,0.4774928507349052,0.1478717210229955,0.34285963404411185,0.1408092001209027,0.3429504657101737,0.18697079842028239,0.21639724281465333,0.18555075895438622,0.18606969353379474,0.17461348752034603
"np.amax(np.log(abs(np.sin(2*np.pi*array_x))), axis=1)+np.log(abs(5.2858634173812575))/4.153242736579513+np.sqrt(abs(np.cos(2*np.pi*np.amax(array_x-(np.array(range(1, array_x.shape[1]+1)))+array_x, axis=1))))",0.4986424615816633,0.3467960410300766,0.41405653408650595,0.23453278711203696,0.5881514350016066,0.5119349021531764,0.5792003200313447,0.5790756223104063,0.5828371753139832,0.5259939163759608,0.3336607271878591,0.5632320193747152
"np.amax(np.sqrt(abs(-(4.039999646613268/array_x))), axis=1)/7.904596653293224",0.309329590252075,0.6243634383352951,0.6006743887085114,0.33122669537637406,0.2748165193009154,0.25378569549552643,0.3069749861916119,0.26762801399005914,0.2694044305977538,0.22453612297702275,0.6254782986896651,0.23429740411052355
"np.cos(2*np.pi*np.amax((np.array(range(1, array_x.shape[1]+1)))*array_x, axis=1))-np.square(7.105228683711357)",0.21863900161312924,0.10588105553784205,0.12692239307756575,0.0796984762794034,0.24326326387706187,0.1816240118324486,0.296545639917,0.19140625447093984,0.20650935923193792,0.20546449689877705,0.11350427177353993,0.2547281904858252
"np.cos(2*np.pi*np.mean(np.log(abs(np.cos(2*np.pi*array_x-(np.array(range(1, array_x.shape[1]+1))))-3.155106880645918)), axis=1))",0.6521973111026921,0.4053356313994037,0.5437080969472836,0.18233009813742473,0.7131536093677745,0.6139552369945097,0.7170450881720243,0.7111163279834701,0.6766789542810959,0.6488165678223449,0.4046492422683462,0.6690871411205367
"np.cos(2*np.pi*np.mean(np.square((np.array(range(1, array_x.shape[1]+1)))*array_x), axis=1)-2.354239689628258+np.cos(2*np.pi*2.693850305302142))",0.2118692932914895,0.13909253856429374,0.15636231834069542,0.0876722457150592,0.1932702538233522,0.19036052590109542,0.22846011130249394,0.2063617180730239,0.25993551407754745,0.22504956003211996,0.13685065946737948,0.21652869586930099
"np.cos(2*np.pi*np.sqrt(abs(np.mean(array_x-7.723736330206018*8.319537303515826, axis=1))))",0.3358843845625224,0.6258978637752878,0.6506346996002692,0.3928323606156485,0.39805097602510014,0.33864387952202885,0.40083745286517447,0.34913236266611597,0.3407810563161872,0.3345734241293187,0.5805565349633959,0.32550315436509103
"np.cos(2*np.pi*np.square(1.680623219324963+np.mean(-(2.4279404324959444/array_x), axis=1)))",0.21858785787097787,0.15580116277992467,0.2175840428770003,0.1410614906415087,0.358608821761573,0.2570455884593798,0.35606024684449566,0.26136717835225304,0.25808789476922267,0.26307245321407463,0.17907496801839468,0.30758653228931715
"np.exp(-(np.amax(array_x, axis=1)))",0.08962559497115524,0.2897392318576026,0.28514198890890197,0.13103788677761144,0.24873688652834552,0.12125463428903378,0.2663740465932122,0.20428179450701084,0.20291712627691091,0.12482808346947681,0.2817230979280623,0.12158480318581583
"np.exp(8.504730858879029-np.sqrt(abs(array_x[:,0]/4.2011802453469915)))-np.exp(9.238886761284531)-np.mean(array_x, axis=1)",0.19115359234473858,0.4322007486177575,0.4222434690018567,0.23405822577012844,0.3522298883498343,0.1933176560498663,0.3349258893570135,0.26695652578013335,0.26846409626597884,0.21677924843246135,0.4376167988288175,0.17123991640980926
"np.log(abs(np.exp(6.655212466998184)-np.square(np.sum(np.square(array_x-array_x/6.693552607945649), axis=1))))",0.21031367820453684,0.3831144408518691,0.49840882660523106,0.14704189712011456,0.8045602594104811,0.14188670013243998,0.8272737875166007,0.4528874197526288,0.4660695068331644,0.32526636914017226,0.4127403634044404,0.33858401906519187
"np.log(abs(np.log(abs(np.sum(np.sin(2*np.pi*array_x), axis=1)))))",0.8191411185594605,0.6140823655505294,0.7423209143456065,0.3121173100885391,0.8800513216958378,0.8292097644824074,0.8590868751515469,0.8745633653734576,0.8602420001963995,0.8316583657131507,0.660213692253401,0.8262526327829407
"np.mean((np.array(range(1, array_x.shape[1]+1)))+np.sqrt(abs(8.347198521522778))*7.93265294645557-1/(np.sin(2*np.pi*np.square(np.log(abs(array_x)))*3.612880110399062)), axis=1)+np.sin(2*np.pi*np.mean((np.array(range(1, array_x.shape[1]+1)))+np.sqrt(abs(6.2634904019028586))*8.792906994974143-1/(np.sin(2*np.pi*np.square(np.log(abs(array_x)))*8.61204393620109)), axis=1))",0.7435142131234312,0.420910794993506,0.6817839859143204,0.39642014510587487,0.8519606602039628,0.742636455734445,0.8278637297295133,0.8031799094273654,0.812283414848358,0.7505813540927753,0.5107705567942896,0.7640998660933274
"np.mean(-(2.266253976973269/array_x+8.217494231243002-array_x), axis=1)",0.9885946779951506,0.9166035115724648,0.9774570646669557,0.2751451353382425,0.9889760095212538,0.9948842871219072,0.9915416948177642,0.9894011350294903,0.9880026466226104,0.9942778152280886,0.8940666319247567,0.9910689458664682
"np.mean(-(array_x+2.3530406416145575*1.708749390221857+np.sin(2*np.pi*array_x)), axis=1)",0.30299931536634866,0.7328659256348318,0.8055435103479399,0.6376412711859758,0.25844005522104346,0.2783363732700677,0.26522719557976193,0.2198226611480388,0.22259707191036857,0.22143377142438017,0.7489644143508066,0.20123331751345944
"np.mean(-(np.cos(2*np.pi*5.377291721418011)+array_x/np.sqrt(abs(9.5357900476296-array_x))), axis=1)+np.sin(2*np.pi*np.mean(-(np.cos(2*np.pi*1.088888253727983)+array_x/np.sqrt(abs(3.4204067970211174-array_x))), axis=1))",0.44876899225778577,0.6778344261127178,0.7672319102547454,0.6888402866528327,0.25956332272033955,0.46667263771463413,0.18946662287512597,0.31693853143360684,0.44648694101991837,0.5151699332244494,0.7126071258503412,0.39481062709429693
"np.mean(-(np.log(abs(6.043381225849123))*np.round(np.sin(2*np.pi*np.square(7.851701193413209-array_x)))), axis=1)",0.4994266040653972,0.3072588428602556,0.43940107610023427,0.09799418757912015,0.607765128519017,0.46408070765052806,0.6153729657228691,0.5749282517148369,0.5941167684696225,0.5231987176837485,0.32592541782446266,0.5324404605054484
"np.mean(-(np.sin(2*np.pi*array_x+2.1395530488627177)), axis=1)",0.41710764341567547,0.1889696661996961,0.3297071562071693,0.032176828119962836,0.7069078805469392,0.4659895452450179,0.7826044626784358,0.7264851885347755,0.7036885116934636,0.48753713803071913,0.1693921239210573,0.4726003951038916
"np.mean(1.1225855861119158-np.round(array_x)*array_x+3.7146178555253284-7.361464662964001, axis=1)",0.03906208964077964,0.935202564748695,0.7890165255769466,0.2973784008428437,0.03241038730581529,0.0489751132772724,0.024713494134843788,0.02705527055072845,0.03182812104523519,0.0290940484576901,0.9469629254419613,0.022774038386529825
"np.mean(1.851957894244547-1/(9.355278674769446)+array_x, axis=1)+10*(np.sin(2*np.pi*np.mean(3.978207612777248-1/(5.696662192540262)+array_x, axis=1)))",0.3217849661295603,0.239595727601536,0.25718876408067126,0.11660803938963502,0.451585208268108,0.3509214823254616,0.45123326255513446,0.37442656123450446,0.39251179219237037,0.3861176188388346,0.24362485356722258,0.4104365395555253
"np.mean(1.8819042120213958+array_x, axis=1)+np.sin(2*np.pi*np.mean(3.0194175568656325+array_x, axis=1))",0.9689982208347152,0.9925828298166707,0.9912700506655507,0.9949859854754773,0.03526502736745577,0.9655857071916354,0.06494385694430445,0.5584662236821802,0.6822416480278474,0.6972846872018175,0.9934162646606955,0.8332762088449102
"np.mean(1/((np.array(range(1, array_x.shape[1]+1)))*np.round(-(array_x)/7.1157057809989075*(np.array(range(1, array_x.shape[1]+1))))+np.round(array_x-2.1153136899782763)+8.370807119777218), axis=1)",0.38657685351677196,0.36783298987697965,0.48582584543210133,0.2158801789407935,0.6359492842654343,0.3998117537110397,0.6393035652707836,0.5153024390489663,0.5632201680191673,0.4287532408929578,0.3473618361445156,0.4787309006401228
"np.mean(1/(1.1748979007130314-np.sin(2*np.pi*array_x*7.461846106821351*array_x)), axis=1)",0.3222332907900453,0.2549090538114487,0.3456865610134228,0.12285691957516356,0.44414047217896824,0.29153450025905825,0.469235121436797,0.3935906098471163,0.4229548894814956,0.3259922807829032,0.28528860468288914,0.3043529907986895
"np.mean(1/(10*(np.cos(2*np.pi*np.square(3.0016731108996786+(np.array(range(1, array_x.shape[1]+1)))*array_x-9.597906351903084/(np.array(range(1, array_x.shape[1]+1)))*array_x-6.699512760784947*np.sqrt(abs(9.635360999091564+(np.array(range(1, array_x.shape[1]+1)))*array_x/np.cos(2*np.pi*np.log(abs(9.748218471889722))))))))), axis=1)",0.9685138946256067,0.8517699921247056,0.9448429250346474,0.5260754358948744,0.9743225527528615,0.9717221961669593,0.9788873755171386,0.977026024993344,0.9736251891225441,0.9716585678790942,0.7168012430706413,0.9692688574025862
"np.mean(1/(9.661337703691999*np.sin(2*np.pi*array_x)+2.3060158892263662+array_x), axis=1)",0.7555128314402455,0.6454087278083764,0.7793676094794216,0.42834439465701557,0.805542306423249,0.76786953876289,0.8343362170128068,0.8045830803149302,0.8245531182539927,0.7343489016557772,0.6367775755625729,0.7613246339818681
"np.mean(1/(np.cos(2*np.pi*array_x-1.249485220072299-6.000719871206466*7.441635914138824+np.square(array_x)+9.30939746468709)), axis=1)+np.sin(2*np.pi*np.mean(1/(np.cos(2*np.pi*array_x-4.436549253116308-3.4012602954356796*5.7473006910729+np.square(array_x)+1.480171815737977)), axis=1))",0.9625001063686962,0.8897401296060444,0.9396206959411616,0.34154505129903157,0.9576736633327769,0.9490073646496988,0.9733087688220607,0.9697051455952571,0.9720261720617984,0.951563670000682,0.8505110376501751,0.9639254896792618
"np.mean(10*(5.128712690745229)*np.sin(2*np.pi*3.19272306069864-array_x)/3.9337543228557013, axis=1)",0.18976673862649868,0.45349857559856377,0.5350033953920978,0.07573377872471723,0.5854355194039743,0.17615446371463706,0.5780907509165648,0.34567052687394983,0.32921913871800207,0.21645487359371746,0.45150954232003104,0.23130599890328996
"np.mean(10*(7.263729402162507/array_x)+4.82107872729257/-(4.625599575026699+array_x)-array_x, axis=1)",0.9931079253543247,0.8624706868901904,0.9723863750802694,0.19174476531087525,0.9960764549142592,0.9910321307232615,0.996342634642587,0.9958391289768109,0.9966306265846058,0.9956618844068177,0.9476592100304339,0.9968806336486488
"np.mean(10*(np.log(abs(np.cos(2*np.pi*np.sqrt(abs(1/(array_x))))))), axis=1)",0.5591892206996808,0.26192275142642685,0.4660861942417867,0.1290029656358006,0.8554863590424575,0.5066111067814528,0.8967509367904368,0.7325309837930292,0.7278523492689797,0.6636759282750906,0.24177089153333775,0.669354977058767
"np.mean(10*(np.sin(2*np.pi*10*(np.square(array_x))/6.950799346530147)), axis=1)",0.5529714022843522,0.3267266654145942,0.4429902382863785,0.1031312200349646,0.6595600045954,0.5627831208410786,0.6779597110537623,0.627314967396403,0.6625074759535781,0.6235765828495959,0.3849645729435948,0.6094386678319791
"np.mean(10*(np.sin(2*np.pi*2.496226888648108*array_x+3.1728031996944552)+abs(7.256930599463547)), axis=1)",0.5318995807669149,0.26784004660591054,0.40420043582929055,0.06396690451975715,0.6779208044278685,0.5334544184954904,0.6950611787378809,0.6400363542675771,0.6738651405225575,0.5704534990715138,0.26257265722766693,0.5662592725431843
"np.mean(10*(np.sin(2*np.pi*6.694008208415272/np.exp(np.cos(2*np.pi*np.log(abs(7.213341917403244-array_x)))))), axis=1)",0.5130969127864504,0.3328693493918726,0.41720741240153086,0.10572449634778586,0.7096863040223572,0.5189621974657398,0.7098004710285061,0.64482775090192,0.648193804146684,0.558766353332446,0.3460754960625747,0.5752939542774811
"np.mean(10*(np.sqrt(abs(array_x+4.366870753470883))), axis=1)",0.07320399815595807,0.9604950927828787,0.9136742255621286,0.6619884847922975,0.0400570341843648,0.06505519414042155,0.026818499992065103,0.022267456134910598,0.02503631772047542,0.03965928990622717,0.9620627025794813,0.025538873699356243
"np.mean(10*(np.square(6.948193957036988)+np.sqrt(abs(array_x))), axis=1)+np.sin(2*np.pi*np.mean(10*(np.square(8.98748557221817)+np.sqrt(abs(array_x))), axis=1))",0.1451060747971032,0.3798289104787152,0.5790941727877726,0.258313558127664,0.8187743570130362,0.11962878437672252,0.853599995105959,0.5307749185725039,0.5232113187794339,0.37494020389610117,0.4430446771748362,0.4070096067213294
"np.mean(10*(np.square(np.square(5.313414241969254)))+array_x, axis=1)+np.sin(2*np.pi*np.mean(10*(np.square(np.square(8.720050336452768)))+array_x, axis=1))",0.8795036644196379,0.9625362946198505,0.9707508529133843,0.9485069218983369,0.045784370412482976,0.871110029355446,0.07162395241399233,0.530757275557917,0.5468954713186122,0.7052089267855007,0.9670367175792488,0.7687830880994998
"np.mean(2.000404448745365+np.square(8.856909015836525-array_x), axis=1)+np.sin(2*np.pi*np.mean(7.50196446143318+np.square(1.7452622713075503-array_x), axis=1))",0.2196125321314746,0.7363382562235489,0.8929234843585747,0.5552215311943367,0.21706765518654728,0.21850710171527804,0.22284773365571234,0.2166585618074646,0.21744386153229342,0.2169584895202591,0.9269670476000493,0.2153364810527635
"np.mean(2.195951516505672-5.299156625029427+array_x+array_x, axis=1)+10*(np.sin(2*np.pi*np.mean(7.996164935227163-9.613660685263138+array_x+array_x, axis=1)))",0.5222349628197565,0.6803229702006958,0.7654079152708501,0.7202189320936171,0.3231732927013223,0.5131601506029644,0.2049486692485936,0.35769433970867764,0.5158569131829361,0.5692747880680118,0.7092482123303725,0.49791955147281236
"np.mean(2.3672288891828916/np.square(6.139361348796253+np.exp(5.214039279846198/array_x)), axis=1)",0.26247214889942294,0.6565352227796809,0.7521092170976709,0.5266599900670422,0.38309245845497375,0.2731079318494665,0.4095857222823072,0.3545688360866642,0.3294020595844479,0.2876839887151771,0.6949822321880628,0.32446539928038254
"np.mean(3.2323475873598686-np.sqrt(abs(array_x*array_x)), axis=1)+np.sin(2*np.pi*np.mean(6.311456562083828-np.sqrt(abs(array_x*array_x)), axis=1))",0.4160775875659313,0.6326589769499847,0.6046651968635142,0.39419882126740186,0.3106121975341929,0.4219526401280784,0.3124517331930894,0.47202553368253275,0.4171831493483848,0.3996908484891721,0.636613751934715,0.40960374125557636
"np.mean(3.584910197322767-np.cos(2*np.pi*array_x)-3.9249133458360914, axis=1)",0.4503465639612286,0.21352692365989495,0.32536059332352735,0.047790388813109624,0.7412563412694116,0.4256999605944455,0.7554846991010088,0.715567547000972,0.6939227165118008,0.5511579853030011,0.1758305021858863,0.4881295624795166
"np.mean(3.7944001695097227/np.square(1.472180278299783/array_x)-np.sin(2*np.pi*array_x*1.7025501581083866), axis=1)",0.06079369659070297,0.2747482842202119,0.49243801701448836,0.07697043477860016,0.8147024795737592,0.06781953793321546,0.7161706329042375,0.29631343590514186,0.2730436350102761,0.140537924121139,0.31307398699439726,0.1774978638742231
"np.mean(4.403919991921226-array_x*8.706667658025937+array_x, axis=1)",0.0008953118318575501,0.9412186066107742,0.8055577420654862,0.4796051525104371,0.0008939894425040088,0.0005558992721004699,0.0008625700029672394,0.00019673335132699187,0.0003568098026315554,0.00035489676406631277,0.9752474044630587,0.00021831178497498842
"np.mean(4.506674084586853/np.square(array_x)-np.sqrt(abs(6.786180906401217)), axis=1)+np.sin(2*np.pi*np.mean(7.32225596005809/np.square(array_x)-np.sqrt(abs(1.5028260392049937)), axis=1))",0.31433974543643683,0.6522144363829799,0.6307376773402864,0.32142578886534134,0.28609802303960735,0.2594810661592102,0.26636544768724524,0.35336887867642797,0.28297248582851986,0.25968445145168656,0.6273142346013659,0.28798921461520327
"np.mean(4.8613340352304935/array_x+4.346351588502078+np.cos(2*np.pi*5.970997427696607), axis=1)+np.sin(2*np.pi*np.mean(5.22352713013623/array_x+7.695652842595824+np.cos(2*np.pi*2.3869333343911157), axis=1))",0.9434571215525379,0.7715782852262456,0.9210072612434271,0.4417025565533587,0.9737948085533726,0.9399841377969288,0.9711222047584233,0.9660971194737842,0.9715730303206207,0.967123223435811,0.8069603953916205,0.9776762985492045
"np.mean(5.38337707986264+10*(np.cos(2*np.pi*np.exp(array_x))), axis=1)",0.5758689263063783,0.3898366723863916,0.5241573946121149,0.19669114614593142,0.7665898274651234,0.5459827470695875,0.7837531904206849,0.6788400055942257,0.6580147356793548,0.6672532835873917,0.36123778116182587,0.6548662678064059
"np.mean(5.603475910467207*np.sqrt(abs(7.210917701237596-1/(array_x))), axis=1)",0.5584831380339277,0.412685623704579,0.5669600848861512,0.24049032184235647,0.8458876517941394,0.5721694443233519,0.8552677680551,0.7739550608883458,0.731122554278189,0.6288465027736505,0.34512568561080575,0.6805071197948976
"np.mean(5.668562108036993-array_x/1.6576729845169207*np.cumsum(array_x+4.036543225526932, axis=1), axis=1)",0.035138932661852286,0.9175841164079408,0.8604300373305529,0.4780709124249885,0.035278751378366405,0.03758238899674764,0.040045752725113876,0.0292832304983885,0.025815383047441517,0.029099755987884,0.9384828219971243,0.032509800348897194
"np.mean(6.372288410193335-np.log(abs(array_x)), axis=1)+np.sin(2*np.pi*np.mean(9.260838083681808-np.log(abs(array_x)), axis=1))",0.14847546877376216,0.10155160015951814,0.10575112178797932,0.06239556478287598,0.29930474448366107,0.1416785791373067,0.39602118794591507,0.2131158472704269,0.21290857441528618,0.1823158925004912,0.09590571037940374,0.16674397672043667
"np.mean(6.838428280379584+array_x, axis=1)+np.sin(2*np.pi*np.mean(5.261103286313436+array_x, axis=1))",0.8067408474453921,0.9847079828024112,0.9828972566752527,0.956505208956855,0.020252109389930762,0.7781952645740725,0.07988737451413122,0.5043035438071116,0.3849315855802869,0.6139408494484694,0.9830936623273366,0.6799671293752902
"np.mean(7.151244094764104/array_x*2.257430395598759/3.1599091227599967, axis=1)+10*(np.sin(2*np.pi*np.mean(6.6441308355472275/array_x*6.431894192589494/8.434543343834939, axis=1)))",0.903839192330947,0.75757692014412,0.8554812725313192,0.3280396472557715,0.9212696187927553,0.9009498842546977,0.9337747103565374,0.9187661964303754,0.92118984116881,0.9085379173244067,0.769476515639399,0.9076469318975579
"np.mean(7.221790541687774/np.sqrt(abs(np.sqrt(abs(np.cumsum(3.2323279225593136+(np.array(range(1, array_x.shape[1]+1)))*array_x+np.sqrt(abs(np.sqrt(abs(1.9090070251399607/np.sin(2*np.pi*np.square(array_x)))))), axis=1))))), axis=1)",0.285641969890012,0.5370586179476656,0.6399690309264606,0.4120859683744706,0.3579665353899706,0.28096035573314443,0.3836050423608778,0.3512517226164922,0.32933185747934246,0.29502622786915284,0.6435322645792647,0.3261124454092797
"np.mean(7.257640284224173-np.sqrt(abs(array_x)), axis=1)+np.sin(2*np.pi*np.mean(2.6619746811271607-np.sqrt(abs(array_x)), axis=1))",0.1225650115681069,0.6113351333036416,0.5381512183357294,0.2887643085493526,0.0872111870533335,0.07957810156673913,0.0732241884575627,0.08236871838724266,0.0882431513385495,0.11123006293974536,0.6045372774231723,0.0902032292721384
"np.mean(7.289716873027886-array_x-7.315350229613929, axis=1)+np.sin(2*np.pi*np.mean(3.1079305020874504-array_x-9.796534511739674, axis=1))",0.9220611852374283,0.957152384084272,0.9443301778503423,0.952503587151308,0.04361950354936127,0.9196214705610806,0.05449463032263626,0.506716327531751,0.6393650761355153,0.7875517689142929,0.9610088517425736,0.7030800971985081
"np.mean(7.795244181481315/4.767425010559604-2.2868124967551187/(np.array(range(1, array_x.shape[1]+1)))+7.5436906765812894-array_x, axis=1)+np.sin(2*np.pi*np.mean(7.842471252509949/4.709263370422486-6.269138249963559/(np.array(range(1, array_x.shape[1]+1)))+6.830779556188641-array_x, axis=1))",0.8866951861236092,0.9544145755734569,0.958287202176076,0.9395940131879726,0.09009789809073965,0.8144685196378632,0.09793131256471804,0.584764924496698,0.5579391752432938,0.6835782066756226,0.9437584513683072,0.6628711865200658
"np.mean(7.830536546658682-np.cos(2*np.pi*array_x-1.2159330136548445), axis=1)",0.4640832903184784,0.2115462563491899,0.2972142115777514,0.04157890744674933,0.7859099142741465,0.45709028925718104,0.7866953276424963,0.7231492378724852,0.694219206843633,0.5812791387130286,0.20778287892771213,0.5339246727851771
"np.mean(8.082465228896675*np.sin(2*np.pi*2.357950375115422+(np.array(range(1, array_x.shape[1]+1)))*array_x+(np.array(range(1, array_x.shape[1]+1)))*array_x), axis=1)",0.5531702650535884,0.39395032002389135,0.5198562612985625,0.1823783275491696,0.7932991605857396,0.5528387601466135,0.746283812681781,0.6800419579361047,0.6956026750242456,0.6077142888033358,0.43864750570318967,0.6219249853348267
"np.mean(8.602590092770939/array_x+9.746439821256612-np.sqrt(abs(np.exp(array_x))), axis=1)",0.9563355146734203,0.8391419084748208,0.9321912002453527,0.2861873146181279,0.9842281367763094,0.9554803272551612,0.9758174713935044,0.9730320182938912,0.9778967032514081,0.9714201842188903,0.846915848216594,0.9782722520122544
"np.mean(8.846284130461537+np.square(2.5371157004156712+array_x)-1/(np.sin(2*np.pi*np.exp(9.3470294785319)/array_x-8.476313174993379)), axis=1)+10*(np.sin(2*np.pi*np.mean(8.949785588251146+np.square(4.965539844783672+array_x)-1/(np.sin(2*np.pi*np.exp(8.758533628163503)/array_x-1.330475203665928)), axis=1)))",0.6902309691498039,0.44328759479276447,0.6512698298054279,0.3522585089166854,0.8181196256378346,0.7134893573782166,0.784822583511173,0.7561924550558833,0.7601565071654993,0.7174667830651793,0.5239614623897708,0.7294347657474772
"np.mean(9.870726556525597-np.cos(2*np.pi*array_x)*(np.array(range(1, array_x.shape[1]+1)))*array_x/array_x+5.549161569049778, axis=1)+10*(np.sin(2*np.pi*np.mean(6.9820258351852305-np.cos(2*np.pi*array_x)*(np.array(range(1, array_x.shape[1]+1)))*array_x/array_x+8.66029065958246, axis=1)))",0.36778641819571656,0.3093277589143394,0.34981140763908447,0.2342934250307944,0.4482959639741384,0.38699526209206553,0.45541963793562296,0.38500481332829606,0.45287288816463106,0.38741563467232226,0.29221772066398893,0.39260800919254085
"np.mean(abs(-(np.round(1.6131529724774634*(np.array(range(1, array_x.shape[1]+1)))*array_x)*9.879801787499774)), axis=1)",0.08286481041364878,0.3788958875542577,0.5002608349254279,0.10629583604410651,0.8171435281772523,0.10086508662021493,0.8740287904432327,0.44122558087308456,0.42805946692826125,0.2823594398243225,0.33213380357865396,0.29817029755380087
"np.mean(abs(10*(3.254435609037936)-9.77929040352844/-(array_x)), axis=1)",0.25858950352440707,0.31727659327855506,0.43579838945408383,0.18505743954271392,0.5469728997723851,0.26617698612479435,0.5985075297113253,0.45377822126160083,0.39844563243807285,0.35757962684336564,0.3388095981307371,0.37500054275921835
"np.mean(abs(array_x+np.round(2.0813473384129)-1.5584315512567715+array_x), axis=1)",0.1261402773272007,0.3693829015894822,0.4119971869143903,0.06825369679624659,0.8689337525736337,0.10521914670638383,0.8733633533794058,0.42434291201396973,0.4289324034398029,0.2798538333883067,0.3936752773848552,0.30452847305531683
"np.mean(abs(np.cumsum(array_x, axis=1)+7.197402755836434)+2.461100673653881, axis=1)",0.16014060946915765,0.7471327018716974,0.7504921756684441,0.3970484814101497,0.19759893524568878,0.15548980532065138,0.20282754990549642,0.14458187014998397,0.14407204583744718,0.14038412754882273,0.7035129889361639,0.12746669955413173
"np.mean(abs(np.log(abs(array_x*np.log(abs(3.948276368272394))))*np.sin(2*np.pi*9.946844484146338)), axis=1)",0.1802980434555035,0.26009183248913254,0.42739570725086184,0.2316085636203254,0.6794542833282958,0.16890074691279666,0.727101959536057,0.4282768738364705,0.4369352632634092,0.31020629972061703,0.2696929476968997,0.3244865322937002
"np.mean(abs(np.sqrt(abs(np.square(array_x-1.4925214503672835)+4.130630806887231))*6.60180517354053), axis=1)",0.04785521579346902,0.45939955920329906,0.6549832900977876,0.13617380299607246,0.44869714947715444,0.03682620068298779,0.45979808759221497,0.1885243441938186,0.17961452072920245,0.1077813002523266,0.48737041130490044,0.11141777147221132
"np.mean(abs(np.square(8.75915685635222)-np.sqrt(abs(np.exp(array_x))))+1/(np.square(8.620923007852028)), axis=1)",0.22072918787803616,0.9314098444783276,0.8861178845802711,0.5883434910793032,0.12699670139386446,0.20485800457986858,0.09793837805339686,0.12429673001611471,0.14061734420565558,0.1579930450103706,0.9269634020680358,0.1471528307970593
"np.mean(abs(np.square(np.square(array_x)-10*(7.750981352981324)))-np.sin(2*np.pi*1.8231465781717102), axis=1)+np.sin(2*np.pi*np.mean(abs(np.square(np.square(array_x)-10*(7.215377601303473)))-np.sin(2*np.pi*7.1218253034269825), axis=1))",0.03984242572307353,0.8849905666558097,0.7780832294151767,0.2872136749048495,0.053641106698712075,0.06242246105767677,0.04474950410244152,0.04624277145978982,0.05747860041580392,0.044156328541281126,0.9249914648904743,0.03819237987862886
"np.mean(array_x*3.9616420408737247, axis=1)+np.sin(2*np.pi*np.mean(array_x*1.3267222888020012, axis=1))",0.19827127121300372,0.9130829609950313,0.8842104768440566,0.6954120368686872,0.09277605420683085,0.18123600230915804,0.0882592921653731,0.08326280288755067,0.07733255897521628,0.09553820204003782,0.9039682193090596,0.08451300460495198
"np.mean(array_x+1.5912201441420906-np.sqrt(abs(6.543443068652492)), axis=1)+10*(np.sin(2*np.pi*np.mean(array_x+1.7922127515032873-np.sqrt(abs(5.571164544907289)), axis=1)))",0.8586098993971608,0.9017522359462657,0.8714936709174195,0.8965106321799569,0.337030698294281,0.7618345781709113,0.19229366743306023,0.5173418638239434,0.5769420092658847,0.8116267376392596,0.827326616192102,0.8275999835743346
"np.mean(array_x+8.363651243152152, axis=1)+np.sin(2*np.pi*np.mean(array_x+9.572074545137404, axis=1))",0.956539067101467,0.9968790160986077,0.9877788681879843,0.9894251501776233,0.05742427269381625,0.9418393268125592,0.06221217261358185,0.5338847418244432,0.6382085569930813,0.8149643067712897,0.9960599109488322,0.7997298456969303
"np.mean(array_x+9.716844396221632+2.8982975567488958+np.sqrt(abs(np.square(array_x)+4.671454951881465)), axis=1)",0.04772385621187814,0.8367635837924112,0.9450028937545892,0.3145153002896034,0.07521932164329313,0.05173473121913493,0.07766577295769152,0.062463338166477554,0.06432238321897663,0.05767956054125063,0.7999180302630445,0.06467274138943616
"np.mean(array_x+array_x*np.sqrt(abs(4.1266249862292455))*np.round(np.cos(2*np.pi*4.2290028549594085)), axis=1)+10*(np.sin(2*np.pi*np.mean(array_x+array_x*np.sqrt(abs(4.390327633012518))*np.round(np.cos(2*np.pi*8.948629465778254)), axis=1)))",0.6122833793443294,0.6307215139483833,0.6140335152694802,0.5620726990972013,0.369862019369165,0.6352819719532573,0.3407094903030986,0.4496453922325338,0.5466219269721299,0.6959708468272313,0.5601881852789533,0.6630091001391797
"np.mean(array_x+array_x+6.844060096674313*np.sqrt(abs(5.910396318269889)), axis=1)+np.sin(2*np.pi*np.mean(array_x+array_x+5.834121054035309*np.sqrt(abs(4.489903003290733)), axis=1))",0.3256316131185445,0.9374736133105857,0.9274883114755285,0.782575400015337,0.04154775326251919,0.3115591548081443,0.044283557803099526,0.11649697933592616,0.09610376119145575,0.14404249397493513,0.9438342014033675,0.10451079633968849
"np.mean(array_x+array_x/array_x/3.9614801199215166, axis=1)+np.sin(2*np.pi*np.mean(array_x+array_x/array_x/8.045122832844445, axis=1))",0.9154024133722075,0.9670975024689519,0.9818812604971182,0.9618490770048606,0.10096067246376939,0.8883410315286604,0.13652619397380045,0.5846394255534392,0.6088055612780436,0.7047199372441436,0.9771487644168573,0.8172598254427927
"np.mean(array_x+np.sin(2*np.pi*3.9512288200341215-np.sin(2*np.pi*array_x)*np.cos(2*np.pi*np.sin(2*np.pi*5.235717545385318))), axis=1)",0.17253428133515133,0.920674486121497,0.8925145503680195,0.7418756252492531,0.0493642188236516,0.14478132266075097,0.040448533218960164,0.03407351737420318,0.035219189809552603,0.046705398667231474,0.9169378070716638,0.03864691396479596
"np.mean(array_x+np.square(6.01084134706696), axis=1)+10*(np.sin(2*np.pi*np.mean(array_x+np.square(7.222053225324686), axis=1)))",0.7504224915690005,0.7812886307587326,0.759390496945115,0.776014015791465,0.47583369441046885,0.7248595113117738,0.302157071136783,0.45025122550062924,0.5984103620016019,0.7347377874718686,0.6048841757626112,0.7926484710832625
"np.mean(array_x+np.square(8.053324730160906)/np.square(np.square(array_x+abs(9.52750567819698)))*array_x/3.957391280546442, axis=1)+np.sin(2*np.pi*np.mean(array_x+np.square(8.035166411398603)/np.square(np.square(array_x+abs(6.834242891197844)))*array_x/3.885979418600594, axis=1))",0.7710238294026357,0.964681880811112,0.982688069350155,0.9350623228830871,0.06802300856632472,0.7371300162909391,0.08320148913322153,0.46728820953643324,0.45716297446364407,0.5437464778715573,0.9703460799403478,0.5799379875263851
"np.mean(array_x-2.176647066119663/6.716967315522241, axis=1)+np.sin(2*np.pi*np.mean(array_x-8.302771548659468/7.418229082011335, axis=1))",0.8803503222685888,0.9312149861488233,0.945977890927137,0.9334985429426038,0.15209393449660505,0.8813728795678104,0.17053397012763039,0.5617058696934751,0.6031862954978308,0.7617485609728273,0.937045884674458,0.7607259052452151
"np.mean(array_x-np.sqrt(abs(1.6743222693155357-array_x)), axis=1)+np.sin(2*np.pi*np.mean(array_x-np.sqrt(abs(6.881586790479246-array_x)), axis=1))",0.7086054703505402,0.9164759996162337,0.956194889156576,0.8823249684473785,0.2044257131911368,0.7126529248328641,0.2054339505366941,0.4472383344557467,0.47753179991453576,0.5381177536657336,0.8719497311890947,0.5680874433076152
"np.mean(array_x/array_x/np.sqrt(abs(3.9359026653440488+array_x))+2.6487848204578013-array_x*2.5648163771692554, axis=1)",0.035795376480691206,0.9463663956848015,0.8568214800305353,0.6051467034019509,0.007599915761862018,0.03584028327402507,0.004915378712322356,0.004372060926219556,0.004487295586639231,0.005244413978959766,0.9871302497267727,0.006658593923248771
"np.mean(np.cos(2*np.pi*(np.array(range(1, array_x.shape[1]+1)))/6.468005628354722)/4.291448192943016-1.415221974179957*array_x*array_x, axis=1)+10*(np.sin(2*np.pi*np.mean(np.cos(2*np.pi*(np.array(range(1, array_x.shape[1]+1)))/6.278897570367091)/7.26577375242313-4.142647706111331*array_x*array_x, axis=1)))",0.269243925094491,0.644342402220643,0.5866575702499941,0.25848577434521014,0.3396345467798738,0.2618936406334243,0.3652939771858684,0.337729564596614,0.33068048831342695,0.27547074445314074,0.6409402845503375,0.2832573338150259
"np.mean(np.cos(2*np.pi*-(np.round(np.square(-(array_x)))*-(1.6668797654018614)+2.3868292382076484)), axis=1)",0.5744217964478111,0.3624184115446756,0.49570785991574184,0.14547874361357174,0.7611691405732439,0.5913772359388698,0.7853610839252115,0.7166814193353052,0.7108893396696278,0.6168806298943195,0.33350410358168636,0.6295091904303596
"np.mean(np.cos(2*np.pi*1/(array_x-np.cos(2*np.pi*9.903964570454503)+array_x+1.5703752691420123)/10*(1.2387651548059795+np.sqrt(abs(array_x)))), axis=1)",0.5099169571366364,0.29541295659546307,0.4971345672533862,0.17951541624389425,0.7839055332863859,0.45005983705452235,0.8414719991381853,0.6887121871947315,0.6705888467306258,0.6165026983519332,0.27839989124629094,0.6234668881028249
"np.mean(np.cos(2*np.pi*6.4589709448988035-array_x*2.7487243980346947)-8.188987310189454, axis=1)",0.2381400930919564,0.37278902573936284,0.4876328317063554,0.11405303509914784,0.6567653940285241,0.2632660972023147,0.6576167018605602,0.4297127740970682,0.44411532407601045,0.2864551169305771,0.34797092084771025,0.30215160179206835
"np.mean(np.cos(2*np.pi*array_x-np.log(abs(3.9641615334069815)))+3.0682671720738055*array_x+array_x/5.629126816423217, axis=1)",0.036841636147296845,0.9589117614711382,0.9298744638310528,0.6319595292903663,0.003538992214957531,0.035426557738094965,0.0034948717454368404,0.0020646657787314615,0.0017782183242285505,0.003677407881482944,0.9544900359323748,0.0035980231861302853
"np.mean(np.cos(2*np.pi*np.sin(2*np.pi*9.00138628392881))-array_x/2.2659969176648564-3.4363324549892678/array_x, axis=1)",0.9784756986708496,0.8360828937368855,0.9657824399423496,0.3558101802466255,0.9958171683330994,0.9786477612429983,0.9894523172900666,0.9895173442724946,0.9923769510429468,0.9799976550314274,0.7746973385778005,0.9821400015021325
"np.mean(np.cos(2*np.pi*np.sqrt(abs(7.507971868474261))*array_x+1.8354438630646785), axis=1)",0.4842504437645191,0.28306680980516963,0.4063363181360839,0.08189356469016949,0.7062192956742396,0.47506829735242256,0.7102944359114645,0.6342245438580959,0.6449281855168085,0.5398858706722202,0.30539881710467653,0.5572139192600715
"np.mean(np.cos(2*np.pi*np.sqrt(abs(9.163979642491698)))/np.cos(2*np.pi*(np.array(range(1, array_x.shape[1]+1)))*array_x-4.286373923766871/7.404551651970824), axis=1)",0.7404387815172435,0.621926276798443,0.7107344155123697,0.18685335705514916,0.8120078265005652,0.7608196455894378,0.8284547293637484,0.7913322755005611,0.8176729817600465,0.7543400362122064,0.5755540009804716,0.7644278219511108
"np.mean(np.cos(2*np.pi*np.square(3.2884279457480843-5.157160958881492-array_x*array_x+np.sin(2*np.pi*2.147047911843448)+np.log(abs(array_x+np.cos(2*np.pi*7.093766587510704))))), axis=1)",0.4623527432719689,0.3350394505832652,0.42726845316046663,0.09040884253176457,0.6631631419005906,0.4347340450075889,0.648940641016085,0.5779125691980204,0.5722894434752215,0.44906680191160964,0.33082952754017825,0.4857802321799132
"np.mean(np.cos(2*np.pi*np.square(array_x+3.886096953597829*array_x*np.round(8.019069270317644)-8.787938537828193)), axis=1)+10*(np.sin(2*np.pi*np.mean(np.cos(2*np.pi*np.square(array_x+7.919466423772682*array_x*np.round(5.704275530343171)-2.4616633440481817)), axis=1)))",0.2782871127636528,0.2515260125558749,0.2315677592505499,0.2131021291032442,0.21708231012766033,0.2860332759232761,0.2828541493668435,0.3171971435497857,0.3134824879087783,0.3758895500833049,0.26328260353805816,0.3573094473525876
"np.mean(np.cumsum(1/(np.sqrt(abs(array_x))+7.867050677547712), axis=1), axis=1)+np.sin(2*np.pi*np.mean(np.cumsum(1/(np.sqrt(abs(array_x))+4.118643432718485), axis=1), axis=1))",0.09981411225798215,0.8604617117177444,0.7343790146421632,0.20751139111782244,0.07248098709987821,0.09855233589904461,0.05938368854207896,0.10061680632808186,0.07866410509098813,0.07102258607128141,0.8389872241655398,0.08422065983743454
"np.mean(np.cumsum(2.7189406904721416+np.square(array_x)-array_x, axis=1), axis=1)",0.0541150536950637,0.4392527655820262,0.7216084868828202,0.19767865818960836,0.520409395418326,0.019511322918220952,0.5496147346935394,0.19485436706571527,0.19345712571754042,0.08697332288633261,0.3872894177308223,0.09552374160552173
"np.mean(np.cumsum(array_x-8.823212610253325+np.sqrt(abs(2.451960878711907))-1.594210568766228*np.square(array_x), axis=1), axis=1)",0.08858747056727466,0.9268919677516291,0.8240666878807165,0.342075953019881,0.06139026710781717,0.10495708614013612,0.05919068183212686,0.07204705310680275,0.08855924127440394,0.08424097054091441,0.9454030309677521,0.06539123643318528
"np.mean(np.cumsum(np.sin(2*np.pi*np.round(1.4834117498677193)*10*(6.133725142700429)+np.sin(2*np.pi*np.square((np.array(range(1, array_x.shape[1]+1)))*array_x+1.9202322436367467))/np.cumsum((np.array(range(1, array_x.shape[1]+1)))*array_x, axis=1)+1.5799951421041392), axis=1), axis=1)",0.42633828622916936,0.41658898275675904,0.5143527201596035,0.18503323746779807,0.6635438197807152,0.43907344681347416,0.6446851290604436,0.5723613048517122,0.5509426082736418,0.48450867954975146,0.39302847202216706,0.4998199317979559
"np.mean(np.cumsum(np.square(9.69383936057031)+10*(np.round(array_x)), axis=1), axis=1)",0.11049258762009191,0.9592055618509263,0.9071321854310316,0.6578987064515429,0.01008913766751564,0.08555748014967232,0.013945176235873592,0.011422716719876125,0.018342221830736513,0.016306967222851444,0.9689912313231465,0.022076731876224144
"np.mean(np.exp(-(array_x*(np.array(range(1, array_x.shape[1]+1)))/5.334009714883051))/10*(2.029685678800419-array_x+8.13693880134322+9.134990485531482), axis=1)",0.06281344504249874,0.6222732396913246,0.6795116370753425,0.2076128085468379,0.14255159437919232,0.0658027185215804,0.1674078978197845,0.10283585515759042,0.09547100757935033,0.07409888126040386,0.6084154041007058,0.08464406567899614
"np.mean(np.exp(3.5859871228819733)-1.136312158347967/array_x-8.684210613040644-7.309989427051551/1.7807744881704524+array_x, axis=1)+np.sin(2*np.pi*np.mean(np.exp(5.8626706587095265)-3.3838735443915837/array_x-8.351859947206206-7.1785614746575135/8.832180031502602+array_x, axis=1))",0.8131309017030042,0.6150284097330088,0.7339356808663067,0.31936391440235373,0.9466973878316245,0.7661138356121107,0.844353519976886,0.8574004844376641,0.8975569667353699,0.7913518200865421,0.5725305750415317,0.801742644334696
"np.mean(np.exp(6.597494962212958*10*(array_x-4.964373652121818/2.7244036947702166)), axis=1)",0.1409533749280641,0.5197259608143103,0.5187727112613909,0.2876027034030043,0.3407960516566941,0.15471367490544138,0.2811818505053113,0.23709703726757408,0.243366876054631,0.1819270231418724,0.549184848383605,0.17133657590580423
"np.mean(np.exp(8.598397880103114*array_x), axis=1)+10*(np.sin(2*np.pi*np.mean(np.exp(1.5923511251091576*array_x), axis=1)))",0.0932569398762459,0.49956354040778517,0.39483379359192333,0.026256576862346614,0.10701177953710365,0.07513142594928757,0.10446706457838183,0.06670279992332125,0.0996176378251498,0.09812585863347295,0.3762161866443367,0.07704477693484453
"np.mean(np.exp(array_x)+array_x/abs(6.544623985537305), axis=1)+10*(np.sin(2*np.pi*np.mean(np.exp(array_x)+array_x/abs(9.985121585673106), axis=1)))",0.2500385398522295,0.6543241997480759,0.6770034146491187,0.46711697052156836,0.29889270358016196,0.2950773754090764,0.30509232808027076,0.2997055478397611,0.2833002167117435,0.2898774432962021,0.6703486502203085,0.2748468691807034
"np.mean(np.exp(array_x-4.340343497896041/array_x+8.83322637826448), axis=1)",0.23813398076428943,0.4476916689289239,0.5338985059415002,0.27976800544512676,0.3416931371187715,0.2201446628567362,0.30463693456159063,0.2861499349682382,0.2741063057201818,0.22587079721587247,0.4455936211358044,0.24679925905027503
"np.mean(np.exp(np.cumsum(np.sqrt(abs(1.9354580399476808))*np.log(abs(array_x))+7.12824473118873, axis=1)), axis=1)",0.09939075084246246,0.15086177455591032,0.14549137486805205,0.07348241811350674,0.3148989256238221,0.0956584188953889,0.6913258068596003,0.1529395267800567,0.12257615199420535,0.10724538862473511,0.1388348521113626,0.13620201226969805
"np.mean(np.exp(np.log(abs(3.6906653905487645))+4.31354121212112*array_x+np.sqrt(abs(10*(array_x+4.285712242477754)))-1/(8.600328319036496)), axis=1)",0.12329652713669055,0.5255576854784328,0.4678021533234416,0.14549740923580629,0.16249068209014486,0.12046400100572686,0.167884529575724,0.1231424177605322,0.13364878905434258,0.1332584545230244,0.5213720902089514,0.1170363719127347
"np.mean(np.exp(np.sin(2*np.pi*8.392547530878332+array_x*np.cos(2*np.pi*np.sqrt(abs(array_x))))), axis=1)",0.20285564627506003,0.47153914925151896,0.5049923505206539,0.14224679096242396,0.5673078782868627,0.22338874901328404,0.6001629248482533,0.438361207147442,0.3810309709238936,0.2731356023952627,0.43681312187780796,0.29799077103752264
"np.mean(np.exp(np.sqrt(abs(array_x))+np.sqrt(abs(-(array_x)-1.627626850482585))), axis=1)",0.028561469539423855,0.5135249399294246,0.8246376240918781,0.24941620553196078,0.40636746582893984,0.015002280952655274,0.44983217272861686,0.1513191115174235,0.15565962032188052,0.07081144793737457,0.48834915414585256,0.07490761419476723
"np.mean(np.log(abs(1/(array_x-1.0986954577846482*9.284085224344643))), axis=1)",0.03609655145421656,0.9124241592634321,0.9312278904610269,0.4566473550341275,0.03004779610365561,0.03554735335718006,0.03020178524499922,0.03010170000805503,0.030019407857612684,0.030007145646611957,0.9137126882341429,0.030181972775221676
"np.mean(np.log(abs(6.445525743733522-array_x)), axis=1)",0.016764867798482727,0.9709326627711138,0.933137232528192,0.602411465103542,0.00813773482729413,0.018502682964374347,0.017556262440502547,0.003539575833629375,0.010782189144343226,0.007716662695399249,0.9558997653919653,0.018203685687464218
"np.mean(np.log(abs(7.120868532835223+array_x))-np.cos(2*np.pi*7.565579244147933), axis=1)",0.013166802858969212,0.9754858270750217,0.946830316875143,0.5893783678461482,0.00336608312687218,0.009579660382196936,0.019225017639270994,0.0013520499471377132,0.002886225167798063,0.0019536799526328084,0.9418340478031725,0.02472511227807514
"np.mean(np.log(abs(8.239175625438541-(np.array(range(1, array_x.shape[1]+1)))*array_x-(np.array(range(1, array_x.shape[1]+1)))*array_x/6.210216523104722))-7.5563590315509455, axis=1)",0.5160697582569809,0.3575028133044954,0.5909600786449064,0.28738348501333505,0.7188252978345685,0.5104428250802114,0.7677447562859482,0.659503128569721,0.6438563054200528,0.5765456976320074,0.37527540882675714,0.6038122709219724
"np.mean(np.log(abs(9.639524413777199+np.log(abs(array_x-3.08572836683972)))), axis=1)",0.5415863466198272,0.43142880388127514,0.6494752549634119,0.41287710432149166,0.6227493377417539,0.5763162650457171,0.6510495890511421,0.6402347381949819,0.6068832241697849,0.6149247548693588,0.42069897051009036,0.640695130545124
"np.mean(np.log(abs(abs(array_x/array_x*array_x)/4.221927997836458/np.sqrt(abs(2.5233156908827845+array_x*9.057743223366696)))), axis=1)",0.5936261480069036,0.15502757696164726,0.48049612145724113,0.19224386638875327,0.9116383779258154,0.5655034223911783,0.9293829248836899,0.7825949568084566,0.7854095853390465,0.7260318121443228,0.19319101156620402,0.7376045078215907
"np.mean(np.log(abs(np.cumsum(np.exp(1.160102115137284)+array_x, axis=1))), axis=1)+10*(np.sin(2*np.pi*np.mean(np.log(abs(np.cumsum(np.exp(3.05352975910861)+array_x, axis=1))), axis=1)))",0.01618472247217304,0.9550541486792347,0.840671975662794,0.4746492365570362,0.0037298383957624403,0.013924467942060523,0.004692076304517378,0.0035883639957090267,0.0035525652117597622,0.0033659937438484315,0.9582855594225225,0.007246505411219608
"np.mean(np.log(abs(np.sin(2*np.pi*array_x))), axis=1)",0.6293375012359076,0.40294153474570643,0.5326937691297041,0.17558026659711617,0.7028907823013106,0.6336838194879768,0.694975819432415,0.7171219662559303,0.6744756069600584,0.6682037433970901,0.40863831971569153,0.6406109209550784
"np.mean(np.log(abs(np.square(abs(5.728471775657067)+array_x*5.45248324115954)/5.472758230031745)), axis=1)",0.5668850221836699,0.3134296500430293,0.5373982360850238,0.28633705956692884,0.8944405099659644,0.5455981963125395,0.9006219867081188,0.7594663491874843,0.7429632242995855,0.7203103315314564,0.2980170791808463,0.7255112412486748
"np.mean(np.round(np.sqrt(abs(np.exp(array_x)))), axis=1)",0.05571156976837675,0.7255996205731955,0.8283134206460099,0.28976361787628524,0.14193623415259374,0.05581877891346505,0.13226107845708338,0.09504942426462733,0.09481827335773538,0.07393865908463272,0.724416588320576,0.08570986650663288
"np.mean(np.round(np.sqrt(abs(np.sin(2*np.pi*5.689273484299903)-(np.array(range(1, array_x.shape[1]+1))))))*4.428667921189442*np.log(abs(np.log(abs(array_x)))), axis=1)",0.5399409536695263,0.19007960031611382,0.45953400690762736,0.18096461098726732,0.8507040091299054,0.5475539522647371,0.8615248508721964,0.7514183994055752,0.7241886413697313,0.6663465685736607,0.1820022346885131,0.6875203191265102
"np.mean(np.round(np.square(np.cos(2*np.pi*np.cos(2*np.pi*array_x)/5.111060243116*array_x*5.671475674082738)))-6.326716189659314+array_x*6.605868414762467, axis=1)",0.0028057990860900217,0.9719949408661966,0.961382106680329,0.48345988885864266,0.0001571253192944842,0.003204503291970074,0.00015038634456338745,6.662024243047753e-05,8.691821147928106e-05,6.461330112898667e-05,0.9435728568724845,0.001259187953143173
"np.mean(np.sin(2*np.pi*1.7074560663413716)+array_x+array_x, axis=1)+np.sin(2*np.pi*np.mean(np.sin(2*np.pi*8.378351322665816)+array_x+array_x, axis=1))",0.5267767353945686,0.8460088420101166,0.9102061424028985,0.8220940725277301,0.15485603437227832,0.5307861365762351,0.18278334911471686,0.3734830872279726,0.32635076710502986,0.39945358236079925,0.8486028058016624,0.3401133918194111
"np.mean(np.sin(2*np.pi*2.8242805989148114)-array_x+array_x/array_x-3.694230384287094+6.072607486585562*np.square(1.236958003935502)-array_x, axis=1)+np.sin(2*np.pi*np.mean(np.sin(2*np.pi*7.213936161886555)-array_x+array_x/array_x-2.9043741665358853+2.0938934907171642*np.square(4.314141006631515)-array_x, axis=1))",0.33730328005911453,0.6345799385648287,0.7316782972681131,0.5164796598972053,0.2868388682309786,0.32721454000097444,0.28017628586591337,0.2931076004713847,0.2704714294353508,0.2756262089273235,0.6603754650572873,0.24114917732524302
"np.mean(np.sin(2*np.pi*4.395949501643614+array_x-4.245696217887075)/7.147745520208037, axis=1)",0.292205617230116,0.24144802479954108,0.4145434102790152,0.10196748820658223,0.7739865302272133,0.29985707361560276,0.8023379344799483,0.5539913554442184,0.5594343667007052,0.36094830843211484,0.25779666969881543,0.44021588591521493
"np.mean(np.sin(2*np.pi*9.732679435604753-np.sqrt(abs(1/(1.1829946476208208)/array_x)))-np.square(1.5624818633547264), axis=1)",0.051625953248383524,0.8446943147317679,0.738487505259808,0.1766451306452934,0.09074856522661248,0.05286395136010372,0.0818017331853207,0.08029121881049534,0.0751731357254947,0.057042738909545566,0.8153359792162622,0.06895387196280316
"np.mean(np.sin(2*np.pi*abs(np.square(array_x)))+3.9721554205055183-6.994254922706055, axis=1)+np.sin(2*np.pi*np.mean(np.sin(2*np.pi*abs(np.square(array_x)))+7.347985469456549-7.5139366834763885, axis=1))",0.3150872143107965,0.3503049590271633,0.25906807387814046,0.21791746168386755,0.328140768097126,0.3759183493504624,0.3747954270522297,0.3310827206811108,0.33676223235487673,0.3852536118532414,0.3356624774909772,0.2807895167201435
"np.mean(np.sin(2*np.pi*array_x*8.067535172773898), axis=1)",0.611756499999384,0.41706768292964663,0.5086192694118357,0.09246178966498961,0.7177785246863526,0.5946515076939396,0.732315601130469,0.6932483613764588,0.7084495764346286,0.6546950321834969,0.40016489183891396,0.6295198094960154
"np.mean(np.sin(2*np.pi*array_x+array_x+4.637125898759543/6.591709117584165), axis=1)",0.42872292534662937,0.3244004350867563,0.3968835807330373,0.1372164467228881,0.6054949282586042,0.44384944513978886,0.654110803526154,0.5204838794946982,0.5450653908027937,0.47837590603030217,0.31366817367243016,0.44224521768440916
"np.mean(np.sin(2*np.pi*array_x/4.337523347172133), axis=1)",0.5334030507154792,0.2758373396351353,0.4244807212334994,0.08000207505345726,0.742851795371759,0.5365387222665644,0.746853433894517,0.6843685332525397,0.670076301306046,0.5930923507233202,0.28866851808518734,0.5866372527226232
"np.mean(np.sin(2*np.pi*np.cumsum(10*(array_x*np.exp(9.918551485125091)), axis=1)), axis=1)",0.5586206292216,0.36682310098455617,0.45450761006147666,0.11268735676515014,0.6651821453936104,0.5412638091459163,0.7116546750889446,0.6839889966338951,0.6609102573630963,0.5922676613592693,0.36052109411057925,0.5878561332748057
"np.mean(np.sin(2*np.pi*np.sqrt(abs(2.494340303825516))*1/(np.exp(array_x))+8.972716351594345+array_x*5.70069281770292), axis=1)",0.5490565101949477,0.38476936251800653,0.532048507278777,0.14681461742666652,0.6517453355341236,0.5599693448015975,0.6763569015702923,0.6257167901229899,0.6481959267452686,0.5857135275738792,0.39293801687238994,0.5696524393200616
"np.mean(np.sin(2*np.pi*np.square(3.735323230289346-array_x))+1.3034955476204129/np.sqrt(abs(9.682311784410658))-array_x*4.9139341079562096, axis=1)",0.01935302062466947,0.9343057524105782,0.835073310986146,0.5287855464466023,0.0114880669171749,0.015887400473820687,0.011434303899172273,0.010324908079138577,0.010592943905307352,0.01059034346799103,0.9729052138781716,0.010357296590995413
"np.mean(np.sqrt(abs(2.024610156805905-array_x))+1.7223797472845348+array_x, axis=1)",0.04925905762234096,0.9399568927318985,0.905772333569429,0.5933790913270717,0.018694981688497533,0.046240609277227424,0.01644934534085923,0.016156429105920866,0.017199957752013436,0.019015001442237337,0.9582177270484086,0.017621664514821875
"np.mean(np.sqrt(abs(2.406857918146584-np.log(abs(array_x)))), axis=1)",0.0367392926588352,0.8649340523735467,0.6968749138857073,0.11593740145187309,0.023017828505398658,0.021225675123587587,0.031684476693820705,0.03915604517652801,0.02854763839123878,0.028484657182444653,0.8643737883617573,0.03396207335722641
"np.mean(np.sqrt(abs(3.8641345478085043))*np.round(np.square(array_x)+9.03460720412593), axis=1)",0.06506503970041612,0.2886443652204298,0.4954419582527621,0.08324022370535059,0.8556816459962794,0.0707337569311012,0.7717578948131768,0.32654253632100305,0.30406234675772925,0.17993859247173852,0.3137653835741134,0.20693531404268392
"np.mean(np.sqrt(abs(4.734034189672823+np.sin(2*np.pi*array_x)+array_x)), axis=1)",0.2666963636732986,0.9187391513594352,0.9148645762222972,0.7014215806728943,0.04950183177387538,0.2539881575859249,0.036608975368916656,0.06650860024228201,0.06032807111224787,0.09175979119009864,0.9244691140594358,0.07556195184992905
"np.mean(np.sqrt(abs(7.291478307863869))*np.sin(2*np.pi*4.613782086599052+array_x), axis=1)",0.32128583061976934,0.3972949463283532,0.5896066232281223,0.13979107573393623,0.6760879013393284,0.3308214878653157,0.6620571148248686,0.4622087195385161,0.47230256839498475,0.3921825732181359,0.3840782454380057,0.3995364337169244
"np.mean(np.sqrt(abs(np.exp(4.826141665590751+array_x)*3.0704422229418333-array_x*array_x)), axis=1)",0.020211587710317905,0.7664534147700018,0.8466135850914296,0.21806002883171693,0.10447123593702512,0.019410895585325893,0.10255549906133635,0.05336751815059084,0.058188692441885424,0.038756912318472676,0.71843888803085,0.039945966140264424
"np.mean(np.sqrt(abs(np.exp(6.062484488363957-array_x))), axis=1)+np.sin(2*np.pi*np.mean(np.sqrt(abs(np.exp(3.0134221292160923-array_x))), axis=1))",0.017653208329288093,0.7176011473225214,0.7647948028215662,0.1873418843848967,0.14230025918643935,0.01834723341565182,0.14065183669404782,0.0739742997043527,0.07178966411118638,0.051107554458154444,0.7338943148694196,0.05561832328196837
"np.mean(np.sqrt(abs(np.exp(np.square(np.square(np.cos(2*np.pi*array_x+array_x))/2.935471824252084)))), axis=1)",0.5051956832683089,0.27096966034875286,0.3879480042372402,0.08800156672653398,0.7167987338824112,0.5170411885299854,0.7070510866135673,0.6632024603665454,0.682759536868975,0.5437544336719837,0.3033702577633136,0.5576766239403226
"np.mean(np.sqrt(abs(np.log(abs(9.172530223155535/array_x/7.880225856532321+6.082315731102743)))), axis=1)",0.7997128868069607,0.47831262490113796,0.7086918526289042,0.34556260524865157,0.919270624410773,0.7820374934228316,0.8987849537261883,0.8792117316637669,0.8892348171449902,0.8140123512861084,0.5622513770659358,0.8423575059455837
"np.mean(np.sqrt(abs(np.round(array_x+np.sqrt(abs(5.336437203308219))+1/(4.774662831265418)))), axis=1)",0.3406783527805534,0.48132854591421187,0.7033362459390713,0.33728357535508485,0.5550921281679968,0.28304381961712827,0.5989973730956335,0.4560855005333685,0.46983487687668235,0.3719635088190213,0.4823345228350655,0.40555994134507606
"np.mean(np.sqrt(abs(np.sqrt(abs(7.193030614677796-array_x)))), axis=1)+10*(np.sin(2*np.pi*np.mean(np.sqrt(abs(np.sqrt(abs(4.861321056749151-array_x)))), axis=1)))",0.17612197893621417,0.613321103299598,0.6017405687863351,0.304873658288223,0.2803388616005407,0.18198377303859495,0.2749620483414479,0.22326127530788056,0.21211508496117074,0.20846286520452534,0.6082923135713802,0.2052723623355985
"np.mean(np.sqrt(abs(np.sqrt(abs(array_x+np.sqrt(abs(3.3617654562287105))))*6.1699175616287425+1.8478187204630654)), axis=1)",0.11859945770720211,0.5698604774370297,0.7166936827393322,0.2954291461778474,0.5304646395110385,0.10882473856769176,0.5694688667413312,0.3567575667051565,0.35529026447047984,0.2934819626158242,0.5543932937162805,0.3010256880065021
"np.mean(np.sqrt(abs(np.square(array_x)+np.sin(2*np.pi*np.log(abs(7.167718063950797+array_x+2.5854908104296466))))), axis=1)",0.12383294175469288,0.38942556971417625,0.48669963185157417,0.0873774047881889,0.8375946009973902,0.11886624346451008,0.89752108724817,0.4282714641937238,0.39341110739186425,0.2605967655850977,0.4193679757303025,0.27101164094972174
"np.mean(np.sqrt(abs(np.square(np.round(array_x))/np.sqrt(abs(5.617489717192876)))), axis=1)+10*(np.sin(2*np.pi*np.mean(np.sqrt(abs(np.square(np.round(array_x))/np.sqrt(abs(7.892928457460683)))), axis=1)))",0.3146017933653227,0.5130120831250441,0.5870727332926431,0.39239751010290713,0.38306280925725483,0.30670985079582835,0.3295767018996023,0.37286724546825767,0.4204845912302509,0.38759915813622425,0.5073680333495572,0.43135244840607256
"np.mean(np.square(-(array_x+4.145646536448632))-1/(np.square(array_x)), axis=1)",0.9497203930795777,0.6926666345413363,0.914547220972974,0.8680758823388892,0.9781791578109678,0.9511764373743695,0.9765465032261261,0.9645240169931014,0.9623023551064794,0.9564588491250658,0.13526484785705717,0.9592346148121096
"np.mean(np.square(3.597807359776822*array_x+np.cos(2*np.pi*4.987977796282964)+np.log(abs(3.083213975819979+np.sin(2*np.pi*5.411990457614499)+array_x))), axis=1)",0.08561532542536482,0.3169372928509174,0.6829160593519863,0.1194852447115238,0.6586497707104716,0.06174142494757831,0.6022289779639887,0.2573106246990681,0.2606824250323202,0.13284706320580467,0.3166050699425135,0.16633923751909235
"np.mean(np.square(3.725129079916067)+10*(np.sin(2*np.pi*array_x-3.432786122549338*array_x)), axis=1)",0.47421907871743935,0.27935125142519146,0.4281543545221432,0.14191695867146828,0.640750895025045,0.46897123203135477,0.6567747677088653,0.6044392830223978,0.6162890713257815,0.46563851322090216,0.3064821635738172,0.5015955743473627
"np.mean(np.square(6.033237943835892)+np.log(abs(np.sin(2*np.pi*array_x+array_x-9.87569497256942))), axis=1)",0.6158423971464135,0.34006366905125235,0.5077665653923993,0.14056729663354503,0.7951925749974825,0.6256818290645197,0.822263396397854,0.7641094723874824,0.7489167541749135,0.6552655168168883,0.31758519401408886,0.6786175512059855
"np.mean(np.square(7.206364794715288-abs(array_x)), axis=1)",0.005852469093144058,0.9468491629892754,0.7002944933685004,0.11917988590365651,0.0004926940821437008,0.007958393243005788,0.0002514015960217313,0.00048213498325385404,0.0016981314955262612,0.0008894385270672086,0.9123190724409949,9.67795453289611e-06
"np.mean(np.square(9.92549299434511)/3.7917021543732643+array_x-3.5655637258062285-np.sqrt(abs(2.0745447828920867)), axis=1)",0.010754125490629405,0.9622013389653854,0.9568797952957157,0.4719483397842568,0.00028053741875869593,0.010769397242782315,0.001197621055043511,0.009010768062301862,0.006240913031166687,0.006696981388179099,0.9618859528064572,0.0034518890729907338
"np.mean(np.square(array_x)+abs(5.963674303824963+(np.array(range(1, array_x.shape[1]+1)))/9.065450759768268)-np.square(8.028231980917976/-(np.sqrt(abs(array_x)))), axis=1)",0.8833022470652676,0.6761084674191029,0.8604281211237879,0.7537663182196945,0.9194011372212433,0.8841498825368211,0.9155995785093534,0.9084904858689993,0.9159960043810235,0.8937721848803953,0.170999663075541,0.8875557385573881
"np.mean(np.square(array_x+np.exp(8.471398388311448))*np.sin(2*np.pi*array_x*6.6473413153228815), axis=1)",0.7322764777760805,0.6242952334556664,0.7324716360777593,0.42193413697932114,0.8319975451922852,0.7745499120343406,0.8155375331392757,0.8254582417449149,0.798255781899284,0.7637815200026848,0.6694408240955398,0.7508897266461552
"np.mean(np.square(np.exp(9.269498244232299-2.6004986483646038*array_x)*1.1451150770842653), axis=1)+np.sin(2*np.pi*np.mean(np.square(np.exp(3.7989628482003797-2.206784280413149*array_x)*5.395447583028607), axis=1))",0.011286159312219317,0.315509487573193,0.16186752755486228,0.06378726694761969,0.014485738370557517,0.013348782401162067,0.02580454664100916,0.010343620770656495,0.009560861434649485,0.009522958207613435,0.9128748537124494,0.008278327312243924
"np.mean(np.square(np.log(abs(array_x))), axis=1)",0.15369133913145316,0.35160430372524587,0.512636428890628,0.18725215574769902,0.4444398801729871,0.15257695482005593,0.5252899159311785,0.2818855961470264,0.28219065830435064,0.1957506141890356,0.3504625611911532,0.2029821610305474
"np.mean(np.square(np.log(abs(array_x))+6.947695127509345), axis=1)",0.2827404705287064,0.22430911879007526,0.4640261793173687,0.2585460652418996,0.8779067055528439,0.2653756741044143,0.8849779661757395,0.6302814085898523,0.6210059361558923,0.5285431671529796,0.30749726406026684,0.5342883631133897
"np.mean(np.square(np.round(3.4676295457674193))*4.753128335575191-array_x+5.550735435926079, axis=1)+10*(np.sin(2*np.pi*np.mean(np.square(np.round(8.058230321110177))*2.7081651127758732-array_x+3.4424786484201277, axis=1)))",0.6636943696915941,0.8031497195345777,0.774031365873381,0.7929103880034263,0.28632685234498007,0.6209649523728551,0.17585051097108695,0.33297402540376075,0.46431232994666244,0.6748539677156481,0.7092289580245758,0.6885793686956059
"np.mean(np.square(np.sin(2*np.pi*2.015693290963103/array_x))/np.square(array_x)*5.470540908801899+array_x, axis=1)+np.sin(2*np.pi*np.mean(np.square(np.sin(2*np.pi*4.559658397176111/array_x))/np.square(array_x)*1.4282411674022657+array_x, axis=1))",0.3451968650729579,0.5662161508956718,0.6117577826566177,0.35217956804102085,0.3787561365699852,0.2973529543613147,0.43456978254873024,0.39348523187864015,0.3885224082938003,0.32540136987321383,0.4987157718707561,0.35405626696676507
"np.mean(np.square(np.square(np.round(np.exp(array_x*array_x))))-2.3761178210112153, axis=1)",0.1405320136230157,0.4724428464799685,0.8066446637449652,0.24833378610014104,0.37068416494046486,0.14746368193316436,0.30964881102950786,0.27419066534164466,0.24431316595562969,0.1697328287535421,0.45373038372817626,0.19776711631934227
"np.prod(np.cos(2*np.pi*7.081979839517869)-array_x, axis=1)+10*(np.sin(2*np.pi*np.prod(np.cos(2*np.pi*9.269949233215861)-array_x, axis=1)))",0.34542998641112166,0.9014614284154796,0.934937511679892,0.5659679551537199,0.33107513451628606,0.35365895593240537,0.30351706451788113,0.33763678650198775,0.35563478246044283,0.3787966995706544,0.856942905308019,0.364776328252474
"np.prod(np.exp(array_x)/7.691468944268301, axis=1)+np.sin(2*np.pi*np.prod(np.exp(array_x)/1.0814478338247078, axis=1))",0.2934005638050299,0.24526565820734883,0.3092069746220681,0.1343173829461469,0.45890834366229766,0.28811584257477635,0.4974274677646175,0.3781395745656911,0.4240578309682894,0.3123469275519834,0.20921267942972768,0.3232244350422499
"np.prod(np.sin(2*np.pi*2.323811137473311)/7.694972573508683-array_x, axis=1)+10*(np.sin(2*np.pi*np.prod(np.sin(2*np.pi*5.753510782105485)/3.9580812583988245-array_x, axis=1)))",0.27338270345159127,0.9144395442099444,0.9294712540417581,0.44199239852493727,0.2941125665292364,0.27377288596705435,0.2582852962874871,0.28125149487524637,0.2917839491224851,0.3201613471366192,0.8763885810809048,0.29814146921430806
"np.prod(np.sin(2*np.pi*array_x)-9.496162631862804, axis=1)",0.33093013284493394,0.20257283403507087,0.2840581525540797,0.10116602057351796,0.5529017471264321,0.33829240044181375,0.5948708613048911,0.5012080331113626,0.46953651306622357,0.4027514218122073,0.21805319566466938,0.3984763707548634
"np.round(np.mean(-(np.cumsum(5.3958119416887955*-(10*(array_x))*-(array_x), axis=1)), axis=1))",0.03631271022415211,0.9245325037416221,0.8186068182546714,0.32370215470972746,0.031132520164096192,0.04725573305663788,0.017699290449372577,0.031127768601140183,0.03552520781746938,0.03334071835039568,0.9810098380690137,0.015042364995318995
"np.round(np.mean(10*(1.0806968668060188+array_x), axis=1))",0.020754044410537888,0.9741278313848122,0.9287235786916587,0.5714402399005494,0.003302958267908139,0.023709219300769382,0.0034155957552755214,0.004491932282558563,0.00656437021196542,0.005099696205110898,0.9705537364112642,0.008602484838288514
"np.round(np.mean(abs(4.13874452349282)*np.cos(2*np.pi*np.square(np.sin(2*np.pi*7.538241483319201+array_x)*3.5034356348088442)), axis=1))",0.6223393603920524,0.4208793586017991,0.6583586827419792,0.28408879371845847,0.6452094698150151,0.4217450995472572,0.6643327407914057,0.6640832098990908,0.6334209076730631,0.6650735732829283,0.5428702934628744,0.6464583288922399
"np.round(np.mean(array_x-4.012325838270506/7.532354488166677+np.sin(2*np.pi*5.016764506901365)+array_x+6.590437908805437+array_x+9.67837156682177-np.sqrt(abs(5.672585454243954)), axis=1))",0.12982638003472682,0.9618201081313046,0.9537898044035162,0.737189578977115,0.01341545573088838,0.12545927203992305,0.007834067727132873,0.03201273281009511,0.034890707422796916,0.04962360571938491,0.9757959830761004,0.03458701667479178
"np.round(np.mean(np.log(abs(6.933227434017013*array_x)), axis=1))",0.2799503332854841,0.25398784720044854,0.28457007801999723,0.2609113696226326,0.7336123811584646,0.5347608470905626,0.7604386242505415,0.5103570973414079,0.5293638265874233,0.26369729685793664,0.49447604965988357,0.5530158002863991
"np.round(np.mean(np.sin(2*np.pi*array_x+np.cos(2*np.pi*array_x))+np.cumsum(np.square(array_x/np.cos(2*np.pi*5.55162539518924))*np.log(abs(8.305514369417871)), axis=1), axis=1))",0.0209750705986702,0.3369133768286069,0.5370308767787687,0.15726159330247347,0.5168818728342616,0.01755439459263977,0.5522377156695885,0.14493882467594854,0.13840768289017194,0.0606577911264557,0.25359467190849394,0.07323685179744371
"np.round(np.mean(np.sqrt(abs((np.array(range(1, array_x.shape[1]+1)))*3.677185299221734))-array_x, axis=1))",0.8165009189719653,0.982136777835832,0.975887095350499,0.9707755741653895,0.17495141521206353,0.7124704577585925,0.025892112012600207,0.4404020191877063,0.45551806413255586,0.6836610180230891,0.9804874902290227,0.5532215213863232
"np.round(np.prod(np.exp(array_x)*array_x-5.58131523915639-7.298508061033331/7.602028208989658+3.0372011544677324, axis=1))-9.526280782891744+10*(np.sin(2*np.pi*np.round(np.prod(np.exp(array_x)*array_x-2.796913108413958-1.2499727892194483/1.8443950491411045+2.2733375597150394, axis=1))-9.055640824996802))",0.5065972098615696,0.8251275800253705,0.8514037195943155,0.6154821339054645,0.42467476106831237,0.5019326048305341,0.4331732427555474,0.42901242136087114,0.4714833586225413,0.5035335965785254,0.7738871680038695,0.4993634168360244
"np.round(np.prod(np.log(abs(5.588383081020607+array_x)), axis=1)-np.square(np.mean(6.23312604824885-np.sqrt(abs(array_x)), axis=1)))",0.1738294104125165,0.43099836104129224,0.40567998754254775,0.24785523188761893,0.25048901851466465,0.18830716783629348,0.20682103059838255,0.22201409260597432,0.1859059422129946,0.16650543732371023,0.4252462124389386,0.2279525103602574
"np.round(np.sqrt(abs(2.1328625389422102))*np.mean(array_x, axis=1)/10*(2.155986546735253))",0.4024629874881442,0.7571111947630105,0.8702230630954421,0.7178962988676574,0.5083041025722018,0.3737943911326744,0.42698032112834183,0.6120295850772123,0.6110992429683937,0.6902411534256604,0.7043357713527949,0.6756653816378388
"np.round(np.sqrt(abs(np.mean(np.round(np.log(abs(array_x+8.898360407086134)))+4.52629062167447, axis=1))))",0.3045222214603988,0.8861693717163868,0.9169356451784829,0.8580730946936015,0.29914036034943375,0.29270515908708405,0.1674978681836215,0.4393731690585833,0.46730805038698287,0.5314903262071292,0.7124250725766922,0.5029903967804856
"np.round(np.sqrt(abs(np.prod(np.sqrt(abs(np.sqrt(abs(7.3206420171132995))+array_x)), axis=1))))",0.38094578584525196,0.6501074974407731,0.6630738072107053,0.5002441682547473,0.32444565897996597,0.3748044192597794,0.3320946052390514,0.33465701134850306,0.34202150547122606,0.3423475510969045,0.6541645578935761,0.33163336595763754
"np.round(np.sum(1/(4.382254549330462)+1.1524852164355412/10*(array_x), axis=1))",0.7360050034436573,0.9797599576751544,0.9710989894299622,0.9620704782060262,0.1697890269958986,0.6475161362628253,0.0467984012196173,0.3718108854975563,0.42947471548971705,0.5743289048347279,0.9807244077914887,0.47939923646192173
"np.round(np.sum(array_x, axis=1)-4.318721168841231)+10*(np.sin(2*np.pi*np.round(np.sum(array_x, axis=1)-1.749181372560772)))",0.024955718150508056,0.9574717870043409,0.9349560545123746,0.5606914716362629,0.01330892877626709,0.026313582036178045,0.01479442708029191,0.011781457470801993,0.01251886312812255,0.012008363396086956,0.9603294459713083,0.014678009195832665
"np.round(np.sum(np.sqrt(abs(np.exp(array_x))), axis=1))",0.07965838088712682,0.6686631007566511,0.858712537170939,0.24725791516264553,0.17882303649325643,0.08056420140432057,0.1787652681404606,0.1242353429633876,0.13120989918761994,0.10311025702240037,0.6419457091596946,0.11874395810089196
"np.sin(2*np.pi*-(10*(abs(np.sin(2*np.pi*np.log(abs(2.828701422422858))/np.mean(array_x, axis=1))))))",0.3647625104299881,0.30838424182031793,0.3174209017350844,0.19472658025337078,0.4251713681426331,0.3754905401334434,0.4918679096158192,0.36729243699068626,0.43673730968617713,0.3696324117034206,0.27191531654910217,0.40226871483491017
"np.sin(2*np.pi*np.amax(2.6635786705483713+np.round(6.075448913826763)*array_x-array_x, axis=1))",0.2082129589993132,0.10436360056580109,0.11228612645462321,0.09679493726339312,0.18591674009654266,0.14059270984181432,0.24071579538316404,0.16259683911675002,0.1848525071204137,0.18550825411884084,0.1196184219146186,0.16207173030961908
"np.sin(2*np.pi*np.sqrt(abs(7.419886660558189))+np.square(np.sum(array_x, axis=1)+4.241585731473694))+np.sin(2*np.pi*np.sin(2*np.pi*np.sqrt(abs(5.98047319305419))+np.square(np.sum(array_x, axis=1)+5.964166406746638)))",0.43103621892745475,0.30212038694601573,0.3488068104208204,0.15928844726431676,0.5621620715253939,0.4389963804159001,0.5672069194192981,0.511244204857062,0.5613085039033033,0.43350236968511446,0.2831275452660373,0.4766175065125921
"np.sqrt(abs(10*(np.amax(array_x, axis=1))))",0.14835895045721545,0.3102555935248199,0.3640411549176105,0.23297568033001814,0.5491125477169007,0.1591847832482708,0.5811840366890714,0.27040235339277446,0.35334329561843014,0.2285346493166234,0.3308808076003,0.21939202113031953
"np.sqrt(abs(np.mean(1.9197524516537863+np.log(abs(7.29750952550196))/(np.array(range(1, array_x.shape[1]+1)))*array_x, axis=1)))",0.06376577995797417,0.9269620043167309,0.8744641990514793,0.5252666978794032,0.020989561869711057,0.05695347231272427,0.021043426691852423,0.013968836352577483,0.026993488633833086,0.02144789145883108,0.9462795726440274,0.018483094530570614
"np.sqrt(abs(np.mean(np.cos(2*np.pi*np.sqrt(abs(array_x))), axis=1)))+np.sin(2*np.pi*np.sqrt(abs(np.mean(np.cos(2*np.pi*np.sqrt(abs(array_x))), axis=1))))",0.43391694961127514,0.6254767399907594,0.5731961844455551,0.5077218630478129,0.3829626726475336,0.4805523053383154,0.3594121156953926,0.44914331588210643,0.4478014866650868,0.42012319262323145,0.6050387503061482,0.4497343066379582
"np.sqrt(abs(np.sum(np.cos(2*np.pi*2.417083119445839+np.sqrt(abs(np.sqrt(abs(3.8951816260577465))-array_x)))-np.sqrt(abs(1.5928156028902225)), axis=1)))",0.13445852241957473,0.9404826524234049,0.9077260680663847,0.5418521309290539,0.10134785751101973,0.17080459978525256,0.12532414911217657,0.08758775231174566,0.09673001111101008,0.12976687191537367,0.9406142847213645,0.11318325079883261
"np.sqrt(abs(np.sum(np.square(array_x)-np.sqrt(abs(1/(np.sqrt(abs(np.sqrt(abs(3.8263487325093544))))))), axis=1)))+np.sin(2*np.pi*np.sqrt(abs(np.sum(np.square(array_x)-np.sqrt(abs(1/(np.sqrt(abs(np.sqrt(abs(8.881551628971994))))))), axis=1))))",0.1798970482501833,0.3323623708467203,0.4330792640799593,0.13765435515991417,0.807880721402662,0.14960619631986272,0.856816163562171,0.48753340694831954,0.4942337043660538,0.38099263067169675,0.38234677698135505,0.3685898597589459
"np.square(np.mean(10*(10*(np.cos(2*np.pi*3.793758204338771-array_x)*9.68337592050715/np.square(np.log(abs(array_x-2.575365368433201))))), axis=1))",0.222411107413548,0.3999597207801828,0.4656834785251875,0.19869209953064512,0.360702372362947,0.21391359694486387,0.3725596814088546,0.30316855130378395,0.2875633527296332,0.2819340075497876,0.4251966237978238,0.3070589306472072
"np.square(np.sum(array_x, axis=1)+8.831356440973977)",0.07144246909320903,0.1113448743887203,0.10840547170985944,0.06677900600500823,0.3139609564967627,0.08946246295421416,0.22394203000081997,0.20766562376111244,0.12989149319330373,0.05920016638362067,0.12132294997681375,0.09476011363366242
"np.square(np.sum(np.cos(2*np.pi*np.cumsum(array_x, axis=1))+5.074303098809911, axis=1))",0.48290453981241505,0.32120058450553723,0.45151584745473505,0.09928447253743315,0.6317186321908346,0.48837902611396755,0.6508051704477253,0.6102686770327326,0.6065734664266308,0.5080146169430632,0.3092673327192573,0.5075879664735151
"np.sum(np.cos(2*np.pi*6.41409195189484)/abs(array_x)-4.028615657132859+6.33083173437248/array_x-(np.array(range(1, array_x.shape[1]+1))), axis=1)",0.9917244513146202,0.83307153710083,0.9706361972433991,0.32795631453779817,0.9982682288785082,0.9916935733538211,0.9993356594101417,0.99690023520432,0.997329859415738,0.9934776781945771,0.8852403419083005,0.9932544418813394
"np.sum(np.exp(np.cumsum(array_x, axis=1)), axis=1)",0.05592612458283775,0.422895908998383,0.507495596734591,0.11923929355951028,0.07538607831057875,0.05980163746965048,0.12433796521072757,0.05776650754086802,0.05596137542883903,0.07442941158479605,0.5204099598342949,0.07243557512351156
"np.sum(np.log(abs(np.sin(2*np.pi*array_x))), axis=1)+np.sin(2*np.pi*np.sum(np.log(abs(np.sin(2*np.pi*array_x))), axis=1))",0.6037376698167952,0.38330703343883377,0.513778565034706,0.14341611923541966,0.7149288535976431,0.6253982340932414,0.7135634094504799,0.7143326223581576,0.688825284012761,0.6457216368855967,0.4112461094206033,0.658293005703642
"np.sum(np.sin(2*np.pi*np.exp(1.734000705453397+array_x*4.7866634881816115-array_x+4.064020776232699)), axis=1)",0.5907698590425019,0.36110669698684505,0.5213589846247628,0.14087598828224748,0.7940370245784442,0.5906402960851207,0.8231714757671752,0.7437304177130261,0.7559862143074958,0.6494865194412975,0.37745562341129885,0.6578179971555711
